/******pagerank_block_result******/ 
nodeID	PageRank
286	0.000198008372596574
3473	0.000195795721465143
4951	0.000192496883849436
3890	0.000191063728089024
7365	0.000188957713567170
6359	0.000187608956872716
4352	0.000182000449034379
7032	0.000181473362192505
7541	0.000181024192131134
3699	0.000180469106018898
4877	0.000178516630486008
3242	0.000176686050259689
6503	0.000175760106750795
4221	0.000174949319689668
7293	0.000174253365318837
2276	0.000173977491898353
1189	0.000173966144318136
1441	0.000171575097361627
1866	0.000170762923173431
8602	0.000170299976508160
5012	0.000170299162330690
2342	0.000170165137200011
4660	0.000169563985624163
7353	0.000168946524483619
1237	0.000168850865543981
257	0.000168841126329852
8036	0.000168707945864728
8314	0.000168707015826116
7633	0.000168605960898746
2797	0.000168466360946845
6901	0.000167748185725457
5303	0.000167534044388053
9602	0.000167487098842752
7451	0.000167416582243528
2289	0.000167172300762856
6579	0.000166457832098127
1522	0.000166448595325624
7833	0.000166165802320036
7036	0.000165959381693385
3916	0.000165910412507998
1312	0.000165717927896989
2026	0.000165294670829845
8754	0.000165132258477951
9559	0.000164833715490486
3279	0.000164772884257548
4384	0.000164741332743543
5553	0.000164644927142689
248	0.000164552131609309
2568	0.000164456153647782
1279	0.000164440909631060
3683	0.000163650964458886
1169	0.000163546510686463
7016	0.000163263649349036
6180	0.000163199105030560
8914	0.000163118799184203
7846	0.000163104210446007
7497	0.000162859718833993
5798	0.000162421014330484
6898	0.000162408556655074
2730	0.000162156520322033
6655	0.000162153499406140
1890	0.000162134233504235
8065	0.000162111203651049
9287	0.000161958858778933
5421	0.000161608950553169
9367	0.000161412922039929
6500	0.000161323270906076
517	0.000161285891072997
8561	0.000161257525886121
4240	0.000161190652727127
5568	0.000160647126323759
3545	0.000160447005019332
8550	0.000160390109918672
200	0.000160292743706560
9747	0.000159999363766814
2645	0.000159764319075729
3145	0.000159720005081721
1490	0.000159628611027164
9043	0.000159492076586799
614	0.000159491967391777
8517	0.000159481365641960
1340	0.000159464437969062
70	0.000159134861405437
1798	0.000159084746753883
7220	0.000158796164625621
348	0.000158795532785701
1042	0.000158533594435099
7854	0.000157813772107961
9910	0.000157797073434750
8278	0.000157785147382488
472	0.000157644222580032
6158	0.000157621991185992
3340	0.000157541917082328
226	0.000157535684517588
6030	0.000157504726601963
1493	0.000157373887151023
8937	0.000157245472845490
9520	0.000157179960642645
3483	0.000156986280486154
2794	0.000156879325928754
