1|20
260  71
1927  71
804  73
3  70
1009  73
2406  72
1587  70
3671  70
2617  71
3053  71
2571  71
1222  71
2137  72
1377  70
2395  71
2761  70
2641  70
2872  71
1258  71
2700  72
2|6
333  70
122882  69
71535  69
46970  68
58559  70
80489  70
3|8
5764  70
647  69
6835  70
5919  71
2851  68
2288  71
5048  69
4518  70
4|20
106  70
1291  71
3408  69
265  71
52  69
4347  70
2467  70
908  69
345  71
1304  70
1923  70
2959  70
368  70
1219  70
4765  70
1199  70
4166  70
1732  71
21  70
2858  70
5|9
515  69
1  70
364  71
608  70
290  70
261  70
34  70
318  70
21  70
6|20
349  70
318  70
775  70
141  70
348  70
104  69
327  69
410  70
165  69
87  68
366  69
17  70
1084  70
222  70
16  70
416  69
277  69
460  69
867  67
316  70
7|20
8528  69
3623  68
8636  70
8360  69
1517  71
466  70
8373  69
1220  70
7155  69
8808  70
6863  70
31878  70
1610  71
1219  70
4700  69
45668  70
8970  70
27741  69
6333  69
8865  68
8|10
356  71
47  71
231  70
318  70
454  69
292  71
32  70
141  70
380  71
252  69
9|10
5451  69
923  70
5890  70
2901  68
922  70
6044  70
1987  70
5378  69
3735  71
5447  70
10|20
597  70
33679  69
8533  70
8969  68
72720  70
88810  70
136020  69
6377  70
5943  68
109374  71
113394  70
61250  68
82167  69
140110  70
5377  70
77841  70
6942  70
1028  70
72330  70
66203  70
11|13
733  71
1584  69
1210  70
170  70
1438  69
648  70
1918  70
493  70
10  71
457  72
1693  69
150  69
1923  70
12|7
2717  69
2100  69
838  70
2072  70
1876  69
2581  69
6942  70
13|7
3717  69
3624  70
3798  69
2174  70
47  71
3893  69
305  70
14|10
344  70
477  70
110  71
540  69
597  70
153  69
592  70
4  69
539  70
105  70
15|20
91529  70
7438  71
111759  70
2329  71
1  70
1909  69
1240  69
115713  70
1200  69
293  69
2571  71
3949  70
120466  70
1198  71
2028  71
2011  71
158  69
160980  70
4306  69
4022  69
16|20
1230  70
78499  70
913  70
1136  71
1299  71
1617  71
1203  72
3429  71
2858  70
608  70
3683  70
4002  70
1199  70
912  69
2707  69
5782  70
1260  70
319  70
27773  70
2109  70
17|20
260  71
64839  69
296  71
5952  70
527  70
1193  71
3681  70
1240  69
2717  69
2858  70
1093  69
81932  69
5618  71
50  70
5971  71
2959  70
1201  71
541  70
82459  69
1  70
18|20
8117  70
65596  70
88094  70
145283  70
157110  70
166015  70
171023  70
103253  70
60684  70
44199  69
2  70
86628  71
59784  69
2918  71
109374  71
4226  71
53129  71
139385  70
47  71
1291  71
19|20
3692  70
3662  70
54  68
2733  69
1702  70
1240  69
1270  68
3712  70
1881  70
216  69
3  70
1834  71
2184  70
3017  69
2044  69
2354  69
2005  70
3146  68
3387  68
2694  69
20|20
1566  70
5419  69
4014  70
2140  70
586  70
661  71
3189  68
5014  71
1333  71
4161  70
3784  69
1030  70
5313  69
2804  70
2054  70
34  69
1097  70
6358  70
4519  69
1722  69
21|20
107013  70
117922  70
140301  70
57640  71
2985  70
2990  69
2717  69
5418  69
31433  70
112175  70
7153  71
30793  69
4446  70
52973  70
45186  70
2023  69
79185  70
1721  69
102125  69
5459  69
22|20
8961  70
2723  71
60950  70
64575  69
1193  71
70286  69
4993  70
2160  70
39183  69
7147  70
3996  69
3481  70
55765  69
48780  70
7361  71
51540  70
6711  69
2968  70
3949  70
48394  69
23|20
6234  70
3996  69
293  69
1206  71
1136  71
1960  69
7587  70
3424  71
3181  70
2467  70
1248  70
1617  71
6807  69
1952  71
6440  70
1258  71
1243  69
1080  71
8228  70
1711  69
24|20
1784  69
2617  70
111759  71
134853  69
58998  70
1265  70
1198  71
3147  71
1197  71
1220  70
2424  70
5418  69
72011  70
54286  70
27773  70
64957  69
356  71
44191  71
1682  70
68358  70
25|6
58559  70
60069  72
74458  70
79132  71
527  70
260  71
26|21
10  71
34  70
47  71
150  69
153  69
165  69
185  70
208  70
225  69
288  68
296  71
300  70
344  70
349  70
356  71
380  71
434  69
454  69
457  72
592  70
593  71
27|20
1196  70
2478  69
2640  71
3508  71
3555  69
1201  71
3519  68
969  70
2080  69
673  69
2886  69
2529  70
1387  71
1101  70
1947  69
1250  70
1276  70
3114  70
1083  70
3809  71
28|20
27450  70
60943  70
61011  70
63033  70
5617  70
59369  69
60046  70
507  69
3300  71
55094  71
59018  70
26695  70
2951  70
3006  69
2231  68
5418  69
26812  69
2058  69
353  69
61167  70
29|17
98961  69
7379  70
1250  70
1201  71
111362  69
48516  71
1100  69
26554  70
3441  71
4327  69
2872  70
2301  70
1617  71
3681  70
55820  70
4223  69
99114  70
30|7
5952  70
108932  69
1200  69
91529  70
116823  69
112852  70
1198  72
31|10
1198  72
1200  69
648  70
1363  69
1073  70
1036  70
1197  71
377  70
1246  70
1270  69
32|20
236  70
314  70
1356  69
357  70
224  70
627  70
1079  71
1084  70
318  70
761  68
1197  71
849  70
912  69
880  69
1198  72
58  70
203  71
608  70
497  70
410  70
33|20
110  71
17  69
2396  71
2272  70
448  70
428  69
265  71
1280  70
1177  70
1617  72
50  70
261  70
11  69
452  69
345  71
608  70
150  68
1188  70
800  71
2690  69
34|18
780  70
2273  69
3717  69
26606  70
45499  70
3996  69
4310  68
3624  70
31685  69
1721  69
5146  69
7090  71
70  70
2006  69
3000  70
4306  69
27728  68
3997  68
35|5
11  69
185  70
595  70
21  70
300  70
36|12
5171  69
3066  70
552  69
4025  68
1262  70
2735  69
2359  70
1372  69
1278  70
2194  70
3347  70
1704  71
37|5
344  70
356  71
661  71
329  69
457  72
38|16
434  69
39  69
223  71
161  70
246  70
168  69
273  70
480  70
356  71
457  72
364  71
50  70
500  71
300  70
551  70
21  70
39|20
2571  71
2391  69
1921  70
1862  69
1219  70
1907  70
2081  70
2459  70
924  70
2529  70
1729  69
47  71
260  71
2080  69
592  70
296  71
3213  71
610  71
589  70
596  70
40|20
440  69
454  69
588  69
339  69
158  69
432  69
431  69
186  68
616  70
514  68
21  70
592  70
1  70
223  71
585  69
216  69
104  69
371  70
111  71
267  69
41|20
96829  69
64839  69
122882  69
6287  68
1569  70
106920  69
86781  69
3160  70
1721  69
2028  71
6763  68
5418  69
53519  69
122904  70
55247  69
924  70
4011  70
2324  71
35836  70
5995  70
42|20
3869  70
4654  69
1021  68
2423  70
3248  69
4477  69
2500  68
1431  68
195  71
3326  72
2407  70
1090  70
2735  69
3693  69
1020  68
4545  69
4132  68
2263  70
3535  70
2805  69
43|20
225  69
296  71
596  70
588  69
587  69
420  69
158  69
631  70
5  69
597  70
168  69
355  69
47  71
367  69
519  69
594  70
236  70
1  70
60  70
259  70
44|10
36  70
663  68
12  68
661  71
94  70
1  70
104  69
112  70
494  69
889  70
45|20
2718  69
1036  70
2028  71
1653  70
1682  70
2396  71
3249  69
261  71
4308  69
329  69
1367  70
2890  71
593  71
1127  71
2431  69
6377  70
569  70
1197  71
1060  70
2858  70
46|9
590  70
588  69
315  69
208  70
1  70
432  69
225  69
434  69
339  69
47|20
508  70
68932  70
72395  70
2420  70
597  70
148626  69
5989  70
96588  69
69122  69
6155  68
4975  70
30749  70
106100  70
45950  70
2028  71
4018  70
1259  70
6373  70
33166  70
2407  70
48|7
4886  70
1320  69
1527  71
1193  71
3793  70
48  70
1653  70
49|5
2028  71
1214  71
139385  70
318  70
527  70
50|20
8143  70
114335  70
136564  70
142074  70
171759  70
175693  70
179073  70
175707  70
71264  71
82848  70
1377  70
44555  70
8157  70
6807  69
95543  69
8253  70
96610  69
924  70
32875  70
4896  70
51|20
7040  70
5620  69
2613  69
4437  70
2023  69
1500  70
522  71
858  71
4508  69
2951  70
1014  70
1407  70
2282  70
2420  70
3388  69
260  71
3186  69
3994  69
3501  69
2371  69
52|20
152081  71
51255  71
74458  70
1923  70
7438  71
40583  70
59784  69
55765  69
112852  70
86892  70
55363  70
112138  70
49272  69
52245  68
69481  69
50794  69
1704  71
54736  69
44665  70
47200  69
53|5
481  69
1100  69
249  69
1125  70
916  70
54|7
296  71
593  71
639  71
1  70
205  69
161  70
500  71
55|5
2407  69
673  68
3275  70
2890  71
4011  69
56|10
786  70
253  70
165  69
110  71
589  70
370  69
434  69
410  70
69  69
185  70
57|20
2140  70
942  71
920  68
3175  70
1784  69
3429  70
933  70
1193  71
3446  70
160  69
1499  68
2640  71
892  69
11  69
2947  70
6  71
2478  69
2291  70
1688  69
2301  70
58|20
588  69
282  69
185  70
419  69
367  69
277  69
48  70
280  70
337  70
345  71
3  70
357  70
527  70
587  69
218  70
500  71
508  70
368  70
364  71
353  69
59|20
1696  70
6460  71
3489  69
1188  70
1222  71
2076  70
3448  70
1263  70
1247  70
527  70
1244  71
904  71
903  70
965  70
2616  70
1953  70
608  70
105  71
912  70
3471  71
60|5
832  69
58559  70
805  70
455  69
858  71
61|8
266  70
1101  70
7438  71
173  69
555  69
2012  70
4878  71
3949  70
62|20
99114  70
176371  69
3793  70
56757  69
73017  69
30793  70
179819  68
68554  70
185135  71
168248  71
5903  70
4878  71
2028  71
5502  70
6058  69
344  70
1721  69
45499  70
41566  69
78105  69
63|20
5669  71
4246  70
48780  70
500  71
6016  70
31658  70
2858  70
64285  71
85414  70
1221  71
106696  70
4963  70
50  70
1097  70
260  71
110  71
1222  70
4979  69
5952  69
77561  71
64|20
5878  69
3101  70
2640  71
2959  70
8784  69
2054  70
4239  71
4025  68
5026  69
40819  70
266  70
2699  69
27266  71
3969  69
1805  69
6296  68
4776  70
3148  69
4262  69
356  71
65|7
1246  70
33660  71
7458  69
2329  71
4993  70
91542  68
3147  71
66|20
593  71
47  71
5418  69
922  70
2139  70
2956  70
3745  70
1956  72
4581  70
5349  70
1210  70
1094  70
2001  70
380  71
6539  70
671  70
1  70
6378  70
7766  70
296  71
67|8
99114  70
4306  69
27193  69
79132  71
60069  71
2012  70
4886  70
4993  70
68|20
47978  70
95218  70
6534  70
48696  70
67267  69
30825  70
1799  70
3556  69
8622  70
4351  70
63113  70
58295  70
7151  69
2413  69
6287  69
653  70
41566  69
5541  69
260  71
48043  70
69|10
4370  70
4848  70
3671  71
2476  70
1193  71
356  71
553  71
4022  69
260  71
3994  69
70|13
1193  71
1097  70
1914  70
1269  71
4995  71
318  70
8949  69
1968  70
1210  70
89492  69
1250  70
1235  70
2366  70
71|7
494  69
647  69
736  69
95  69
733  71
589  70
7  68
72|9
1047  69
150  69
858  71
2490  69
1357  70
260  71
50  70
1198  72
1196  70
73|20
1193  71
45720  70
105037  69
6333  69
59315  70
76293  70
138204  71
2706  70
152081  71
45221  68
68135  70
150  69
8376  71
93510  71
59784  69
116823  69
106072  68
1682  70
52245  68
35836  70
74|20
31522  70
2594  70
2908  70
30749  71
6870  71
3006  69
52281  69
49772  70
55118  70
2997  70
6305  70
608  70
4546  69
41863  70
27773  71
6001  71
1251  71
6552  71
46976  70
44555  70
75|14
5445  71
1240  69
5952  69
2193  70
6870  71
2529  70
168  69
541  70
3176  71
1962  70
2078  70
1889  69
1266  70
1374  71
76|20
48877  69
5956  70
2918  70
58803  70
1247  69
74458  70
7669  70
79132  70
8957  70
858  70
55820  70
1258  71
63436  69
1201  71
1208  70
48  70
288  68
34405  71
1  70
1196  70
77|6
3996  69
4973  69
7361  72
8636  70
3578  70
33794  71
78|13
296  71
165  69
3809  70
589  70
546  69
27904  70
260  71
590  70
480  70
68791  69
344  70
44974  70
380  71
79|13
3266  72
3029  70
589  70
1916  70
307  71
4005  69
260  71
1189  71
1345  70
2000  69
1374  71
2659  70
2076  70
80|20
7445  69
96691  71
84189  70
91630  69
49530  69
8950  70
6539  70
4223  69
5630  69
3527  70
76251  70
80363  69
52604  70
6502  70
34048  69
1221  71
60684  70
6952  70
5989  70
77561  71
81|26
10  71
32  70
47  71
110  71
150  69
153  69
161  70
165  69
208  70
231  70
288  68
296  71
316  70
318  70
329  69
344  70
356  71
364  71
367  69
377  70
380  71
457  72
480  70
588  69
589  70
592  70
82|20
6886  70
2381  69
2378  69
6566  70
368  70
6536  70
3253  69
4310  68
1608  69
1372  70
145  69
356  71
6708  70
1485  69
4369  69
6564  69
6888  68
5803  67
4015  69
364  71
83|20
56367  69
7143  70
7323  69
6539  70
161  70
586  70
2115  70
1270  69
6874  70
2324  71
1537  70
7153  71
68954  69
48774  70
30749  70
8014  71
1222  70
3753  70
1223  69
64983  69
84|20
55  70
987  70
912  69
1096  70
420  69
1227  70
113  69
580  70
5060  70
1293  70
900  70
1097  70
62  69
368  70
1305  70
1247  70
1296  69
11  69
1073  71
1094  70
85|7
1519  70
1624  70
1140  70
1694  69
1643  71
1747  70
1635  69
86|14
4993  70
4310  68
6947  70
2411  70
457  72
5418  69
3996  69
4901  69
1835  69
33794  71
1196  70
3555  69
1097  70
2687  70
87|5
4023  69
2009  68
3504  70
671  70
2139  70
88|12
7312  70
74795  70
4993  70
68157  70
5952  70
1193  71
223  71
8665  70
4262  69
56782  71
8677  69
58559  70
89|104
26645  70
32060  70
44851  70
53280  70
53578  70
67888  70
69211  70
81087  70
84246  70
103602  70
108078  70
109596  70
118894  70
121007  70
128089  70
128944  70
131098  70
131439  70
134847  70
140481  70
146684  70
148632  70
150554  70
164226  70
30793  70
169912  69
87869  69
1923  70
4015  69
950  69
173253  70
2324  71
27826  70
92259  70
11  69
3977  69
86298  69
8154  69
77688  70
2997  71
170837  70
49274  68
157775  70
1  70
142196  70
99117  69
62008  70
72624  70
108156  68
3752  69
2059  69
128520  71
3175  70
133879  70
48649  70
126088  70
5529  70
65588  70
99130  70
40962  70
1732  71
68659  69
91666  70
2683  69
3751  70
750  69
6650  70
149508  70
2395  69
51575  68
65230  70
171751  70
85881  70
139157  70
6863  70
4246  70
108949  70
1230  70
160567  70
73319  70
177185  70
130520  68
5220  69
121338  70
153386  70
50872  69
149566  70
145491  70
4890  69
129354  70
32243  70
84944  70
6402  70
1288  71
140133  70
119141  71
947  70
176621  70
4973  69
158398  70
69469  70
54503  69
141928  70
102481  69
90|11
1137  70
1144  70
581  71
81  69
892  69
1073  70
116  69
896  69
17  70
7  68
613  69
91|20
3013  70
6395  70
8147  70
7153  71
3360  70
2791  70
3897  70
1080  71
4850  70
3429  71
7000  70
2060  70
2916  70
1391  69
2100  69
318  70
2146  70
1225  70
1246  70
8501  70
92|5
2572  70
2114  70
1015  69
2454  70
1801  69
93|20
736  69
1917  70
552  69
1721  69
539  70
480  70
1372  70
368  70
2355  69
1923  70
2193  70
2006  69
339  69
1097  70
1591  69
260  71
2968  70
1676  70
593  71
558  69
94|12
231  70
377  70
367  69
364  71
288  68
19  69
10  70
586  69
590  70
380  71
589  70
318  70
95|20
18  71
4878  71
6979  70
4732  69
3019  69
5246  69
32  70
2952  70
1247  70
1198  72
5283  70
3361  70
1513  69
2009  68
539  71
122  69
1584  69
1240  69
4262  69
5349  70
96|16
527  70
1094  70
272  70
3819  72
150  69
2021  70
2571  71
1214  71
2058  69
1220  70
733  71
2340  69
1721  69
2396  71
367  69
1291  71
97|8
4701  69
4306  69
3578  70
4993  70
4963  70
4299  69
3981  69
4161  70
98|19
81845  71
8961  71
122912  70
5299  69
63992  68
187541  71
56152  70
134853  69
69644  70
6863  70
5618  71
56801  69
3499  70
134130  70
74789  69
82461  69
1258  71
88810  70
79132  71
99|11
318  70
161  70
420  69
592  70
196  69
122  69
145  69
150  69
316  70
236  70
588  69
100|20
497  70
296  71
1393  71
95  69
592  70
605  69
6059  70
28  70
2245  70
62  69
4308  69
1777  71
838  70
2125  71
1288  71
234  68
1197  71
2005  71
4014  70
4623  70
101|13
2580  70
3285  69
2723  71
2700  71
2908  70
2390  71
3175  70
2395  69
358  70
2702  69
3394  70
2997  71
2502  70
102|12
158  69
588  69
150  69
592  70
253  70
480  70
344  70
539  70
553  70
593  71
586  69
223  71
103|20
86014  70
1954  72
60040  69
1968  70
77206  70
2161  70
1732  71
81834  69
608  70
2384  70
4254  68
104  69
139642  70
56782  71
2096  70
101  71
6534  70
374  70
60069  72
30793  70
104|20
4740  70
743  69
5218  70
8643  69
1288  71
47997  70
468  69
76251  70
8533  70
4018  70
38038  69
1566  70
7361  71
6060  70
3034  70
1641  70
4641  69
108190  69
616  70
7034  69
105|20
4788  70
69685  70
95311  70
95313  70
110586  70
141816  70
141818  70
170597  70
172587  70
172793  70
173351  70
173535  70
6433  69
4974  69
70286  70
108981  70
95175  70
69122  70
1243  70
3916  69
106|7
69844  71
72998  69
59501  70
86880  69
5349  70
53125  69
59784  69
107|7
231  70
253  70
590  70
165  69
434  69
208  70
318  70
108|16
800  71
6022  70
4995  71
2585  70
5316  70
4975  70
3978  69
5349  70
2926  69
4246  70
4878  71
4994  70
1968  70
1684  69
497  70
5380  69
109|20
380  71
1033  70
231  70
364  71
589  70
480  70
62  69
31  69
587  69
1032  70
586  69
778  70
540  69
256  69
163  70
252  69
223  71
553  70
537  69
168  69
110|11
26171  69
2468  69
1198  71
1089  71
1222  70
1208  70
4881  70
47  71
527  70
1193  71
2428  69
111|20
100194  70
162602  70
171251  70
2145  70
96588  69
65088  69
66203  69
84772  70
2081  70
91529  69
6365  70
45666  67
3255  69
1282  69
6539  70
86833  71
122882  69
59143  71
86911  70
5283  70
112|13
788  69
161  70
1917  70
16  70
21  70
208  70
434  69
39  69
3717  69
19  69
110  71
32  70
70286  70
113|20
4083  70
39  69
3168  69
932  71
2331  70
3359  69
1086  72
3504  70
1339  70
904  71
3546  70
4063  69
4062  69
1077  70
1589  70
2475  69
3831  69
46  69
1733  71
4007  70
114|7
141718  70
54001  70
2291  70
167732  70
122886  71
8961  70
3147  71
115|20
1580  71
2804  70
1387  71
2792  69
3146  68
3273  70
3052  68
2841  69
2719  69
595  70
2700  71
383  69
2027  69
2148  70
2770  70
3785  69
2916  70
3175  70
588  69
1377  70
116|18
2716  70
858  71
1299  71
62383  69
1339  70
1276  70
597  70
1029  70
1101  70
2797  69
2657  70
1961  70
1407  70
5995  70
1704  71
165  69
2115  70
8360  69
117|20
708  69
587  69
589  70
151  70
36  70
1036  70
595  70
288  68
596  70
48  70
315  69
454  69
353  69
474  70
10  71
60  70
805  70
491  70
616  70
485  70
118|5
1221  71
1625  70
153  69
1961  70
1810  70
119|20
95441  69
117176  71
1092  70
91529  70
74458  70
4387  69
79132  71
168252  70
44022  69
78499  70
122904  70
106782  70
442  68
4993  70
31685  69
6365  71
141004  70
4148  69
88744  70
8644  70
120|5
260  71
32  70
5  69
631  70
52  69
121|12
497  70
440  69
161  70
527  70
292  71
344  70
186  68
316  70
1  70
19  69
163  70
337  70
122|20
27660  71
69784  70
7022  70
148652  70
4816  69
56174  69
94959  69
81591  69
71535  69
30810  70
2997  71
1732  71
108932  69
780  70
1090  71
3253  69
106782  70
72226  70
1200  69
1214  71
123|12
68554  70
115569  70
79132  71
109487  69
1196  70
4226  71
296  71
7153  71
143458  70
47  71
96829  71
2858  70
124|10
56145  69
2161  70
260  71
175  69
1358  71
6377  70
4226  71
3147  71
608  70
1223  69
125|20
5088  70
86721  70
110330  70
54503  69
72011  70
162578  71
119145  70
176371  69
55247  69
1240  69
86332  70
68157  70
112623  70
4082  69
160567  71
3342  70
109487  69
88140  69
98607  70
81562  71
126|8
364  71
349  70
231  70
380  71
410  70
300  70
253  70
457  72
127|5
2915  70
903  70
55276  69
5060  70
272  70
128|7
904  71
965  70
926  70
1066  71
1721  69
1080  71
1198  72
129|20
4370  70
480  70
3698  70
2692  70
2138  70
1968  70
8368  70
653  69
7143  70
316  70
6874  71
239  71
2916  70
733  71
4896  70
2028  71
3977  69
3000  70
1907  70
31658  70
130|6
208  70
316  70
292  71
110  71
590  70
296  71
131|14
2273  69
6947  70
58559  70
908  69
4878  71
89745  70
7256  70
68237  71
2722  69
2028  71
48516  71
3178  70
64614  71
969  70
132|20
6251  70
3275  70
4995  70
2987  70
7444  70
3262  70
4168  69
31658  69
44191  71
1089  70
3967  70
5502  70
50  70
58559  70
5992  69
2108  70
1844  72
2657  70
47  71
2470  70
133|7
454  69
356  71
589  70
150  69
153  69
380  71
527  70
134|7
442  68
595  70
349  70
380  71
367  69
509  70
296  71
135|20
592  70
4084  69
893  70
3994  69
2004  69
608  70
1358  71
3852  69
3489  69
1614  69
1198  71
4128  70
1883  69
2302  69
1291  71
410  70
1261  70
4022  69
4881  70
1077  70
136|20
161  70
193  68
585  69
338  69
277  69
380  71
181  69
337  70
437  69
165  69
611  70
151  70
340  70
252  69
432  69
552  69
350  70
280  70
273  70
150  69
137|20
6787  70
2716  70
1198  72
750  69
919  70
1270  69
318  70
150  69
2997  71
1200  69
6986  70
7153  71
1242  71
110  71
33493  70
1197  71
2959  70
1237  71
903  70
7762  69
138|5
2707  69
1960  69
1959  70
849  70
3996  69
139|20
4025  68
7445  69
60684  70
4865  69
68319  69
7090  71
5502  69
260  71
8371  69
53953  69
58025  69
106782  69
6957  69
7163  69
3827  68
3624  69
52722  69
54259  71
4367  69
115617  70
140|20
5699  70
5299  69
1393  71
356  71
609  70
32596  68
4795  70
34072  70
1617  71
5256  70
5943  68
1084  70
4337  70
3108  70
43396  69
4719  68
1005  69
4321  70
5812  70
4259  69
141|20
5418  69
54503  69
4963  70
2478  69
71535  69
317  69
68954  69
54286  70
6365  70
54272  71
4447  69
5502  70
6377  70
6373  70
1265  70
91529  70
2502  70
441  70
1517  71
48516  71
142|8
434  69
384  69
588  69
50  70
527  70
356  71
337  70
377  70
143|15
1721  69
61250  68
6942  70
7169  69
8533  70
106696  69
3421  70
87232  69
78316  70
69069  69
59421  70
2144  69
96821  69
7173  69
500  71
144|20
589  70
541  70
8368  70
597  70
590  70
410  70
1246  70
527  70
356  71
500  71
19  69
2700  71
434  69
733  71
780  70
1036  70
5377  70
552  69
586  70
2081  70
145|5
344  70
339  69
380  71
318  70
588  69
146|7
7293  69
3257  69
32  70
1367  70
3686  69
410  70
47610  71
147|5
1234  72
168  69
552  69
555  69
2395  69
148|10
88125  70
5618  71
108932  69
81847  71
72998  69
5816  69
8368  70
7153  71
81834  69
4993  70
149|12
1097  70
1374  71
1831  70
1527  70
260  71
173  69
1206  71
1200  69
2021  70
1580  71
1391  69
1375  69
150|6
3  70
1356  69
5  69
95  69
733  71
1073  70
151|12
786  70
562  70
780  70
837  70
747  70
1265  70
828  70
1073  70
1  70
648  70
1393  71
1359  69
152|13
50  70
2959  70
116897  70
89492  69
1193  71
69481  69
85774  71
115713  71
111  71
92259  70
1234  72
79132  71
318  70
153|20
134853  69
1732  70
8533  70
4014  70
81456  70
106782  69
8528  69
6863  70
87194  70
2617  70
1246  70
106100  70
1954  71
7458  68
4226  71
89904  70
72998  69
133780  70
586  69
36535  71
154|7
114662  70
119145  70
81834  69
122904  70
106072  69
76093  70
77561  71
155|10
153  69
3286  68
1200  69
260  71
141  70
2355  69
2384  70
2948  71
432  69
2959  70
156|20
26313  70
31038  70
1230  70
1711  69
3341  70
6296  69
762  69
2361  69
2076  70
4784  70
661  71
2926  69
8571  70
47  71
3176  71
58  70
848  70
866  70
1485  69
923  70
157|5
785  70
3617  70
2720  69
2770  70
527  70
158|6
1093  69
2605  69
2872  70
2723  71
2428  69
66320  70
159|20
2959  70
60069  71
45720  70
597  70
4022  69
89864  70
49286  69
140110  70
84954  70
4447  69
1197  71
68954  69
6942  70
1961  70
106696  69
480  70
539  70
166643  71
40819  70
63082  70
160|20
126  69
1371  70
1198  71
196  68
3408  69
5349  70
3213  70
2408  69
839  68
3593  68
2748  70
533  69
1975  68
1676  70
3745  69
2011  71
733  71
3826  69
778  70
2840  69
161|8
4980  69
7247  69
47610  71
1223  69
38038  69
3429  71
2144  70
2336  69
162|8
150  69
225  69
168  69
50  70
300  70
266  70
31  69
62  69
163|5
1608  69
1810  69
1747  70
1777  70
1837  69
164|8
1036  70
2916  70
110  71
589  70
3527  70
1101  70
1201  71
2167  70
165|13
2353  69
3624  69
110  71
5505  69
5527  70
3256  69
5956  70
5418  69
5530  69
5450  69
1127  71
3409  69
5881  69
166|20
33794  71
1721  69
4011  70
5378  69
3481  70
49530  69
2353  69
47644  69
54272  71
8961  71
1198  72
2542  71
1036  70
608  70
434  69
5219  69
5418  69
2396  71
349  70
2324  71
167|20
33493  70
4886  70
778  70
3052  68
7147  70
6857  70
45501  70
6480  70
1682  70
2231  69
784  69
33794  71
2083  70
2413  69
6333  69
8961  70
2139  70
150  69
6773  70
35836  70
168|19
3730  71
1248  70
1201  71
1089  71
296  71
923  70
1222  71
5291  70
3543  69
1302  70
3362  71
1148  70
3101  70
57669  71
2076  70
1729  69
908  69
85354  70
80463  70
169|20
3536  69
2028  71
364  71
953  70
4886  70
5400  69
8644  70
524  69
2795  69
1022  69
3114  70
3967  70
1517  71
1035  69
8641  70
6365  71
661  71
457  72
3287  68
1416  70
170|10
318  70
296  71
586  70
377  70
34  70
592  70
277  69
500  71
266  70
588  69
171|17
485  70
1220  70
1025  70
801  70
1259  70
1079  71
828  71
317  69
869  72
380  71
1136  72
1225  70
661  71
318  70
47  71
1198  72
1208  70
172|6
3087  69
3578  70
7438  71
2072  70
3793  70
2762  71
173|5
10  71
329  69
586  70
597  70
588  69
174|14
553  71
520  68
224  70
648  70
161  70
317  69
158  69
780  70
315  69
485  70
282  69
440  69
350  70
10  71
175|5
531  70
8911  70
43904  69
38388  70
8362  69
176|8
165  69
434  69
39  69
368  70
380  71
780  70
47  71
471  70
177|20
42002  70
91542  68
6332  69
3668  69
45672  69
783  70
27706  69
2657  69
114662  70
1206  71
83132  71
5218  70
508  69
3114  70
1321  71
2176  68
8798  70
88140  70
2012  70
339  69
178|16
7361  72
527  70
2329  71
5995  70
6502  70
4235  70
1198  72
208  70
6539  70
296  71
349  70
10  71
4226  71
1240  69
2579  71
318  70
179|14
367  69
589  70
161  70
231  70
288  68
743  70
1061  70
317  69
786  70
592  70
671  70
296  71
434  69
364  71
180|5
1261  70
260  71
1748  71
1242  71
2140  70
181|20
157  69
593  71
596  70
353  69
539  70
516  69
132  70
169  69
25  70
31  68
542  69
6  71
707  69
185  69
464  69
502  69
415  70
480  70
592  70
344  70
182|20
4879  70
6969  70
3911  70
2728  71
4313  70
8042  70
1291  71
3113  68
3578  70
1590  69
161  70
4452  69
224  70
4980  69
4262  69
2353  69
2890  71
1127  71
541  70
6041  71
183|12
480  70
380  71
1196  70
2951  70
2534  69
4085  70
1287  71
2194  70
3247  70
1233  70
2662  70
1408  71
184|20
158035  70
181413  70
193565  70
97304  70
74754  69
168250  69
191005  70
106072  69
166291  70
127152  70
86332  70
80463  69
5816  69
122898  70
81845  71
5810  69
170813  71
174479  70
112852  70
148626  70
185|10
1685  70
2396  71
5377  70
1721  69
5952  69
1393  71
595  70
2085  69
4995  71
899  70
186|20
2605  69
1214  71
1291  71
3745  70
1269  71
2527  69
2532  69
4361  70
1307  71
2968  70
4306  69
2541  69
1702  70
480  70
1097  70
3977  69
919  70
3527  70
593  71
1196  70
187|20
26122  70
3949  70
49272  69
231  70
1206  71
6874  71
1729  69
1209  70
48394  69
6502  70
2701  69
4027  70
288  68
2542  71
7153  71
39427  70
6890  69
1222  70
8949  69
1748  71
188|10
2346  69
1212  71
594  70
1282  70
3469  70
2396  71
1091  68
3341  70
1264  71
2206  71
189|5
48516  71
4993  70
79132  71
2959  70
58559  70
190|14
6711  69
4776  70
8784  69
4995  71
5630  69
4306  69
30749  71
1221  71
4975  70
8961  71
858  71
8464  70
69844  71
7438  71
191|17
496  70
21  70
72  69
175  69
494  69
417  71
17  69
6  71
85  70
292  71
314  70
58  70
235  71
213  71
161  70
160  69
162  71
192|5
356  71
288  68
316  70
349  70
432  69
193|7
44555  70
55442  70
4878  71
6016  70
307  71
1270  69
5618  71
194|5
163  70
1396  69
1500  70
1288  71
5060  70
195|20
3424  72
2770  70
1041  70
1653  70
1923  70
3160  71
4723  69
1863  69
2336  69
2166  70
4308  69
1909  70
260  71
2028  71
3252  70
2908  70
1392  72
1365  71
70  70
190  70
196|7
70286  70
3578  70
59315  70
58559  70
364  71
1214  71
110  71
197|7
1513  69
1240  69
1882  69
786  70
2167  70
153  69
1784  69
198|20
3894  70
3499  70
920  68
1213  70
3949  70
1994  71
1485  69
2572  70
4019  69
1089  71
110  71
593  71
4128  70
1270  69
4886  70
1079  71
2117  70
912  69
1573  71
1682  70
199|20
5464  70
2165  70
2280  70
736  69
5673  70
349  70
5502  70
482  69
8532  70
1172  70
300  70
50068  71
4881  69
3175  70
7445  70
2973  70
34338  71
41997  70
1956  71
377  70
200|20
3809  70
7022  70
50802  71
3968  68
2485  69
500  71
5610  70
590  70
1029  70
53996  69
2572  70
4993  70
4041  70
57640  71
1302  70
1784  69
6383  69
1653  70
1569  70
1517  71
201|20
1748  71
1527  71
1584  69
2858  70
339  69
589  70
2717  69
994  70
788  69
1196  70
2797  69
733  71
1259  70
2174  70
1198  72
2455  69
1569  70
1213  70
160  69
24  69
202|20
3329  70
924  70
29  70
2289  70
1197  71
1196  70
2966  69
161  70
608  70
1209  70
1296  69
3194  69
1784  69
469  71
923  70
2000  69
1587  70
1719  70
3147  71
32  70
203|9
56174  69
8665  70
2407  70
5952  70
590  70
49272  69
40815  70
333  70
296  71
204|17
1136  72
3949  70
33794  71
48394  69
27075  70
1080  71
79008  71
6104  70
8874  70
81591  69
4878  71
91658  70
711  69
2313  69
86320  70
55820  70
5218  71
205|6
912  69
99114  70
91542  68
5816  69
95167  70
96079  70
206|5
36  70
608  70
733  71
140  70
141  71
207|5
2991  70
2428  69
2707  68
3740  71
100  69
208|6
1210  70
2628  70
380  71
2353  69
2278  70
2762  71
209|7
60684  70
1291  71
68157  70
74458  70
185029  71
122886  71
88125  70
210|20
123553  70
34405  71
166203  70
3147  71
31696  71
7649  70
58559  70
2105  70
6365  71
34397  70
4625  69
84772  70
122926  70
76093  70
62836  70
33493  70
1584  69
47610  71
108932  69
122918  70
211|18
58559  70
63113  70
90405  70
57669  71
60684  70
7153  71
73017  69
2105  70
4367  69
356  71
2642  68
1556  68
318  70
44665  71
85414  70
1198  72
1136  72
260  71
212|20
170697  70
122920  68
122892  69
2571  71
5218  70
48394  69
3578  70
1196  70
135143  69
74795  70
179401  70
79132  70
77800  71
108932  69
110102  70
96821  69
8874  70
65261  71
59784  69
2291  70
213|17
3285  70
87520  69
80363  70
76251  70
8957  70
2860  68
1234  72
5419  69
51935  69
69844  71
39446  68
4132  68
858  71
69526  70
4558  69
49530  69
58559  70
214|5
83  70
628  70
743  69
1363  69
802  69
215|20
1172  70
4973  69
63082  70
1291  71
2028  71
3252  70
3210  70
1968  70
1247  70
49272  69
1089  71
72407  70
5650  70
318  70
1208  70
2000  69
1197  71
1196  70
1297  70
4019  69
216|20
104  69
21  70
3996  69
3946  69
2946  70
3993  69
3897  70
2599  69
34  71
3994  69
4034  70
3363  69
1965  70
3422  69
3555  69
3253  69
2087  69
3986  69
2018  69
1923  69
217|20
1867  70
3434  70
1275  69
2468  69
3197  69
1912  71
2302  69
1876  69
380  71
1221  70
2471  68
1918  69
1385  69
3165  70
1590  69
1562  69
1703  69
2056  70
1831  70
160  69
218|6
2657  70
2692  70
1380  69
1198  71
6934  69
5349  70
219|20
60072  69
2115  70
59315  70
6539  70
442  68
30707  70
1704  71
180  70
1219  70
1005  68
27773  70
56156  69
6188  70
6721  70
30825  70
2997  71
1552  69
1500  70
2890  71
1921  69
220|20
3996  69
733  71
1198  72
3994  69
6539  70
1258  71
1917  70
4545  69
33794  71
165  69
71264  72
4623  70
53464  70
5218  70
6365  71
3751  70
32  70
1036  70
5502  70
1591  69
221|20
4338  70
7013  70
8529  70
1080  71
3246  70
2871  71
1208  70
7063  71
2702  69
4029  72
5954  70
2352  69
922  70
2997  70
1278  70
2858  70
1212  71
1959  70
1961  70
3671  71
222|20
81831  70
100498  69
48516  71
1249  69
99813  70
91529  70
59900  69
93287  69
1721  69
2706  69
3273  70
2411  70
64622  69
7143  70
87869  69
778  70
30825  70
42011  68
673  68
64839  69
223|15
55854  70
6711  69
1  70
736  69
1961  70
457  72
2716  70
48394  69
608  70
8784  69
48516  71
3863  69
4306  69
260  71
2683  69
224|11
3496  70
3044  70
356  71
2915  70
289  70
3668  69
1270  69
2797  69
1721  69
2716  70
1259  70
225|15
2423  70
1285  69
588  70
1717  71
2791  71
1321  70
1136  71
1197  71
1753  70
2004  70
2371  69
1407  70
785  70
1060  70
3024  69
226|20
6938  70
32666  70
3552  70
542  69
1240  68
3098  69
2804  70
3668  69
3653  71
2231  69
145  69
2253  69
3052  68
2628  70
762  68
53129  70
4816  69
16  70
2144  70
46948  70
227|19
46976  70
52319  70
81845  71
109487  69
134130  70
215  71
48738  69
47099  71
1196  70
32587  70
912  70
55721  70
1682  70
750  69
778  70
40629  70
97913  69
70286  70
150  69
228|5
2571  71
1373  70
362  69
318  70
3113  69
229|13
34  70
589  70
377  70
45  70
587  69
5  69
475  71
442  68
597  70
364  71
213  71
110  71
527  70
230|20
34330  70
52715  70
47  71
7438  71
527  70
3147  71
45499  70
6537  68
2291  70
1387  70
6863  70
1485  69
595  70
4022  69
2096  70
588  69
4034  70
1676  70
8644  70
2641  69
231|5
92259  70
858  71
593  71
1198  72
109487  69
232|20
31867  70
41769  70
57526  70
70336  70
8644  70
1586  70
44972  69
4019  69
43928  68
30883  70
65802  70
8376  71
39292  69
1035  69
66198  70
66097  69
32011  68
6564  69
7451  69
33164  68
233|20
48394  69
3751  70
48516  71
1721  69
356  71
106100  70
162600  70
608  70
7153  71
134214  70
57669  71
122920  68
2329  71
4239  70
7371  71
3977  69
3147  71
3948  70
49272  69
5418  69
234|20
2616  70
2140  70
172  69
126  69
1562  69
4519  68
153  69
2710  70
3624  69
3483  68
1391  69
438  68
1460  69
2987  70
65  70
260  71
1359  69
3175  70
588  69
2080  69
235|13
480  70
736  69
500  71
454  69
592  70
235  71
595  70
32  70
527  70
648  70
223  71
588  69
377  70
236|30
1214  71
1278  70
1345  70
1350  69
1387  71
1388  69
1982  68
1997  71
1998  70
2447  70
2459  69
2490  69
2496  68
2502  70
2505  69
2542  71
2572  70
2580  70
2596  69
2598  69
2606  70
2657  70
2683  69
2694  69
2718  69
2770  70
2806  69
2858  70
3024  69
3052  68
237|10
32  70
4254  68
94959  69
293  69
1371  70
1193  71
7361  71
7980  69
43936  70
1374  71
238|9
4954  70
3528  71
4265  69
4901  69
4238  68
593  71
4499  70
4957  69
1193  71
239|20
58559  70
5459  69
4085  70
380  71
95  69
7445  70
608  70
7147  70
6378  70
2115  70
4896  70
36529  69
3994  69
33679  69
47  71
590  70
4022  69
208  70
733  71
51662  69
240|20
368  70
543  70
480  70
367  69
810  69
500  71
546  69
110  71
173  69
1  70
542  69
104  69
34  70
174  68
204  70
225  69
383  69
262  69
434  69
420  69
241|16
81786  70
71899  71
527  70
1206  71
1193  71
99114  70
100714  70
8981  70
53123  70
116897  71
56367  69
3910  70
106782  70
115569  70
4235  70
48780  70
242|7
39  69
380  71
231  70
457  72
592  70
454  69
111  71
243|8
112  70
353  69
62  69
588  69
193  68
586  70
181  69
376  70
244|19
3090  71
1049  70
110  71
257  70
165  69
151  70
1090  71
3755  70
2278  70
648  70
1580  71
1957  70
1610  71
1196  70
3256  69
1573  71
1242  71
3753  70
2243  70
245|5
3196  70
2739  70
3114  70
3274  69
1361  71
246|20
1304  70
616  70
1680  70
6016  70
3081  69
44191  71
60684  70
4973  70
1732  71
1298  71
53125  69
2291  70
2692  70
293  69
4011  70
5013  70
60069  72
48082  70
82202  71
95167  70
247|20
48516  71
593  71
2858  70
49272  69
1961  70
44191  71
527  70
116797  70
68358  70
122886  71
480  70
223  71
1265  70
2078  70
1198  72
1682  70
6377  70
1089  71
953  70
919  70
248|11
4886  70
1198  72
166528  71
176371  69
316  70
147374  70
102903  71
189333  71
122912  70
58559  70
5218  70
249|20
110350  70
102903  71
2167  70
94959  69
84601  71
2395  69
97306  69
3408  70
89047  70
91500  69
91542  68
40815  70
69844  71
904  71
46723  70
3826  69
68791  69
88812  70
67695  71
50  70
250|6
1282  70
2407  70
318  70
1597  69
1246  70
8880  70
251|5
142115  72
293  69
356  71
318  71
1089  71
252|8
164179  70
89745  70
6377  70
164909  70
1682  70
166643  71
143355  70
78499  70
253|10
44555  71
916  70
608  70
2300  70
7099  70
4217  70
26366  70
1192  72
4642  71
3363  69
254|20
46578  70
44195  70
207  68
49278  69
6333  70
780  70
110  71
1210  70
49272  69
27846  70
32587  70
2571  71
44929  70
47  71
293  69
1580  71
5995  70
32  70
592  70
48394  69
255|9
1270  69
4467  71
2023  69
3501  69
1663  69
1394  70
3392  70
2542  71
2915  70
256|20
3247  70
88744  70
377  70
4973  69
53972  70
118696  71
95441  69
104841  69
71535  69
2953  68
81229  69
53121  69
30707  70
2571  71
68791  69
170  71
6942  70
90405  70
6537  69
33493  70
257|5
1500  70
594  70
2502  70
494  69
2406  70
258|5
4995  71
7147  70
72641  70
76093  70
47099  71
259|6
508  70
5945  69
1784  69
4886  70
1356  69
1584  69
260|20
7361  72
3556  70
162  71
903  70
5690  69
6337  70
4878  71
5617  70
342  70
5219  69
2997  71
8011  71
1206  71
3317  69
6709  68
8874  70
2348  69
3822  71
2959  70
8645  71
261|11
3897  70
16  70
2060  70
296  71
2723  71
1682  70
4085  70
2194  70
7361  72
4238  68
58559  70
262|12
708  69
539  70
457  72
322  70
339  69
85  69
26  69
17  69
213  72
273  70
593  71
728  68
263|20
223  71
150  69
500  71
2987  70
2953  68
110  71
4226  71
8370  70
1197  71
7458  68
708  69
1111  70
2125  71
6942  70
5013  70
163  70
457  72
8636  70
1967  70
2085  69
264|12
7841  71
1376  70
151  70
5816  69
1907  70
1320  69
1917  70
150  69
3578  70
1090  71
253  70
1876  69
265|20
3807  70
316  69
253  70
1302  70
724  69
1240  69
3504  70
230  69
3831  69
1956  71
3098  70
529  70
1270  69
3791  69
1177  70
2322  69
1488  69
2474  70
1198  71
1962  70
266|20
476  70
2812  70
2700  71
2278  70
24  69
2770  70
2702  69
64  69
1405  68
2580  70
1527  71
2167  70
457  72
1580  71
2300  70
1923  70
2094  70
132  70
2571  71
2097  70
267|12
2858  70
593  71
1175  71
3006  69
1302  70
3999  68
3113  69
1093  69
589  70
2571  71
923  70
3996  69
268|20
1641  70
587  69
1125  69
1911  68
2802  70
1036  70
1370  69
50  70
2064  69
1784  69
1912  71
1966  70
454  70
1234  72
2247  68
1394  70
2829  71
802  69
260  71
2858  70
269|6
724  69
743  70
95  69
1  70
63  69
648  70
270|8
661  71
62  69
79  69
628  70
14  69
1356  69
141  70
25  70
271|9
3897  70
32  70
2791  70
969  70
6787  70
2858  70
55765  69
1320  69
2288  70
272|7
177765  70
1240  69
51662  69
122922  70
49272  69
158238  70
6365  70
273|11
440  69
593  71
500  71
608  70
223  71
111  71
150  69
21  70
466  70
235  71
520  68
274|20
50147  70
2947  70
3037  71
1645  69
4951  69
2036  69
1359  69
35957  70
553  71
76293  71
3918  70
1503  69
45431  70
4816  69
54999  69
5667  70
4876  69
56805  70
1921  69
54004  70
275|20
1784  69
2289  70
5884  70
1171  70
357  70
1912  71
2539  69
235  71
4886  70
2572  70
2355  69
3253  69
1192  72
926  70
111  71
2100  70
3089  71
1393  71
1719  70
1392  73
276|9
673  69
356  71
466  70
104  69
631  71
648  70
2  70
1367  70
344  70
277|6
637  69
736  69
656  69
1  70
780  70
260  71
278|5
2371  69
1347  69
4002  70
318  70
2369  69
279|20
134130  70
1101  70
166528  70
90405  70
61132  70
79132  70
56782  71
97913  69
1608  69
4226  71
59315  70
88129  70
54286  70
1258  71
8665  70
58559  70
4993  70
8376  71
107406  69
1200  69
280|20
92535  71
344  70
262  69
3146  68
4239  70
4447  69
8638  71
919  70
72641  70
86817  70
8368  70
49530  69
6863  70
35836  70
55052  69
54503  69
4246  70
48516  71
1911  68
3916  69
281|5
46578  69
8361  68
35836  70
3897  70
3861  69
282|20
5995  70
3977  69
3263  69
25  70
6708  70
2683  69
4718  70
6711  69
5481  69
6863  70
5669  71
3752  69
588  69
80463  70
1921  70
1193  71
4369  69
48322  71
1194  70
784  69
283|7
1580  71
39  69
1704  71
356  71
586  70
2082  69
805  70
284|18
474  70
173  69
2  69
296  71
15  69
348  70
248  70
318  70
47  71
353  69
275  69
44  69
339  69
367  69
276  69
165  69
637  69
235  71
285|8
1193  71
949  70
1247  70
6978  68
113207  70
4447  69
441  70
296  71
286|20
454  69
778  70
5989  70
1333  70
165  69
500  71
7438  71
2294  69
4993  70
4995  71
7361  72
70  70
4980  69
1258  71
4963  70
1097  70
4848  70
539  70
377  70
110  71
287|20
3160  70
3578  70
223  71
2633  70
1059  70
586  69
3005  69
532  69
1193  71
2599  69
2028  71
1485  69
3826  69
2081  70
8949  69
2012  70
101  71
4034  70
2422  69
2115  70
288|20
4473  70
4966  70
1008  70
2867  70
42015  69
141  70
2571  71
13  69
53519  68
2407  69
5418  69
3916  69
2347  70
2528  70
30810  70
575  71
32587  70
587  69
2517  69
8361  68
289|24
3  70
16  70
235  71
266  70
594  70
708  69
750  69
1080  71
1101  70
1208  70
1220  70
1258  71
1917  70
2012  70
2174  70
2710  70
2797  69
4322  69
6125  70
6327  70
6453  70
7025  70
7028  70
26704  70
290|20
1228  70
1299  71
2494  71
2739  70
608  70
2130  69
908  70
341  70
1447  69
342  70
1056  69
1719  70
953  70
928  71
1394  70
2648  70
475  71
2731  71
1357  70
2385  70
291|7
40815  70
122892  69
106489  69
134853  70
7153  71
88125  70
1  70
292|20
520  68
103339  69
122900  70
4896  70
2291  70
474  70
85056  70
46972  69
95167  70
164909  70
3176  71
3476  70
1608  69
31221  70
1101  70
3985  69
3984  69
1017  69
69844  70
231  70
293|5
1682  70
1673  70
344  70
1617  71
1097  70
294|20
416  68
3869  69
1064  69
2794  68
610  70
2133  67
1391  69
3868  69
1129  71
520  68
3387  69
355  69
2378  69
3693  68
785  70
2193  71
2367  69
2458  68
348  70
3501  68
295|9
1221  71
3198  70
1287  71
1213  70
4351  70
1198  72
858  71
318  70
2329  71
296|6
160848  70
2028  71
169034  70
4144  70
50  70
2324  71
297|15
832  69
543  70
1645  70
111  71
454  69
1089  70
6  71
1249  69
1047  69
1370  69
1488  69
150  69
170  70
1092  69
866  70
298|20
57640  70
95510  69
6811  69
8370  70
8807  70
63131  69
6881  69
3785  69
122900  70
103042  69
6294  70
2167  70
2005  70
6006  69
653  67
55995  67
3018  70
69757  70
103772  69
3825  68
299|5
3793  70
1387  71
188  69
1198  72
1214  71
300|32
318  70
356  71
527  70
593  71
1172  70
1704  71
2028  71
2324  71
2329  71
2571  71
2762  71
2858  70
2959  70
4848  70
4973  69
5995  70
6016  70
6711  69
7361  71
8950  70
48394  69
56174  69
63082  70
79132  70
81591  69
92259  70
99114  70
109487  69
112183  68
112290  70
112552  70
112556  69
301|20
21  70
357  70
2490  69
6711  69
589  70
8949  69
837  70
3948  70
364  71
527  70
5989  70
4963  70
608  70
292  71
3578  70
3897  70
4226  71
3753  70
1393  71
1792  69
302|7
480  70
14  70
3  70
25  70
648  70
707  69
110  71
303|11
5378  69
3703  70
1127  71
5544  70
1196  70
3471  71
1580  71
1394  70
2683  69
920  68
1358  71
304|20
314  69
2571  71
2433  68
10  71
1376  70
480  70
1373  70
1777  71
1270  69
1517  71
151  70
356  71
208  70
474  70
1214  71
1375  70
640  69
1722  69
185  69
2701  69
305|20
74624  70
140627  70
87869  70
919  70
1197  71
106100  72
138210  71
788  69
7482  72
80590  69
103075  71
903  70
6537  69
93840  70
54736  69
592  69
2288  70
58803  70
55276  70
1272  70
306|20
5784  68
68954  69
69644  70
6377  70
95543  70
81847  71
111743  69
85367  68
168418  70
167018  70
72998  69
122904  70
69406  70
85788  69
4963  70
115664  69
134368  71
112852  70
161634  70
133419  71
307|20
2190  70
4181  70
31424  70
49314  70
5010  69
7845  70
3392  70
1220  70
6793  69
6483  69
2332  69
56003  69
1991  69
3273  70
4876  69
3421  70
1409  68
413  68
4447  69
52867  70
308|20
2959  70
45517  71
96821  69
72998  69
318  70
2  69
904  71
589  70
8961  70
56152  70
56367  69
5618  71
36  69
410  70
79132  70
4993  70
8464  70
1221  70
2248  69
6  71
309|20
2202  71
1645  70
898  71
1682  70
296  71
1089  71
1269  71
7153  71
6947  70
8340  70
1104  70
7218  70
25886  71
1219  70
8154  71
971  71
1944  70
6365  70
1262  70
2762  71
310|13
6863  70
6947  70
1101  70
6503  70
2524  70
2457  70
5899  71
733  71
246  70
3254  69
1223  69
1080  71
2671  71
311|6
6561  70
5992  69
1517  71
6461  69
1407  69
2706  69
312|20
5816  69
1375  69
3499  70
589  70
2454  70
1358  71
4878  71
4103  70
3793  70
2028  71
1371  70
4121  70
2366  69
2747  70
4105  71
5446  69
2699  69
2529  70
1350  69
1356  69
313|20
4980  69
170  70
3917  69
2455  69
5544  69
541  70
2193  70
2000  69
6  71
1968  71
1089  71
1301  70
1240  69
3175  70
4865  69
2005  71
2167  70
1375  69
2087  69
2530  69
314|20
7  68
1042  69
44  69
165  69
457  72
293  69
597  70
329  69
442  68
26  69
830  69
728  68
618  70
107  70
536  69
10  70
1376  70
153  69
208  70
150  69
315|7
1262  70
2729  70
2529  70
2067  70
2553  69
909  70
902  70
316|11
1748  71
253  70
3968  68
158  69
5445  71
3751  70
7438  71
6874  70
48  70
3882  69
2572  70
317|20
133115  70
73321  70
91529  70
74545  70
7445  70
1213  70
48774  70
4262  69
1884  70
5989  70
3578  70
4011  70
68358  70
1208  71
72011  70
3897  70
3499  70
96829  70
116797  70
56782  71
318|20
26713  70
81191  70
90245  70
111817  70
127180  70
145080  70
150696  70
7445  70
1090  71
116799  70
82459  69
48385  70
2294  69
64839  69
88125  70
109487  69
4021  71
33794  71
54286  70
89753  71
319|7
115617  70
6377  70
356  71
136864  68
1221  71
122904  70
110  71
320|5
72998  69
71535  69
31184  71
59315  70
1013  69
321|12
587  69
356  71
160  69
592  70
597  70
780  70
339  69
355  69
410  70
3  70
500  71
457  72
322|20
2882  69
1968  70
2542  71
58559  70
2788  71
2146  70
2617  70
2918  70
778  70
2599  69
4027  70
4993  70
1230  70
51540  70
1  70
1617  71
1923  70
4010  70
11  69
1035  69
323|20
377  70
480  70
356  71
1094  70
161  70
115569  70
1198  71
29  70
551  70
22  69
318  70
112183  68
253  70
111659  69
3257  69
260  71
150  69
329  69
342  70
266  70
324|5
2764  70
3972  71
3864  69
3949  70
3897  70
325|20
2848  70
235  71
2986  69
262  69
1573  71
2596  69
1584  69
1217  70
1676  70
4714  69
3770  68
3261  69
2894  70
2155  70
1279  71
1614  69
3994  69
2268  70
2915  70
5008  70
326|20
8665  70
47610  71
20  69
2858  70
86882  69
5418  69
4973  69
133771  70
48774  71
2324  71
1293  70
2692  70
72605  69
70159  70
54286  70
5446  69
6591  69
4226  71
105844  70
31410  70
327|10
3301  71
150  69
858  71
1923  70
51255  71
48516  71
1304  70
765  71
6888  68
2706  70
328|20
2687  70
112852  70
70286  70
1196  70
457  72
364  71
80463  69
3489  69
318  70
595  70
5349  70
2542  71
1219  70
35836  70
3751  70
79091  69
7153  71
596  70
2398  70
1148  70
329|5
130482  70
136850  70
858  70
1884  69
750  69
330|20
5378  69
316  70
1639  70
2918  70
919  70
3949  70
3535  70
5349  70
380  71
1676  70
2502  70
3703  70
1682  70
2683  69
1206  71
1721  69
2791  71
2081  70
8874  70
592  70
331|20
8874  70
6157  69
88125  70
6539  70
3897  70
4446  70
7361  72
50872  69
4995  71
4306  69
6874  71
5502  70
3911  70
608  70
4447  69
593  71
3751  70
8665  70
4367  69
2959  70
332|20
47  71
1653  70
1258  71
316  70
8983  69
431  69
97757  70
2291  70
1835  69
356  71
5502  70
4308  69
1203  72
1682  70
1249  70
76251  70
2905  70
318  70
2294  69
32  70
333|5
3785  69
3752  69
3616  69
3615  69
3646  68
334|20
55820  70
1196  70
1580  71
1291  71
3996  69
589  70
30810  70
4027  70
1  70
64957  69
1625  70
50601  69
44195  70
27416  70
6867  69
2997  71
293  69
480  70
5378  69
51935  69
335|6
780  70
592  70
356  71
296  71
2699  69
2001  70
336|12
1267  70
1  70
38798  70
33660  71
1784  69
2001  70
2268  70
293  69
1625  70
4886  70
50  70
150  69
337|16
318  70
47  71
16  70
805  70
1393  71
266  70
667  69
168  69
784  69
65  70
110  71
708  69
25  70
1356  70
277  69
786  70
338|8
189111  70
190207  70
190215  70
190219  70
7153  71
593  71
187541  71
185029  71
339|20
72641  70
5445  71
84152  70
96079  70
106072  69
69122  69
5617  70
41285  70
56869  70
48322  71
65216  70
91630  69
86504  71
91529  70
83613  70
4993  70
3470  72
102407  69
2028  71
5952  70
340|28
10  71
110  71
150  69
153  69
161  70
165  69
185  70
208  70
253  70
288  68
292  71
296  71
316  70
318  70
329  69
344  70
349  70
356  71
454  69
457  72
480  70
589  70
590  70
592  70
595  70
648  70
780  70
1356  69
341|11
2335  70
3624  70
130087  70
1370  69
135137  71
117529  69
5459  69
45672  69
1  70
47099  71
4025  68
342|14
2683  69
2598  69
2881  69
2369  69
1268  70
2605  69
2599  69
1198  71
3157  69
3826  69
2428  69
2827  69
3863  69
1959  70
343|12
858  71
3000  70
48394  69
4226  71
4878  71
3993  70
2571  71
1617  71
31658  70
55363  70
55820  70
296  71
344|14
111362  69
380  71
316  70
2628  70
4226  71
2571  71
4014  70
2012  70
4034  70
260  71
2541  69
4973  69
5418  69
2712  71
345|13
1019  70
2539  69
926  70
5902  70
8810  68
344  70
5707  70
2366  70
56949  70
3649  69
6658  70
3489  69
412  69
346|20
3174  68
778  70
608  70
6711  69
6286  71
306  71
7323  69
307  71
3535  69
1212  71
357  70
3949  70
714  71
7937  70
7396  70
5878  69
1120  69
1131  71
3627  71
7115  69
347|9
434  69
590  70
39  69
150  69
454  69
380  71
587  69
317  69
457  72
348|11
318  70
2324  71
4368  70
1213  71
6016  71
2959  70
6893  72
4973  70
1221  71
1960  69
2019  71
349|8
10  71
161  70
589  70
381  70
349  70
231  70
588  69
509  70
350|8
852  70
7  68
637  68
648  70
733  71
12  68
858  70
661  71
351|20
88932  70
87222  70
73344  71
52579  70
2231  69
88744  70
43836  70
79132  70
597  70
58559  70
12  68
8914  70
8950  70
63082  70
6214  71
90376  70
84152  70
480  70
4878  71
1193  71
352|20
72998  69
71745  70
1801  69
34319  71
2600  69
65682  70
1080  71
79695  70
110730  69
38038  69
130490  70
97752  70
1214  71
94864  68
41566  69
56587  69
44191  71
114935  71
59315  70
47610  71
353|18
552  69
25  70
267  69
216  69
367  69
288  68
144  69
186  68
333  70
266  70
112  70
198  70
234  68
145  69
293  69
158  69
163  70
296  71
354|20
1610  71
4306  69
2692  70
3147  71
47  71
903  70
733  71
3977  69
1225  70
35836  70
648  70
44191  71
8665  70
1917  70
7147  70
1923  70
589  70
2959  70
4718  70
1196  70
355|6
316  70
1580  71
3035  71
3175  70
317  69
916  70
356|20
2248  69
52435  71
52975  70
7122  70
44889  70
1641  70
2706  70
4011  70
802  69
7323  69
2502  71
56367  69
1223  69
55118  70
3949  70
3996  69
1246  70
1466  71
223  71
7153  71
357|20
4354  70
8998  70
27329  70
2804  70
595  70
529  70
4663  70
4091  69
1224  70
1242  71
34  70
208  70
58559  70
6296  68
30793  70
1042  69
2100  69
551  70
471  70
2067  71
358|9
26095  70
605  69
5066  69
52328  70
2226  70
42728  69
7361  71
69844  70
36525  69
359|15
405  69
1092  69
1101  70
51412  69
648  70
296  71
1097  70
2396  71
2424  70
593  71
2701  69
2942  69
1682  70
2530  69
4995  71
360|5
1422  71
1620  69
1488  69
1711  69
1414  70
361|20
47099  70
1580  71
377  70
1552  69
49272  69
1263  70
53125  69
589  70
49822  70
8360  69
318  70
2529  70
5218  70
6188  70
2422  69
3082  69
1732  71
1370  69
46972  69
7458  68
362|20
1945  71
592  70
6539  70
51540  70
5989  70
637  69
70  71
7153  71
1252  70
44665  70
407  69
6874  71
2959  70
1196  70
1208  70
8961  71
48516  71
7438  71
356  71
1201  71
363|6
1552  69
1732  71
1517  71
296  71
653  69
318  70
364|5
858  71
9  68
783  70
376  70
1  70
365|20
59315  70
81229  69
128975  69
6874  70
90345  70
158872  71
129354  69
103075  68
135536  68
70286  69
112852  69
76077  69
112818  70
1777  70
6502  70
155820  70
541  70
95720  70
93270  70
135569  70
366|7
116797  70
59315  71
33794  71
91529  70
2028  71
122882  69
7438  71
367|20
926  70
3061  70
1270  69
1287  71
486  69
3536  69
3824  69
2384  70
3072  69
898  71
3618  70
3225  70
2248  69
3157  69
3969  69
3717  69
1259  70
4023  69
1196  70
1258  71
368|20
3753  70
2112  69
1944  70
2986  68
3869  70
1214  72
2947  70
415  69
3035  70
832  69
50  70
2819  70
1801  69
2490  70
1917  70
1391  69
2193  70
225  69
161  70
2881  69
369|20
1256  70
785  70
47  71
2706  69
839  69
377  70
52973  70
743  69
4214  69
5418  69
3863  69
1372  70
27904  70
60069  71
2857  70
1967  70
150  69
2011  71
1580  71
3174  68
370|19
4011  70
4878  71
8961  70
6377  70
2628  70
1748  71
2116  69
589  70
2329  71
7438  71
3977  69
1676  70
593  71
4973  69
4226  71
1240  69
1089  71
8636  70
2716  70
371|9
2571  71
112512  70
1258  71
4090  71
56715  71
3000  70
4226  71
4993  70
1748  71
372|20
335  70
924  70
318  70
1603  69
1479  69
589  70
81  69
387  69
616  70
337  69
1220  70
1201  71
165  68
1243  69
1258  72
377  70
1401  68
450  69
1206  71
1306  69
373|20
216  69
60  70
169  69
350  70
585  69
44  69
371  70
163  70
616  70
198  70
265  71
25  70
6  71
733  71
47  71
2  69
736  69
305  70
357  70
141  70
374|7
296  71
208  70
1219  70
480  70
592  70
1258  71
1339  70
375|7
344  70
1027  70
32  70
2628  70
3256  69
4226  71
500  71
376|20
91535  69
2002  69
1214  71
1101  70
2916  70
33794  71
1198  72
349  70
1371  70
376  70
1240  69
1375  69
4993  70
858  71
457  72
4226  71
5952  70
344  70
2763  70
2797  69
377|20
4942  70
2793  69
1262  71
2791  71
748  69
1345  70
5027  69
5113  70
27692  70
3421  70
6021  70
3364  71
2072  70
8641  70
2163  69
92760  70
2858  70
1503  68
2124  70
2015  69
378|10
33794  71
7153  71
48516  71
3114  70
858  71
68954  69
91529  70
71535  69
90600  70
364  71
379|8
318  70
377  70
19  69
292  71
480  70
367  69
597  70
344  70
380|20
60818  70
172875  70
172881  70
172887  70
355  70
6979  70
5476  70
2735  69
68194  73
63433  71
72356  72
105731  70
1833  69
551  70
6731  69
27831  70
1665  69
393  69
140956  70
2791  71
381|20
2085  69
1088  69
3253  69
185  70
317  69
27808  69
1240  69
19  69
3753  70
4321  70
72011  70
3082  69
333  70
2140  70
1385  69
2273  69
1208  70
457  72
104  69
2716  70
382|20
1204  72
142372  69
135532  70
1201  71
112171  70
1198  71
912  69
81847  71
4638  69
63540  69
1681  69
170289  70
103042  69
72737  70
2496  68
357  70
81537  69
59501  70
101362  70
4890  69
383|7
2436  70
2541  69
2496  68
1584  69
2558  70
1246  70
903  70
384|14
3527  70
1388  69
2683  69
2502  70
4333  68
3098  70
4396  68
457  72
358  69
968  71
2724  69
296  71
3991  70
1204  72
385|20
736  69
1080  71
249  69
1219  70
1036  70
1136  71
282  69
1073  70
1200  69
1228  70
1022  69
1007  69
1201  71
1246  70
344  70
589  70
1023  70
1287  71
594  70
1303  71
386|14
110  71
410  70
112  70
165  69
223  71
648  70
185  69
608  70
485  70
305  70
44  69
585  69
349  70
10  70
387|20
4393  70
5156  70
5780  70
7336  70
26124  70
40966  70
2712  70
5062  69
1247  69
5489  70
4195  70
7132  69
2946  69
1387  71
3000  70
51939  68
4995  70
912  69
7938  70
1783  70
388|6
6158  70
63239  70
33615  69
86298  70
62999  69
8360  69
389|7
17  70
140  70
628  70
762  69
743  70
95  69
32  70
390|17
6344  70
64957  69
4239  70
5220  69
1193  71
2571  71
9010  70
2291  70
5296  70
4226  71
7254  70
6377  70
63062  71
1206  71
2329  71
4014  70
1784  69
391|20
5575  70
500  71
3994  69
1213  70
516  69
199  69
4027  70
150  69
1408  71
4014  70
1527  71
1059  68
2916  70
4973  69
357  70
555  69
5026  69
4936  68
1210  70
3067  70
392|5
3004  69
2858  70
707  69
1198  71
1125  70
393|20
91658  70
102125  70
48394  69
36517  70
8636  70
110102  70
44199  69
5388  69
54259  71
4848  70
5669  71
1291  71
68848  71
86190  69
2571  71
1206  71
122892  69
106642  71
1625  70
106489  69
394|5
588  69
316  70
344  70
225  69
457  72
395|13
329  69
1025  70
296  71
160  69
208  70
173  69
485  70
355  69
520  68
595  70
126  69
48  70
367  69
396|6
1276  70
1597  69
1777  70
44  69
204  70
2081  70
397|5
4017  69
8645  71
1701  71
8228  70
6993  69
398|10
6408  70
1197  71
5971  71
7022  70
1198  72
60069  72
2455  69
1136  72
48516  71
82459  69
399|8
1198  72
110  71
5445  71
1196  70
593  71
480  70
1270  69
2194  70
400|9
608  70
356  71
2571  71
2959  70
7153  71
1221  71
3578  70
858  71
59615  68
401|15
5952  69
6297  69
55768  69
48982  69
166461  70
49274  68
50872  69
32031  69
79091  69
170939  70
38038  69
8360  69
3114  70
33615  69
1136  71
402|10
1084  70
597  70
52  69
329  69
296  71
586  70
315  69
1036  70
434  69
527  70
403|7
110  71
2427  70
3210  70
296  71
61465  70
1663  69
180  70
404|12
204  70
349  70
474  70
34  70
364  71
508  70
105  70
593  71
509  70
277  69
315  69
185  70
405|20
70708  70
293  69
7254  69
37731  70
2959  70
345  71
1213  70
7134  70
64614  71
6023  70
1241  70
2329  71
1247  70
3052  68
68237  71
1199  70
27592  71
27664  70
3418  70
1215  70
406|5
1586  70
135  68
56949  70
46972  69
724  69
407|5
7153  71
2959  70
6539  70
1240  69
54286  70
408|20
1198  72
122904  70
44840  69
165101  70
6618  71
1291  71
1210  70
89745  70
1278  70
7324  70
44  69
8641  70
115210  70
103596  69
68554  70
2571  71
109487  69
63131  69
80489  70
4649  69
409|20
2485  69
2490  69
2028  71
3812  70
1278  70
2997  71
296  71
1078  71
3016  69
1073  70
2683  69
2289  70
3846  68
912  69
2013  69
1911  69
2352  69
1230  70
2541  69
3174  68
410|20
389  70
3224  71
318  70
2302  69
4002  70
1060  70
4297  69
3263  69
1859  70
111  71
58  71
2145  70
3255  69
2321  70
3504  70
3948  70
11  69
4019  69
3  70
597  70
411|20
508  70
261  70
586  69
432  69
353  69
431  69
194  70
318  70
272  70
515  69
356  71
266  70
257  70
349  70
10  70
31  69
344  70
227  69
455  69
122  69
412|20
2828  69
2384  69
2915  70
903  70
608  70
2720  69
2858  70
1883  69
1307  71
1214  71
1784  69
2239  71
1  70
930  70
1136  72
2710  70
915  69
2398  70
17  70
1079  71
413|12
2706  70
1198  72
3753  70
2424  70
593  71
128360  70
4993  70
16  70
5574  69
3948  70
64957  69
2959  70
414|20
4458  70
4666  70
5285  70
5635  70
6033  70
6493  70
6563  70
6628  70
6797  70
48319  70
58879  70
169992  70
3802  70
3599  69
1600  71
8666  70
4975  70
7444  70
4081  69
177593  70
415|19
296  71
1213  70
4321  70
3507  70
4308  69
47  71
1021  69
111  71
2617  70
1276  70
3861  69
4369  69
99114  70
1221  71
63082  70
1234  72
45722  71
1197  71
175  69
416|11
5952  69
5951  70
531  70
1296  69
1199  70
1721  69
830  69
1206  71
7323  69
4848  70
3677  71
417|14
778  70
4995  71
4975  70
7254  70
1198  72
106782  70
27773  71
168250  69
1625  70
7153  71
74458  70
110102  70
48394  69
4878  71
418|19
356  71
296  71
63082  70
104374  70
1276  70
1136  72
117176  71
1573  71
137337  70
1682  70
5816  69
88125  70
74458  70
367  69
89745  70
45672  69
87869  70
7361  72
54001  70
419|20
4093  70
111  71
46976  70
27822  68
2858  70
319  70
6287  68
3578  70
1213  70
64969  70
47  71
79592  70
34319  71
89580  70
60756  69
27704  70
90943  70
2412  69
1240  69
52245  68
420|20
1161  71
4993  70
45499  70
923  70
26693  70
48385  70
1927  71
5608  70
2052  69
6934  69
7022  70
3979  69
59295  70
2329  71
54259  71
1131  71
2762  71
4973  69
5669  71
527  70
421|8
2858  70
909  70
5008  71
953  70
1178  70
2313  69
2478  69
1203  72
422|19
2539  69
2710  70
4947  71
4971  69
5039  69
4925  70
2581  69
4916  69
1265  70
2804  70
3053  70
2665  70
1283  71
4835  71
2908  70
3943  70
1213  70
2670  69
858  71
423|5
1653  70
110  71
2194  70
5349  70
1320  69
424|20
1193  71
141  70
2804  70
40278  70
608  70
108729  70
293  69
69122  70
1092  70
54503  69
58559  70
3186  69
66097  69
778  70
5679  70
3176  71
2288  70
2174  70
71668  71
112556  69
425|20
45517  71
377  70
2329  71
733  71
6  71
1645  70
8368  70
2081  70
4306  69
1680  70
1909  69
367  69
46723  70
1625  70
1036  70
4901  69
750  69
2353  69
1342  69
145  69
426|18
59784  69
150  69
471  70
337  70
54001  70
1197  71
6378  70
72641  70
4886  70
8644  70
37729  70
597  70
5444  69
91325  69
588  69
3247  69
4022  69
79091  69
427|17
4887  69
5463  69
5015  70
110  71
58  70
5528  70
6348  69
5312  70
2710  70
5696  69
4993  70
5266  69
2683  69
5400  69
5816  69
1208  70
5574  69
428|20
2471  68
2762  70
3827  68
1089  70
2953  68
2916  70
1380  69
1997  71
3440  68
4022  69
317  69
4255  69
1208  70
1391  69
6377  70
2581  68
260  71
3285  69
588  69
653  69
429|12
339  69
421  70
150  69
225  69
165  69
266  70
329  69
252  69
279  70
317  69
237  70
204  70
430|12
923  70
2987  70
3745  70
6287  68
2858  70
6365  70
2571  71
4447  69
4014  70
329  69
2076  70
4446  70
431|5
172  69
1625  70
1376  70
3948  70
802  69
432|20
1831  70
5630  69
6870  71
8640  69
6539  70
3916  69
5989  70
84189  70
110  71
35836  70
4886  70
2762  71
1206  71
49272  69
19  69
318  70
58559  70
69481  69
7158  70
33660  71
433|5
91529  70
1089  71
50  70
5299  69
110  71
434|20
1136  72
3147  71
1090  71
1265  70
5989  70
1101  70
1779  69
586  70
344  70
3863  69
1208  70
3160  71
589  70
780  70
6796  70
2791  71
4226  71
2194  70
8665  70
1291  71
435|9
2353  69
44191  71
485  70
3510  70
34405  71
2302  69
158  69
82459  69
48780  70
436|20
204  70
435  69
440  69
432  69
161  70
480  70
377  70
531  70
536  68
502  69
364  71
235  71
371  70
344  70
2  69
585  69
450  69
587  69
437  69
227  69
437|20
748  69
318  70
5  69
640  70
1299  71
1120  69
1396  69
1246  70
454  69
1171  69
1225  70
1183  70
1097  70
1307  71
1268  70
592  70
198  70
155  69
112  70
246  70
438|20
7154  69
2501  70
8966  69
27801  70
1527  71
6711  69
3898  69
1784  69
8644  70
6367  69
2424  70
3889  69
223  71
1517  71
7361  71
2641  69
5009  67
2617  70
3753  70
2393  70
439|5
356  71
4022  69
7153  71
78499  70
1240  69
440|7
8690  70
541  70
29  70
1653  70
1274  69
3174  68
1235  70
441|9
589  70
2683  69
2959  70
4306  69
260  71
296  71
51255  71
47  71
68358  70
442|5
2908  70
2881  69
1186  70
3752  69
4361  70
443|8
2329  71
79132  71
296  71
48394  69
106487  69
108190  69
7153  71
63082  70
444|9
356  71
592  70
208  70
21  70
111  71
110  71
235  71
296  71
344  70
445|16
2028  71
590  70
34405  71
47  71
116897  71
780  70
4011  70
899  70
593  71
33794  71
1080  71
45722  71
17  70
1230  70
306  71
2710  70
446|17
237  70
339  69
300  70
296  71
480  70
368  70
288  68
172  69
17  69
16  70
357  70
150  69
434  69
153  69
648  70
593  71
337  70
447|16
257  70
293  69
337  70
531  70
382  68
589  70
552  69
253  70
362  70
532  69
292  71
31  69
474  70
540  69
442  68
160  69
448|373
2368  70
3284  70
3933  70
6302  70
6476  70
7245  70
48262  70
49688  70
75803  70
75816  70
78116  70
79590  70
86593  70
92198  70
98908  70
100326  70
102819  70
104760  70
108715  70
109191  70
111680  70
113416  70
116207  70
116985  70
129657  70
130083  70
133377  70
136654  70
138546  70
142424  70
151777  70
152658  70
157130  70
158022  70
161290  70
164375  70
53996  69
136778  70
5418  69
288  68
88356  70
2580  70
155358  70
2889  70
4034  70
148888  70
81156  71
2713  69
103335  69
95441  69
34048  70
80126  70
3057  70
1057  69
2794  69
33830  70
8665  70
6059  70
110553  68
90374  70
151501  70
3764  69
6143  70
103819  70
4361  71
104913  71
3986  69
5528  70
1196  70
105351  70
83349  69
3276  70
1090  71
5349  70
587  69
106330  69
4677  69
95508  70
109895  69
110611  70
671  70
2289  70
152077  70
80693  70
111360  69
170  70
87444  71
94323  69
8493  69
3671  71
91653  70
4981  70
2991  70
78034  70
119145  70
5099  70
4299  69
2567  68
6996  69
109864  70
6582  68
73017  68
370  69
543  70
115617  70
590  70
154065  70
5553  69
41569  69
3286  68
6645  70
589  70
1920  70
2857  71
111663  71
78499  70
2657  69
6537  68
1148  70
46974  69
48516  70
80241  70
445  68
4262  69
3689  68
114935  70
6428  71
127194  70
109673  69
127096  71
89388  70
4156  70
3793  70
33679  69
2014  67
64285  71
3968  68
49530  69
3450  70
160563  71
5502  70
8169  70
6314  69
122490  70
3386  71
140725  71
4896  70
2642  68
127136  71
2763  70
2520  70
457  72
48783  70
3263  69
5400  69
5541  69
4011  69
58351  70
127132  70
152091  70
3698  69
435  69
4799  68
84152  70
3401  70
2858  70
3174  68
7076  71
106542  70
6218  70
2860  68
1283  71
3618  69
2616  70
90439  70
2404  68
4660  70
2530  69
26386  70
4327  69
3030  70
71464  70
32  69
91529  70
4158  70
99114  70
98585  69
93326  70
2268  70
80489  70
130576  69
105504  70
2791  70
50601  70
7007  70
4234  70
3623  67
80727  70
78467  69
8641  70
4128  71
106782  69
2537  68
112138  69
3247  70
112818  70
2027  69
3101  70
5779  70
82202  69
1704  71
98296  70
6863  70
89305  69
4203  70
1201  71
6212  70
637  68
84954  70
6814  70
94864  68
67695  69
159077  70
92439  72
6812  69
3156  69
802  69
118354  70
134130  71
138036  70
65135  70
52975  69
4368  68
90717  71
45722  71
79259  70
68157  69
4233  68
74458  70
3258  69
1262  70
3949  70
101025  68
69526  70
1831  69
1083  70
1884  69
1476  70
156609  70
3755  69
111659  68
4734  68
161  70
95201  70
135887  70
2598  69
87232  69
4634  71
5334  70
5459  69
146730  70
72694  70
157432  70
132488  70
4558  69
1375  69
6424  70
71518  70
2716  70
94780  70
3593  69
129354  70
158  69
1409  69
6514  70
2881  70
51662  70
90522  70
68554  70
2126  70
122932  70
93510  70
137857  69
125916  69
2953  68
2090  70
1760  68
480  70
58803  69
2109  70
50792  69
46062  68
85510  69
80864  70
112171  70
122900  70
2587  71
1527  70
117529  69
4993  69
92264  70
5247  69
533  68
912  70
26464  70
2249  70
4678  69
103772  70
114601  70
96861  70
420  69
59615  67
2349  71
109372  69
95207  69
348  70
19  70
136020  69
4502  68
91094  69
138208  70
3511  67
79428  70
2643  69
109183  70
2139  70
4212  70
5942  68
96417  70
112852  69
99728  71
89470  70
142448  70
64983  69
2640  71
2046  70
4881  70
3882  69
3744  69
1032  70
116799  70
5  69
4040  69
157407  70
2115  70
1617  71
4367  69
105254  70
3388  68
3760  70
2146  70
2968  70
6281  69
466  70
96448  69
86332  69
64969  70
115170  70
1036  70
3397  69
2474  70
1408  71
155743  70
106920  69
8542  69
120466  70
2051  69
7143  70
7150  69
89087  68
34150  69
2253  69
2973  70
449|8
1917  70
2502  70
4034  70
1222  70
2770  70
762  68
2011  71
2324  71
450|11
3977  69
589  70
110  71
3363  69
3535  70
3948  70
3409  69
1035  69
3568  70
358  70
1259  70
451|7
733  71
593  71
7  68
5  69
494  69
25  70
17  69
452|20
4025  69
2858  70
2617  70
5292  69
1206  72
1676  70
3219  70
47  71
3101  71
163  70
1092  70
1917  70
2126  70
1356  70
552  69
2628  70
1200  69
608  70
2707  69
3273  70
453|20
208  70
858  71
2335  70
4022  69
3618  70
1617  71
3452  69
1357  70
112  70
2671  71
1884  70
1894  69
2294  69
318  70
1614  69
3534  69
2959  70
798  70
5266  69
780  70
454|9
7361  72
2692  70
7116  70
55820  70
6016  70
27773  70
2160  70
2858  70
26131  71
455|12
272  70
432  69
367  69
590  70
253  70
364  71
555  69
252  69
110  71
225  69
588  69
597  70
456|9
1407  70
634  69
135  68
5  69
724  69
780  70
733  71
260  71
706  70
457|10
329  69
3593  69
2692  70
1356  69
223  71
2394  68
2701  69
3608  69
733  71
2094  70
458|12
597  70
185  70
10  71
380  71
95  69
454  69
300  70
595  70
153  69
587  69
150  69
552  69
459|6
79132  71
5618  71
8961  71
48780  70
50872  70
260  71
460|17
89039  70
4886  70
4703  71
3831  69
1441  69
4878  71
3483  68
8970  70
1  70
49272  69
40815  70
85414  70
68237  71
76093  70
47610  71
63082  70
2571  71
461|6
74458  70
2762  71
1036  70
91500  69
3578  70
539  70
462|20
26838  70
89090  70
164655  70
188189  70
1136  71
1219  70
158966  69
1248  70
508  70
1653  70
1674  70
8917  70
8620  68
3424  72
2146  70
7044  70
3814  70
1213  70
82857  70
26131  70
463|7
6377  70
2028  71
4310  68
3753  70
2006  69
1092  70
5995  70
464|20
1370  69
58025  70
63853  70
296  71
2019  71
3527  70
5254  68
7007  70
1101  70
1779  69
377  70
1653  70
55820  70
648  70
33493  70
1610  71
65088  70
74727  72
1617  71
62374  70
465|20
2941  70
2987  70
1200  69
3448  70
5060  70
1299  71
3703  70
3649  69
1625  71
292  71
904  71
3101  70
1754  69
750  69
1256  70
593  71
3732  71
3740  71
3334  71
377  70
466|20
5418  69
30793  70
79091  69
92259  70
5989  70
5459  69
318  70
63082  70
59784  69
5010  69
74458  70
6281  69
5952  70
8529  70
64716  70
68954  69
4993  70
45447  69
81845  71
55247  69
467|22
41  70
58  70
389  70
466  70
527  70
593  71
780  70
1183  70
1233  70
1357  70
1365  71
1408  71
1721  69
2028  71
2125  71
2324  71
2334  69
2384  70
2390  71
2393  70
2394  68
2493  70
468|7
592  70
349  70
1  70
317  69
296  71
32  70
165  69
469|20
3658  70
3832  70
3507  71
3032  72
2736  70
2132  71
1958  70
910  70
1090  71
1485  69
1388  69
2321  69
1234  72
2081  70
1193  71
36  70
2908  70
909  70
2023  69
3255  69
470|16
253  70
318  70
110  71
588  69
282  69
5  69
597  70
32  70
595  70
592  70
500  71
26  70
356  71
357  70
434  69
300  70
471|6
2571  71
8874  70
527  70
1  70
8360  69
7147  70
472|6
58559  70
3450  70
3298  70
2840  69
1221  71
858  71
473|8
4979  69
2959  70
60  70
7147  70
6281  69
3897  70
48322  70
2596  69
474|422
638  70
2179  70
2697  70
4046  70
5114  70
5311  70
5353  70
5455  70
5601  70
6201  70
6273  70
6382  70
6407  70
6592  70
6912  70
7702  70
7826  70
7832  70
7839  70
8057  70
8446  70
8458  70
8459  70
8611  70
8650  70
8774  70
8938  70
1466  71
6708  70
2940  71
2616  70
2334  69
7139  71
4218  70
371  70
750  69
2935  70
8645  70
5481  69
6370  70
25865  70
2553  69
912  69
2467  71
5548  71
7301  70
52967  71
5945  68
480  70
1983  69
3462  70
1068  70
8600  70
6650  70
8482  70
6791  71
4016  71
1784  69
3668  70
3977  68
8961  70
4160  71
30820  71
6984  70
2750  69
5034  70
7716  70
2612  70
4419  71
1300  70
4187  70
1187  70
6565  70
272  69
5440  70
25937  70
1099  70
3125  70
5826  70
5649  70
7256  71
4912  70
6016  71
1208  70
2083  70
3385  70
2310  70
3360  70
3163  71
1413  71
4081  68
1643  70
968  71
2116  69
26965  71
5954  71
1263  70
5116  70
3536  68
8778  70
63433  71
2952  70
318  70
3394  70
1200  69
3384  70
4356  70
932  71
7698  69
516  69
4873  70
48385  69
39869  71
1902  70
2641  69
7036  70
2181  70
4638  69
31116  70
2455  69
2146  70
628  70
3897  69
1030  69
4022  69
344  70
3196  71
92  69
237  70
6770  70
3259  69
3368  70
26151  70
1293  69
34072  69
3044  70
1639  69
5944  70
6539  70
477  70
7361  71
55687  70
58  70
4014  70
3467  70
8154  70
4191  71
2134  69
4644  70
4293  70
5013  70
1399  70
1196  70
2918  70
5899  71
4465  70
100  70
361  69
3341  70
8921  70
195  70
3789  70
4709  69
1588  68
3468  70
4678  70
2723  71
2118  70
1939  70
7019  70
3147  71
1792  70
33903  72
1682  70
41566  69
1693  69
1957  70
5021  70
2313  69
3870  70
948  70
47099  72
3447  70
6614  70
216  68
5619  70
3987  69
5060  70
3111  71
45950  69
32584  69
5525  70
2567  67
5956  70
7  69
1172  70
3217  71
8331  70
587  69
5238  70
1189  70
2416  71
832  69
3095  70
7386  69
1223  69
7058  70
5246  69
5418  69
27803  70
26  70
4002  69
1135  70
45  70
6945  71
2411  69
2520  70
7347  68
5375  70
5673  70
3039  71
7833  70
33781  70
720  71
2103  70
33154  70
608  70
1327  68
101  71
7061  70
5451  70
5682  70
5434  69
6609  70
31658  71
4578  69
2009  68
4704  70
7572  70
4929  68
3306  71
6334  71
5379  70
5437  69
42418  69
4128  69
7451  68
2786  69
2243  69
27846  70
6197  71
3264  69
3608  68
5603  71
6124  69
1222  70
1663  69
3566  68
3755  70
2628  70
4815  69
2089  69
7102  69
27706  69
7013  70
1348  70
45666  68
5755  69
4055  70
2058  68
4462  69
1544  70
2405  68
4998  70
273  69
1977  69
1732  71
7822  70
7073  70
41527  71
4787  70
1676  70
3708  69
6669  70
317  69
25940  70
971  71
7366  69
3115  71
7026  69
2710  70
50685  69
2114  69
3809  70
3516  70
2770  70
535  69
4878  71
5992  70
41997  70
1083  70
4487  70
7293  69
1016  70
2006  69
1007  69
4993  70
3412  70
5007  70
3929  68
6639  71
8712  70
1876  69
3546  70
34359  70
7579  70
7325  70
6837  70
2634  69
7753  70
8943  70
8385  70
4308  68
3246  71
3745  70
1148  70
42002  70
50740  71
3952  70
1927  70
7581  70
910  70
3948  69
54881  70
1284  71
4007  70
5341  70
3675  71
52975  69
6244  71
965  70
454  68
1247  69
7215  69
1282  69
8207  72
6242  70
6502  70
4509  70
3528  70
2391  68
4262  69
4039  69
42018  69
3271  70
976  70
48394  69
5384  70
5168  70
1358  71
6534  69
8773  70
2384  69
48780  70
1269  70
4600  71
2642  68
111  71
933  70
3578  71
5297  70
944  70
6020  70
2123  69
748  69
4896  70
5380  69
53953  70
3712  71
25996  70
1997  71
4464  70
4085  70
51540  70
2707  68
2069  71
6710  70
1488  69
6378  70
928  71
3038  70
7116  71
44511  70
594  69
1962  68
421  70
4316  67
2761  69
4823  68
892  68
1345  70
5294  69
1408  71
6579  70
3272  69
3421  70
3844  69
6787  69
37736  71
2249  71
1610  71
2468  70
3498  70
4902  70
6268  71
5225  71
5404  70
929  70
25999  70
7835  70
805  69
4126  71
475|20
6539  70
4993  70
87232  70
40815  70
5816  69
8644  70
81564  70
4701  69
81834  69
6564  69
68791  69
111759  70
7153  71
1527  71
71530  70
4896  70
106487  69
112852  70
3578  70
82461  69
476|14
594  70
34  70
380  71
158  69
153  69
586  70
440  68
364  71
378  69
357  70
224  70
165  69
296  71
11  69
477|20
34  70
913  70
3100  70
2105  70
1271  70
1207  70
70687  69
2174  70
45672  69
4571  70
3973  69
4226  71
1103  69
5291  70
348  70
3593  69
1  70
1274  69
6502  70
59615  68
478|5
1917  70
3114  70
594  70
1584  69
1101  70
479|20
5365  70
4488  71
524  69
1025  70
3707  69
1220  70
4010  69
3244  71
3526  69
4092  69
1968  70
4700  69
4003  71
3671  71
2671  71
341  70
2012  70
2542  71
454  69
2384  70
480|20
43914  70
2700  71
8533  70
2193  70
2797  69
3484  70
2571  71
1210  70
2596  70
8866  70
47610  71
6306  70
5379  69
2018  69
7153  71
3911  70
44191  71
38061  70
5673  70
380  71
481|7
1608  69
1687  70
1629  70
1729  69
1620  69
1597  69
1485  69
482|20
2068  72
8985  69
1036  70
474  70
1042  69
4389  71
780  70
27706  67
3211  70
1610  71
4367  69
1374  71
1220  70
1602  69
653  69
592  70
30812  70
4862  70
8361  69
8529  70
483|20
105325  70
783  70
2541  69
2959  70
109971  70
45722  71
1199  70
50872  70
2000  69
4306  69
69757  70
2683  69
2273  69
1588  69
109487  69
66934  70
1721  69
2328  69
68522  70
8972  69
484|20
93320  70
1438  69
6155  69
6944  70
2706  70
33166  70
6874  71
3697  70
1059  70
76293  71
919  70
2762  71
1821  69
837  70
5810  69
1753  70
3254  69
4718  70
2413  69
3646  68
485|5
588  69
161  70
253  70
292  71
231  70
486|12
653  69
47  71
110  71
153  69
474  70
95  69
288  68
329  69
161  70
318  70
292  71
6  71
487|12
27611  70
8961  70
318  70
1198  71
31658  70
1197  71
6539  70
5445  71
116797  70
4027  70
8874  70
86377  71
488|20
720  70
838  70
608  70
1223  69
26  70
5135  71
2109  70
7720  69
7303  71
4014  70
5995  70
457  72
105  70
1136  71
272  70
1269  71
3176  71
1278  70
1125  70
910  70
489|20
79536  70
86000  70
4848  70
736  69
8387  68
4700  69
45666  68
4720  69
2683  69
2021  70
2389  67
1619  69
950  70
58559  70
2236  69
2167  69
1616  69
247  71
376  69
2717  69
490|20
46578  69
89492  69
81591  69
91077  71
60074  69
5816  69
4144  70
54001  70
1  70
1784  69
7153  71
4993  70
89759  71
86320  70
60128  70
76251  70
8368  70
69122  69
2006  69
78499  70
491|13
106782  70
69757  70
7293  69
27808  70
4246  70
3948  70
104374  70
86833  71
140110  70
8529  70
180231  70
4306  69
88405  69
492|20
736  69
784  69
628  70
858  71
852  70
64  69
990  68
830  69
743  70
62  69
52  69
1499  68
66  70
1210  70
881  68
1474  67
1405  68
724  69
1047  69
65  70
493|13
2985  70
4444  70
2916  70
1275  69
2571  71
1527  71
2028  71
3793  70
2167  70
1215  70
4701  69
2924  70
260  71
494|5
1196  70
4498  69
3578  70
2028  71
1210  70
495|20
140523  70
115149  70
1259  70
1721  69
136562  70
80489  70
19  69
50872  70
231  70
102123  70
52319  70
7254  69
7360  70
8528  69
1645  70
46578  69
30810  70
2918  70
148626  70
56775  69
496|6
1221  71
99149  70
858  70
904  71
8865  68
114713  71
497|11
1193  71
112556  69
112290  70
1916  70
92259  70
2329  71
112552  70
1258  71
2762  71
5349  70
111362  69
498|7
344  70
231  70
648  70
10  71
300  70
356  71
316  70
499|6
1202  70
2337  70
38304  71
327  69
56286  70
1304  70
500|18
2599  69
2987  70
543  70
2700  71
2542  71
1265  70
2916  70
356  71
3301  71
1784  69
1914  70
595  70
2355  69
3536  69
1885  70
322  70
838  69
720  70
501|9
6  71
62  69
93  69
45  70
3  70
637  68
11  69
18  70
662  70
502|7
7236  69
1077  70
4412  70
3469  70
2001  70
2520  70
1777  71
503|19
7455  70
7361  71
4878  71
356  71
91500  69
593  71
527  70
858  71
4226  71
1259  71
1342  69
2877  70
92509  70
90866  70
500  71
441  70
48516  71
2858  70
48394  69
504|18
4995  71
5812  69
2321  69
1  70
3556  70
7153  71
6708  70
1288  71
6927  70
4033  69
4700  69
6565  70
342  70
3408  70
6879  70
4361  70
5952  70
5955  69
505|7
1241  70
4105  71
1029  70
74685  71
273  70
6502  70
54999  69
506|9
59258  69
54272  71
37741  70
56782  71
62293  70
51834  69
49286  69
112556  69
61024  70
507|5
165  69
266  70
253  70
377  70
593  71
508|5
2872  69
2011  71
1952  71
1175  71
898  71
509|20
26958  70
130073  70
2028  71
87232  69
33830  70
5313  69
48  70
2090  70
2080  69
6942  70
8907  68
6156  69
5816  69
39  69
3988  69
6807  69
7458  68
1196  70
45447  69
616  70
510|20
1882  69
7026  69
35836  70
494  69
1198  71
514  69
457  72
2935  70
858  70
2699  69
317  69
8949  69
2918  70
145  69
1262  70
6787  69
1208  70
372  69
1242  71
40819  70
511|11
2959  70
53953  69
115149  70
164179  70
6534  70
99114  70
92259  70
318  70
2324  71
1653  70
56757  69
512|10
480  70
150  69
349  70
47  71
350  70
442  68
457  72
50  70
317  69
593  71
513|7
5952  70
318  70
2174  70
235  71
1304  70
1220  70
1080  71
514|20
1335  70
5704  70
62586  70
168358  70
180263  70
1704  71
2005  71
2792  69
2013  69
1673  70
134130  70
76093  69
1333  70
58998  70
68157  69
2406  70
3210  70
54503  69
4855  70
1644  68
515|6
33794  71
2028  71
527  70
91529  70
58559  70
2959  70
516|26
260  71
457  72
480  70
647  69
708  69
1042  69
1090  71
1197  71
1198  71
1954  72
1958  70
2021  70
2259  69
2268  70
3052  68
3471  71
4027  70
4291  69
4306  69
4321  70
4322  69
4333  68
4337  70
4349  69
4361  70
4429  71
517|20
4306  69
53125  68
1265  70
165489  70
97938  70
88744  69
86880  68
4148  69
26761  70
3398  71
1293  69
3988  68
2858  70
4963  70
1204  72
1704  71
47629  69
7669  70
1206  71
46578  68
518|5
3101  70
2657  70
783  70
1876  69
6365  70
519|6
1704  71
356  71
140110  70
6378  70
7445  70
1968  70
520|20
7266  70
318  70
1049  70
59315  70
4995  71
32  70
2716  70
4333  68
1291  71
1732  71
4085  70
2723  71
3081  69
3994  69
33493  70
135  68
2393  70
60516  69
2406  70
1584  69
521|8
661  71
112  70
86  69
104  69
58  70
79  69
52  69
852  70
522|20
99114  70
81932  69
89492  69
63113  69
2959  70
1193  71
1375  68
4993  70
223  71
27611  70
76060  69
180  69
59315  70
1617  71
10  71
67255  70
2023  69
6187  69
318  70
127098  71
523|15
168252  70
8970  70
5989  70
318  70
91529  70
1721  69
293  69
65261  71
4270  68
3147  71
27731  70
134130  70
31696  71
527  70
101962  71
524|20
1356  69
150  69
552  69
748  69
344  70
442  68
253  70
1225  70
20  69
589  70
1242  71
544  70
173  69
1302  70
380  71
457  72
1020  68
788  69
193  68
466  70
525|20
120807  70
317  69
6863  70
8622  70
33004  70
7147  70
2396  71
40815  70
137337  70
1639  70
1968  70
91869  70
45880  68
2100  69
339  69
4886  70
50872  69
86332  70
8983  69
3996  69
526|12
593  71
55247  70
46578  69
176415  70
1295  70
90430  70
4014  70
2352  69
176413  70
215  71
81845  71
51255  71
527|20
2137  70
3114  71
3210  70
3016  69
2161  70
4571  70
2118  70
3421  70
455  69
2867  69
2450  69
1909  70
1214  71
4299  69
736  69
2477  69
588  69
4016  71
1259  70
2533  69
528|15
4886  70
2278  70
80906  70
4037  70
1240  69
64614  71
3821  68
150  69
1291  71
80463  69
593  71
99813  70
85342  71
48516  71
58559  70
529|5
653  69
135  68
65  70
62  69
733  71
530|6
292  71
500  71
300  70
586  70
593  71
11  69
531|5
593  71
590  70
919  70
480  70
1215  70
532|10
1721  69
4863  70
457  72
290  70
1245  71
1242  71
2023  69
2329  71
1304  70
517  70
533|8
1200  69
6502  70
79132  71
46578  69
93840  70
4973  70
2455  69
66934  70
534|20
116724  70
97913  69
94953  69
2003  70
2167  70
7569  70
153  69
1485  69
65514  70
104218  71
344  70
2571  71
5445  71
95875  70
112818  71
82461  69
96610  69
2987  70
138036  70
1566  70
535|6
2571  71
2581  68
2700  71
2688  68
2583  69
2882  68
536|8
232  70
272  70
356  71
335  70
225  69
150  69
434  69
589  70
537|10
80906  70
367  69
7153  71
53322  70
104218  71
97304  70
6539  70
318  70
89745  70
105504  70
538|8
595  70
3671  71
80549  70
4039  69
69757  70
5047  70
44889  70
66934  70
539|8
4306  69
6753  70
5218  70
50872  69
88  69
3301  71
4886  70
69122  70
540|9
2598  69
2959  70
1073  70
8874  70
1681  69
2183  69
2841  69
2747  70
1196  70
541|18
590  70
457  72
413  69
15  69
110  71
595  70
597  70
480  70
356  71
203  70
529  70
357  70
22  69
345  71
546  69
586  70
281  70
350  70
542|20
6539  70
30793  70
5299  69
2542  71
34319  71
33679  69
4963  70
5481  69
1997  71
4025  68
3623  68
924  70
4369  69
6378  70
2571  71
7254  69
41566  69
37733  70
7361  71
45517  71
543|16
73881  72
1702  70
595  70
3301  71
231  70
2378  69
2379  69
86882  69
6377  70
588  69
377  70
48385  70
2571  71
4526  70
4388  69
92259  70
544|22
1  70
3  70
14  70
32  70
40  70
62  69
68  70
95  69
116  69
619  70
626  70
648  70
650  69
694  70
736  69
780  70
839  69
1042  69
1047  69
1059  70
1105  70
1356  69
545|5
1438  69
1267  70
2763  70
1367  70
44  69
546|13
1270  69
3328  70
480  70
1970  69
2456  68
1976  68
589  70
2657  70
1673  70
3941  70
3959  69
3566  69
1977  68
547|5
1211  71
2859  71
2917  71
1394  70
1288  71
548|26
69  69
260  71
356  71
733  71
1196  70
1393  71
1477  70
1621  69
2571  71
2716  70
3263  69
3578  70
3916  69
4776  70
4899  68
5955  69
6874  70
7458  68
8531  69
49910  70
58559  70
74532  69
80862  71
122904  70
125916  69
168712  70
549|5
2571  71
2028  71
4226  71
1210  70
589  70
550|6
167296  70
102125  70
106782  70
116797  70
112852  70
122882  69
551|20
5010  69
34162  70
60069  71
1544  69
45186  70
103772  69
51935  69
4226  71
2353  69
7153  71
5989  70
135569  70
115149  70
88129  70
134130  70
6934  69
47  71
4701  69
2959  70
98809  68
552|20
2916  70
3317  69
1405  68
2953  68
2245  69
2944  70
2890  71
2125  71
508  70
3948  70
5349  70
2959  70
2857  70
173  69
2991  70
2871  70
2628  70
4308  69
4878  71
3101  70
553|17
55765  69
3481  70
1923  70
2571  71
4011  70
50  70
3949  70
1089  71
44199  70
5513  70
2231  69
2395  69
3052  68
61257  70
1221  71
33166  70
2959  70
554|18
1196  70
1022  69
2820  70
1207  70
1517  71
1282  70
1210  70
1760  67
2282  70
1225  70
907  70
1358  71
2096  70
1028  70
593  71
608  70
953  70
2324  71
555|20
790  70
3664  70
1  70
3111  70
3395  69
104  69
1334  68
2506  69
2072  70
4002  70
1266  70
2641  69
2256  69
2791  70
2701  69
1333  71
1320  69
337  70
1393  71
3526  69
556|7
162600  70
122890  71
3081  69
88125  70
588  69
72998  69
74789  69
557|6
648  70
231  70
1291  71
260  71
1210  70
150  69
558|12
5329  69
5064  69
4903  69
2297  70
2568  71
4993  70
4306  69
367  69
5283  70
1097  70
4164  71
5294  69
559|20
552  69
608  70
355  69
329  69
544  69
1527  70
173  69
377  70
745  69
174  68
529  70
350  70
349  70
533  69
836  69
1210  70
420  69
786  70
227  69
253  70
560|20
5839  70
91535  69
136018  70
67997  71
79132  70
3253  69
142558  70
2355  69
39435  69
1527  71
40414  70
64614  71
48744  71
56587  69
593  71
76251  70
84944  70
109313  70
5878  69
40819  70
561|20
168174  70
5308  68
78469  69
3703  70
60069  71
91535  69
2105  70
73017  68
5445  71
2000  69
83134  71
79132  70
79592  70
80463  69
89745  70
527  70
8972  69
353  69
33162  69
68157  70
562|20
27140  70
6870  71
6377  70
2580  70
1249  70
4776  70
36529  69
1259  70
1982  68
2268  71
2133  67
83134  71
3210  70
48394  69
30707  70
33836  69
2692  70
88163  70
99191  70
1240  69
563|20
61071  70
70932  70
80858  70
919  70
74450  70
588  69
5943  68
118997  70
86833  71
1197  71
128832  70
85397  71
45221  68
33499  68
7380  70
96821  69
81784  70
95307  69
65585  70
55250  69
564|20
50942  70
356  71
31685  69
131013  69
61024  70
79224  69
87869  69
500  71
108156  69
81784  70
93270  70
6188  70
106918  70
65230  70
67087  70
80693  70
94677  70
8984  70
73266  69
2671  71
565|6
590  70
231  70
19  69
21  70
50  70
539  70
566|15
648  70
10  71
231  70
329  69
342  70
141  70
203  70
345  71
39  69
497  70
265  71
588  69
708  69
353  69
2  69
567|20
8189  70
26743  70
92681  70
109897  70
152071  70
5690  69
136602  70
122888  70
6333  69
1274  69
122922  68
153070  70
151687  70
117877  70
108928  69
954  71
122924  68
27773  70
648  70
135887  70
568|23
50  70
147  69
296  71
356  71
480  70
593  71
765  71
1103  70
1104  70
1257  70
1298  71
1895  70
2313  69
2359  70
2863  71
3053  70
3148  69
3261  69
3363  69
8169  70
46723  70
63853  70
65088  70
569|5
231  70
50  70
380  71
588  69
592  70
570|20
208  70
8636  70
48516  71
1225  70
586  70
2683  69
457  72
1196  70
110  71
4993  70
7361  71
1198  71
1079  71
10  71
3793  70
1391  69
589  70
380  71
527  70
185  70
571|20
1331  70
2982  70
2366  69
1128  70
610  71
2902  69
1998  70
3696  70
1980  70
1987  70
70  70
1924  68
2279  70
1327  69
3732  70
1972  69
1278  70
1644  68
2327  71
1978  69
572|20
1961  70
2570  70
2788  71
2321  70
111  71
904  71
2987  70
2302  69
1834  71
2539  69
2917  71
1307  71
1  70
161  70
3421  70
838  70
1356  70
2006  69
3167  69
1953  70
573|20
89745  70
72998  69
3752  69
356  71
7293  69
6754  70
8665  70
32587  70
1073  70
88744  70
1127  71
68954  69
98809  68
2640  71
48516  71
71535  69
59369  69
60069  72
88140  69
1562  69
574|23
47  71
110  71
150  69
153  69
161  70
185  70
225  69
231  70
292  71
296  71
300  70
316  70
318  70
329  69
339  69
344  70
380  71
410  70
434  69
588  69
592  70
593  71
595  70
575|8
2566  69
2580  70
296  71
2581  68
2572  70
2542  71
2574  69
2598  69
576|5
849  70
1321  70
1373  70
1479  69
2289  70
577|20
2415  70
1183  70
1288  71
1129  70
2944  71
2194  70
733  71
1213  70
2076  70
2020  70
1262  70
1931  70
1391  69
2987  70
952  69
1909  69
260  71
919  70
2248  69
1270  69
578|6
6751  70
52668  71
45668  70
830  70
72407  70
75446  70
579|15
3174  68
2485  69
1022  69
2018  69
838  70
1917  70
1391  69
596  70
1573  71
2965  70
1653  70
2599  69
892  69
2687  70
595  70
580|20
5767  70
6583  70
480  70
8844  70
6989  69
3809  70
41569  69
3699  69
4041  70
33166  70
356  71
508  70
8376  71
3578  70
608  70
3785  69
3089  71
1320  69
54286  70
1201  71
581|8
7153  71
5995  70
4973  70
116797  70
3949  70
4306  69
109487  69
6377  70
582|12
91529  70
2959  70
116797  70
4993  70
5618  71
2571  71
76251  70
69844  71
104841  69
48516  71
97752  70
76093  70
583|12
8533  70
88405  69
2706  70
117590  70
317  69
60756  69
6942  70
595  70
46578  69
104  69
2694  69
7451  69
584|17
288  68
22  69
203  71
315  69
500  71
316  70
539  70
234  68
296  71
257  70
434  69
586  70
338  69
349  70
282  69
480  70
590  70
585|13
3173  68
1228  70
54503  69
2959  70
428  70
1405  68
7254  70
441  70
1805  69
296  71
27373  70
5325  70
79132  71
586|20
34332  69
4016  71
111659  70
106002  70
149406  70
167036  71
45499  71
136556  70
5445  71
117851  70
1291  71
71264  71
106489  69
135436  70
3753  70
2640  71
3147  71
122916  71
3793  70
101362  70
587|20
1234  72
628  70
2012  70
534  70
2002  69
1641  70
236  70
1376  70
2622  70
1541  68
3260  70
497  70
3082  69
445  70
3448  70
2574  69
765  71
691  70
329  69
3406  69
588|12
50  70
16  70
20  69
356  71
350  70
198  70
593  71
364  71
163  70
253  70
223  71
3  70
589|8
1092  70
318  70
590  70
373  69
586  70
587  69
527  70
337  70
590|20
924  70
8807  69
2371  69
38061  70
81834  69
40815  70
4890  68
903  70
5  69
3624  69
555  69
4047  71
51662  69
2085  69
419  69
595  70
329  68
2376  70
3635  70
2398  70
591|11
2908  70
2706  69
2712  71
2355  69
3615  69
3578  70
2394  68
3798  69
356  71
223  71
2724  69
592|19
514  69
2  69
153  69
415  70
110  71
177  70
420  69
380  71
44  69
788  69
588  69
163  70
204  70
610  71
39  69
419  69
253  70
432  69
240  69
593|20
1196  70
1073  70
1086  71
1617  71
4034  70
41566  69
1197  71
344  70
8368  70
339  69
2959  70
8961  70
5816  69
2797  69
4896  70
588  69
595  70
5952  69
377  70
141  70
594|20
7031  70
2671  71
7115  70
1616  70
5943  68
1188  70
2269  69
1733  72
4902  69
6996  70
780  69
1429  70
6140  70
7046  69
39  69
595  70
799  70
2028  71
8482  70
7169  69
595|5
265  71
50  70
1186  70
1199  70
1966  70
596|20
33649  70
43744  70
182793  70
129397  69
128908  70
1  70
142488  70
122922  70
4310  68
71838  70
4025  68
2501  70
110102  70
149406  70
2774  70
5502  70
8665  70
6537  69
2571  71
345  71
597|20
1799  70
490  71
3040  69
2529  70
2858  70
903  70
3039  70
2000  69
1291  71
357  70
1228  70
1845  70
2411  70
1580  71
1148  70
1198  72
2723  71
485  70
592  70
2692  70
598|5
56367  69
8360  69
593  71
114265  70
103543  70
599|496
26142  70
26567  70
26590  70
26676  70
26854  70
27595  70
34800  70
53450  70
60803  70
69131  70
74696  70
79895  70
84523  70
87960  70
92674  70
98799  70
102735  70
102852  70
104017  70
105020  70
122433  70
157865  70
158874  70
160978  70
161044  70
174727  70
179053  70
1801  69
6035  70
3387  68
33437  69
112  70
5995  70
167706  70
4394  70
836  69
7235  70
8809  71
102749  70
89087  69
42011  68
432  69
471  69
5628  70
1015  69
2  69
2269  70
69  69
3947  69
79091  69
104837  70
4037  71
7587  71
6881  70
1449  70
7225  70
81229  67
68952  69
4728  68
5081  70
33966  70
1779  68
3669  70
87197  70
170297  70
79057  69
95965  70
55207  70
4007  70
1220  70
80831  71
46723  70
71282  70
7757  70
3259  69
92309  69
1376  69
7192  70
4654  69
101423  70
53468  69
62662  70
3174  68
3698  70
2882  70
2359  70
1183  70
2792  69
1095  70
8387  69
53125  69
115713  70
2949  71
2471  68
3  69
1231  69
3861  69
240  70
1480  70
2301  69
1445  69
8045  70
586  70
2942  69
1185  69
4594  70
2474  69
3671  71
3196  70
64839  69
98697  70
2606  70
1777  70
5309  70
7022  70
4873  71
541  70
27311  71
43921  71
67734  69
4240  70
5026  69
168  69
33493  70
4125  68
7354  69
207  68
1094  70
742  69
1609  68
1042  69
3362  70
4553  69
4632  71
2278  70
468  69
122904  70
75416  70
42718  69
4285  69
79274  71
1794  70
45081  69
108192  70
3489  69
3503  70
89804  70
163809  70
577  69
3071  69
1204  71
3981  69
95771  70
45382  70
6548  70
59387  70
166528  71
168492  70
6691  70
605  69
424  69
2991  70
248  69
97950  70
3865  69
1216  69
342  69
35836  70
27772  68
176419  70
151781  70
277  68
6320  68
39381  70
5111  70
4090  70
2450  68
2676  69
2356  69
79702  71
1597  69
410  70
1721  69
3702  69
183301  70
1387  70
2072  69
26729  70
2393  69
4247  68
4591  69
1032  70
3087  69
1895  70
634  68
210  70
2074  71
51575  69
3505  69
5247  70
481  68
4215  68
1355  67
2657  70
2028  71
4011  69
420  69
552  70
1196  70
2395  69
5303  70
1752  70
3186  69
4310  67
1784  69
3200  70
7254  69
688  69
473  69
1079  71
1552  69
1148  70
1544  69
63113  69
2325  68
26649  70
6804  70
161  70
4109  69
34332  69
1653  69
4808  69
7707  70
3468  70
502  69
1221  70
1792  69
68319  69
6787  69
2119  68
3884  66
4254  68
3973  68
103609  70
8934  70
5377  69
42632  70
55290  69
4506  68
7840  70
5568  69
1689  69
7005  70
103228  70
59947  70
786  69
4351  70
172253  70
4679  70
1411  68
117630  70
1590  69
112623  70
3146  68
8984  70
1920  70
519  69
179817  70
3979  68
3741  70
44020  70
26630  70
7285  69
3030  70
1021  69
8638  71
87  69
7153  70
2877  69
2018  69
3173  69
5198  70
7101  69
7701  69
3213  71
26159  70
2339  70
33896  71
2000  69
4006  69
136562  70
37382  70
6645  69
171763  70
8528  68
27008  70
4017  69
4167  68
86142  70
1249  69
3255  69
736  69
2779  70
84414  71
27773  70
2083  69
98499  69
4034  70
119828  70
1993  69
94864  68
6631  70
2321  69
26242  69
3703  70
41566  68
2529  70
1968  70
8914  69
3257  68
159403  70
1036  69
76093  69
5103  67
6947  70
1952  71
2124  69
4084  69
6016  69
778  70
81  69
2171  69
1253  69
4275  70
7982  70
3723  71
849  69
2681  70
6565  69
39414  69
122916  70
6440  70
8917  70
72011  70
1605  69
1240  69
923  70
68157  69
5961  70
5053  70
3571  71
2403  70
3871  70
44238  70
72226  69
7004  69
2054  70
62970  69
5159  70
354  70
122924  69
48774  70
1394  70
3763  70
70286  70
1904  69
3969  69
81562  70
102590  70
233  69
4155  71
1031  70
76  70
459  68
1097  70
1178  71
60291  70
3328  70
1232  69
3036  70
5283  69
4327  68
610  71
2726  69
4732  68
5970  69
2396  71
594  70
1247  69
45499  71
3476  70
2399  70
137218  70
1997  71
3271  70
27801  69
6365  70
1799  69
580  70
122900  69
2803  69
80219  69
466  70
110882  70
3997  67
26176  70
2378  68
117895  68
26662  70
90603  70
119218  70
44  69
809  69
1960  69
4519  69
1959  69
414  69
1073  70
61236  70
1479  69
4019  69
1245  70
37857  70
161032  70
371  71
3020  70
88593  70
6774  70
2005  71
90405  70
26285  70
6793  69
627  69
1617  72
6734  68
108090  70
2427  70
51024  69
122922  70
3440  68
6874  70
4919  70
338  69
81591  69
1704  71
1499  67
357  70
62155  70
144  69
34148  70
53519  69
4504  70
2796  70
216  69
6827  68
1429  70
7445  69
1385  69
90471  71
8425  70
10  71
26542  69
7387  71
72998  68
89470  70
3629  69
1297  69
3424  71
1672  69
44761  70
196  69
70703  70
2383  68
180  69
4040  69
6333  69
4440  71
5291  70
88235  69
1639  69
4580  69
153236  70
86190  68
4477  68
103027  70
32291  70
34811  70
5171  69
122260  70
8784  68
5954  70
8798  69
707  69
880  70
314  70
61323  69
600|20
3269  69
1394  70
3785  69
2717  69
5569  70
4306  70
1206  71
56775  68
2015  69
7  68
2013  68
262  69
1210  70
1060  69
2431  69
2077  69
2423  71
4641  69
527  70
5076  69
601|20
141846  70
68157  70
1262  71
106782  70
60069  72
49272  69
5445  71
1193  71
1207  70
79132  71
904  71
166024  71
1917  70
7153  71
2324  71
170697  71
31658  70
5989  70
88810  70
2571  71
602|20
161  70
19  69
350  70
494  69
14  70
471  70
125  69
434  69
235  71
481  69
315  69
371  70
474  70
527  70
21  70
349  70
440  69
339  69
480  70
163  70
603|20
602  70
803  70
2008  70
2577  70
3459  70
4787  70
2912  71
1769  69
485  70
4420  70
920  68
1  69
2706  70
1844  70
3787  72
1222  70
190  70
2716  70
3983  70
101  70
604|20
220  70
292  71
151  70
329  69
410  70
426  69
435  69
316  70
22  69
235  71
181  69
332  70
273  70
637  68
285  70
173  69
588  69
23  68
553  71
1  70
605|20
35347  70
6787  70
1197  71
5667  70
42738  69
51662  69
7373  70
596  70
780  69
4571  70
2316  70
7454  68
150  69
60040  69
8977  70
3269  69
72982  70
1210  70
62376  70
60937  69
606|20
263  70
563  70
583  70
3808  70
4671  70
4840  70
5856  70
6111  70
6573  70
8685  70
32728  70
55805  70
3147  71
4392  69
2311  71
6308  68
50842  71
6591  70
8270  71
2025  70
607|20
891  70
1610  71
448  70
3147  71
1094  70
1307  71
592  70
204  70
1552  69
527  70
3476  70
296  71
2313  69
3440  68
423  70
1518  70
2118  70
2193  70
380  71
2028  71
608|20
52245  68
2997  71
3793  70
2763  69
174  68
2000  69
1214  71
919  70
2700  71
4161  69
5146  68
1639  70
541  70
473  69
2529  70
522  70
4343  68
1909  69
2431  69
1220  70
609|8
296  71
833  68
356  71
339  69
454  69
318  70
208  70
292  71
610|20
5953  70
58975  70
70206  70
78626  70
82765  70
97988  70
107447  70
107462  70
110591  70
110746  70
118082  70
139655  70
160341  70
86644  69
56801  69
61024  70
77561  71
4816  69
62434  70
3972  71
