1|20
260  100
1927  97
804  78
3  85
1009  78
2406  89
1587  83
3671  96
2617  84
3053  97
2571  100
1222  100
2137  90
1377  81
2395  85
2761  99
2641  85
2872  92
1258  100
2700  97
2|6
333  80
122882  78
71535  81
46970  72
58559  85
80489  84
3|8
5764  70
647  47
6835  70
5919  47
2851  35
2288  54
5048  28
4518  46
4|20
106  70
1291  78
3408  69
265  73
52  73
4347  80
2467  79
908  84
345  69
1304  82
1923  75
2959  88
368  73
1219  84
4765  82
1199  87
4166  42
1732  83
21  75
2858  90
5|9
515  74
1  76
364  77
608  86
290  76
261  77
34  77
318  90
21  68
6|20
349  67
318  93
775  70
141  72
348  67
104  69
327  58
410  59
165  73
87  64
366  61
17  75
1084  75
222  70
16  81
416  48
277  65
460  64
867  26
316  69
7|20
8528  71
3623  48
8636  66
8360  69
1517  60
466  57
8373  45
1220  76
7155  46
8808  56
6863  63
31878  68
1610  71
1219  74
4700  59
45668  59
8970  71
27741  73
6333  70
8865  48
8|10
356  82
47  81
231  56
318  93
454  76
292  69
32  81
141  75
380  69
252  72
9|10
5451  63
923  76
5890  70
2901  62
922  80
6044  70
1987  70
5378  56
3735  80
5447  63
10|20
597  74
33679  70
8533  71
8969  63
72720  70
88810  78
136020  60
6377  80
5943  54
109374  73
113394  70
61250  50
82167  55
140110  66
5377  72
77841  70
6942  77
1028  81
72330  70
66203  51
11|13
733  75
1584  78
1210  87
170  71
1438  62
648  79
1918  62
493  76
10  73
457  75
1693  64
150  82
1923  80
12|7
2717  71
2100  78
838  92
2072  87
1876  76
2581  84
6942  97
13|7
3717  69
3624  75
3798  72
2174  72
47  88
3893  72
305  54
14|10
344  54
477  68
110  86
540  51
597  68
153  67
592  64
4  46
539  70
105  66
15|20
91529  78
7438  68
111759  77
2329  80
1  75
1909  65
1240  75
115713  78
1200  74
293  78
2571  80
3949  73
120466  65
1198  79
2028  80
2011  76
158  52
160980  73
4306  72
4022  72
16|20
1230  83
78499  76
913  83
1136  79
1299  88
1617  80
1203  80
3429  89
2858  78
608  81
3683  88
4002  79
1199  86
912  83
2707  65
5782  74
1260  71
319  80
27773  84
2109  78
17|20
260  95
64839  90
296  99
5952  89
527  95
1193  95
3681  96
1240  90
2717  77
2858  86
1093  82
81932  88
5618  99
50  98
5971  88
2959  100
1201  98
541  90
82459  89
1  86
18|20
8117  70
65596  70
88094  70
145283  70
157110  70
166015  70
171023  70
103253  65
60684  82
44199  75
2  71
86628  72
59784  76
2918  79
109374  84
4226  90
53129  94
139385  79
47  91
1291  90
19|20
3692  70
3662  42
54  62
2733  37
1702  40
1240  64
1270  63
3712  44
1881  47
216  52
3  47
1834  58
2184  43
3017  52
2044  24
2354  37
2005  59
3146  37
3387  52
2694  43
20|20
1566  72
5419  65
4014  74
2140  76
586  66
661  75
3189  75
5014  79
1333  77
4161  68
3784  68
1030  64
5313  52
2804  78
2054  58
34  79
1097  83
6358  70
4519  64
1722  61
21|20
107013  70
117922  70
140301  70
57640  74
2985  65
2990  66
2717  59
5418  73
31433  54
112175  72
7153  83
30793  55
4446  64
52973  68
45186  67
2023  65
79185  67
1721  56
102125  69
5459  56
22|20
8961  59
2723  52
60950  51
64575  43
1193  61
70286  59
4993  62
2160  67
39183  53
7147  59
3996  54
3481  59
55765  59
48780  55
7361  61
51540  54
6711  65
2968  57
3949  60
48394  50
23|20
6234  70
3996  80
293  86
1206  93
1136  87
1960  76
7587  81
3424  85
3181  86
2467  80
1248  90
1617  81
6807  76
1952  83
6440  80
1258  84
1243  87
1080  82
8228  72
1711  68
24|20
1784  73
2617  74
111759  79
134853  79
58998  82
1265  73
1198  82
3147  80
1197  80
1220  79
2424  65
5418  77
72011  70
54286  78
27773  79
64957  71
356  83
44191  80
1682  77
68358  73
25|6
58559  100
60069  100
74458  96
79132  100
527  98
260  100
26|21
10  70
34  70
47  70
150  70
153  70
165  70
185  70
208  70
225  70
288  70
296  70
300  70
344  70
349  70
356  70
380  70
434  70
454  70
457  70
592  70
593  70
27|20
1196  88
2478  67
2640  77
3508  85
3555  71
1201  84
3519  62
969  77
2080  72
673  56
2886  13
2529  80
1387  88
1101  71
1947  68
1250  84
1276  80
3114  79
1083  64
3809  69
28|20
27450  70
60943  70
61011  70
63033  70
5617  68
59369  60
60046  70
507  54
3300  64
55094  43
59018  70
26695  70
2951  72
3006  64
2231  64
5418  69
26812  58
2058  59
353  70
61167  70
29|17
98961  91
7379  77
1250  97
1201  96
111362  87
48516  96
1100  64
26554  70
3441  84
4327  84
2872  86
2301  83
1617  91
3681  94
55820  93
4223  81
99114  83
30|7
5952  100
108932  99
1200  98
91529  100
116823  96
112852  100
1198  100
31|10
1198  100
1200  86
648  73
1363  72
1073  77
1036  92
1197  92
377  81
1246  84
1270  87
32|20
236  71
314  84
1356  83
357  80
224  76
627  77
1079  86
1084  82
318  90
761  59
1197  89
849  64
912  88
880  65
1198  93
58  83
203  73
608  91
497  88
410  67
33|20
110  88
17  82
2396  85
2272  66
448  74
428  80
265  80
1280  91
1177  92
1617  89
50  90
261  79
11  79
452  54
345  75
608  91
150  76
1188  77
800  85
2690  84
34|18
780  66
2273  62
3717  60
26606  70
45499  59
3996  68
4310  56
3624  60
31685  63
1721  52
5146  72
7090  79
70  74
2006  56
3000  79
4306  75
27728  9
3997  37
35|5
11  91
185  78
595  83
21  74
300  78
36|12
5171  32
3066  63
552  41
4025  40
1262  61
2735  34
2359  49
1372  53
1278  57
2194  59
3347  63
1704  59
37|5
344  81
356  99
661  89
329  85
457  100
38|16
434  52
39  56
223  71
161  64
246  75
168  51
273  55
480  65
356  77
457  70
364  72
50  74
500  61
300  61
551  60
21  57
39|20
2571  93
2391  86
1921  92
1862  55
1219  88
1907  85
2081  87
2459  75
924  84
2529  90
1729  79
47  86
260  92
2080  79
592  84
296  95
3213  92
610  80
589  92
596  82
40|20
440  80
454  82
588  79
339  76
158  71
432  62
431  83
186  67
616  78
514  78
21  72
592  70
1  85
223  87
585  62
216  80
104  72
371  75
111  84
267  71
41|20
96829  73
64839  70
122882  68
6287  54
1569  65
106920  73
86781  78
3160  73
1721  57
2028  76
6763  47
5418  67
53519  61
122904  62
55247  69
924  70
4011  74
2324  75
35836  65
5995  78
42|20
3869  77
4654  66
1021  50
2423  73
3248  46
4477  56
2500  53
1431  54
195  71
3326  92
2407  69
1090  89
2735  59
3693  56
1020  70
4545  69
4132  56
2263  69
3535  78
2805  61
43|20
225  93
296  95
596  93
588  94
587  100
420  80
158  88
631  92
5  85
597  95
168  88
355  76
47  100
367  90
519  74
594  98
236  92
1  100
60  93
259  82
44|10
36  72
663  69
12  48
661  64
94  79
1  76
104  70
112  64
494  70
889  70
45|20
2718  78
1036  87
2028  95
1653  94
1682  88
2396  83
3249  76
261  80
4308  81
329  74
1367  70
2890  88
593  95
1127  80
2431  75
6377  89
569  67
1197  96
1060  85
2858  90
46|9
590  81
588  72
315  71
208  67
1  88
432  63
225  76
434  69
339  81
47|20
508  64
68932  65
72395  72
2420  71
597  68
148626  74
5989  78
96588  69
69122  70
6155  56
4975  64
30749  65
106100  72
45950  66
2028  70
4018  55
1259  70
6373  61
33166  69
2407  59
48|7
4886  91
1320  79
1527  83
1193  89
3793  86
48  76
1653  93
49|5
2028  87
1214  87
139385  90
318  98
527  86
50|20
8143  70
114335  70
136564  70
142074  70
171759  70
175693  70
179073  70
175707  70
71264  57
82848  70
1377  48
44555  65
8157  61
6807  65
95543  57
8253  54
96610  58
924  64
32875  70
4896  48
51|20
7040  70
5620  62
2613  58
4437  87
2023  70
1500  80
522  81
858  100
4508  75
2951  85
1014  88
1407  72
2282  78
2420  79
3388  60
260  100
3186  75
3994  78
3501  68
2371  72
52|20
152081  92
51255  98
74458  88
1923  90
7438  92
40583  88
59784  92
55765  96
112852  99
86892  70
55363  100
112138  88
49272  97
52245  83
69481  99
50794  75
1704  95
54736  92
44665  92
47200  87
53|5
481  100
1100  84
249  100
1125  100
916  100
54|7
296  62
593  75
639  43
1  68
205  59
161  66
500  57
55|5
2407  49
673  42
3275  70
2890  61
4011  64
56|10
786  75
253  82
165  82
110  99
589  84
370  74
434  71
410  67
69  80
185  77
57|20
2140  74
942  73
920  66
3175  78
1784  71
3429  83
933  82
1193  82
3446  70
160  52
1499  43
2640  68
892  73
11  71
2947  76
6  77
2478  65
2291  70
1688  66
2301  71
58|20
588  82
282  74
185  71
419  68
367  75
277  69
48  71
280  85
337  85
345  78
3  80
357  78
527  99
587  84
218  78
500  79
508  85
368  76
364  86
353  79
59|20
1696  48
6460  100
3489  78
1188  90
1222  100
2076  92
3448  90
1263  98
1247  89
527  100
1244  95
904  97
903  100
965  86
2616  71
1953  91
608  99
105  80
912  98
3471  92
60|5
832  73
58559  83
805  70
455  58
858  88
61|8
266  87
1101  77
7438  91
173  69
555  93
2012  77
4878  97
3949  91
62|20
99114  86
176371  86
3793  88
56757  82
73017  83
30793  73
179819  82
68554  76
185135  97
168248  95
5903  87
4878  94
2028  91
5502  77
6058  70
344  76
1721  75
45499  77
41566  77
78105  70
63|20
5669  79
4246  75
48780  79
500  66
6016  84
31658  82
2858  83
64285  86
85414  72
1221  86
106696  72
4963  77
50  89
1097  78
260  90
110  84
1222  90
4979  77
5952  82
77561  77
64|20
5878  88
3101  71
2640  77
2959  94
8784  84
2054  60
4239  83
4025  63
5026  88
40819  82
266  77
2699  60
27266  85
3969  78
1805  67
6296  83
4776  83
3148  87
4262  88
356  94
65|7
1246  88
33660  85
7458  80
2329  87
4993  85
91542  81
3147  91
66|20
593  93
47  92
5418  87
922  90
2139  82
2956  67
3745  80
1956  89
4581  70
5349  88
1210  94
1094  75
2001  74
380  79
6539  87
671  80
1  89
6378  81
7766  90
296  100
67|8
99114  81
4306  88
27193  68
79132  91
60069  78
2012  80
4886  86
4993  86
68|20
47978  70
95218  70
6534  52
48696  67
67267  67
30825  57
1799  70
3556  69
8622  68
4351  59
63113  62
58295  62
7151  66
2413  67
6287  57
653  57
41566  59
5541  61
260  85
48043  64
69|10
4370  86
4848  100
3671  97
2476  99
1193  95
356  98
553  96
4022  91
260  100
3994  94
70|13
1193  93
1097  91
1914  89
1269  88
4995  99
318  100
8949  92
1968  93
1210  86
89492  88
1250  99
1235  97
2366  87
71|7
494  78
647  76
736  73
95  67
733  82
589  84
7  66
72|9
1047  78
150  91
858  96
2490  87
1357  93
260  92
50  93
1198  94
1196  96
73|20
1193  85
45720  75
105037  61
6333  77
59315  75
76293  72
138204  78
2706  79
152081  75
45221  52
68135  73
150  73
8376  67
93510  74
59784  71
116823  75
106072  73
1682  79
52245  64
35836  74
74|20
31522  70
2594  93
2908  91
30749  86
6870  91
3006  89
52281  88
49772  96
55118  95
2997  91
6305  89
608  99
4546  93
41863  96
27773  95
6001  95
1251  100
6552  88
46976  90
44555  95
75|14
5445  69
1240  71
5952  73
2193  68
6870  70
2529  80
168  46
541  78
3176  68
1962  70
2078  71
1889  73
1266  82
1374  75
76|20
48877  53
5956  64
2918  66
58803  60
1247  71
74458  70
7669  74
79132  69
8957  57
858  79
55820  77
1258  75
63436  48
1201  74
1208  71
48  55
288  57
34405  70
1  65
1196  78
77|6
3996  70
4973  85
7361  81
8636  74
3578  79
33794  76
78|13
296  85
165  76
3809  65
589  78
546  41
27904  73
260  78
590  70
480  77
68791  67
344  49
44974  68
380  68
79|13
3266  100
3029  79
589  95
1916  94
307  91
4005  81
260  100
1189  93
1345  86
2000  90
1374  94
2659  70
2076  93
80|20
7445  82
96691  81
84189  70
91630  88
49530  88
8950  94
6539  96
4223  86
5630  84
3527  95
76251  82
80363  74
52604  86
6502  95
34048  82
1221  97
60684  92
6952  72
5989  91
77561  89
81|26
10  70
32  70
47  70
110  70
150  70
153  70
161  70
165  70
208  70
231  70
288  70
296  70
316  70
318  70
329  70
344  70
356  70
364  70
367  70
377  70
380  70
457  70
480  70
588  70
589  70
592  70
82|20
6886  70
2381  44
2378  60
6566  69
368  68
6536  71
3253  69
4310  53
1608  63
1372  72
145  64
356  86
6708  75
1485  60
4369  59
6564  47
6888  42
5803  42
4015  51
364  80
83|20
56367  69
7143  73
7323  68
6539  72
161  67
586  56
2115  64
1270  75
6874  71
2324  76
1537  72
7153  76
68954  69
48774  70
30749  65
8014  77
1222  79
3753  59
1223  83
64983  60
84|20
55  70
987  70
912  94
1096  82
420  55
1227  82
113  62
580  71
5060  79
1293  82
900  78
1097  82
62  71
368  72
1305  79
1247  82
1296  80
11  79
1073  82
1094  69
85|7
1519  70
1624  54
1140  70
1694  51
1643  65
1747  79
1635  84
86|14
4993  89
4310  65
6947  79
2411  66
457  82
5418  82
3996  78
4901  77
1835  80
33794  78
1196  87
3555  78
1097  83
2687  75
87|5
4023  60
2009  72
3504  87
671  87
2139  81
88|12
7312  70
74795  84
4993  93
68157  95
5952  91
1193  94
223  82
8665  84
4262  91
56782  95
8677  58
58559  91
89|104
26645  70
32060  70
44851  70
53280  70
53578  70
67888  70
69211  70
81087  70
84246  70
103602  70
108078  70
109596  70
118894  70
121007  70
128089  70
128944  70
131098  70
131439  70
134847  70
140481  70
146684  70
148632  70
150554  70
164226  70
30793  66
169912  52
87869  70
1923  71
4015  55
950  60
173253  70
2324  82
27826  70
92259  82
11  69
3977  60
86298  52
8154  80
77688  70
2997  83
170837  70
49274  52
157775  70
1  84
142196  70
99117  56
62008  70
72624  70
108156  64
3752  64
2059  62
128520  89
3175  69
133879  70
48649  70
126088  70
5529  70
65588  70
99130  70
40962  70
1732  75
68659  69
91666  70
2683  62
3751  73
750  83
6650  70
149508  70
2395  66
51575  58
65230  62
171751  70
85881  79
139157  70
6863  69
4246  75
108949  69
1230  80
160567  92
73319  67
177185  70
130520  58
5220  59
121338  70
153386  70
50872  75
149566  70
145491  70
4890  62
129354  60
32243  70
84944  71
6402  70
1288  80
140133  70
119141  68
947  86
176621  70
4973  78
158398  70
69469  70
54503  76
141928  70
102481  72
90|11
1137  70
1144  70
581  100
81  73
892  88
1073  84
116  72
896  47
17  84
7  75
613  86
91|20
3013  70
6395  70
8147  70
7153  83
3360  73
2791  81
3897  79
1080  80
4850  64
3429  84
7000  70
2060  72
2916  72
1391  66
2100  60
318  89
2146  65
1225  81
1246  77
8501  67
92|5
2572  87
2114  85
1015  80
2454  82
1801  86
93|20
736  84
1917  78
552  77
1721  85
539  88
480  93
1372  91
368  86
2355  85
1923  91
2193  88
2006  74
339  87
1097  98
1591  69
260  100
2968  92
1676  77
593  100
558  81
94|12
231  49
377  62
367  58
364  66
288  52
19  48
10  54
586  50
590  64
380  62
589  65
318  81
95|20
18  89
4878  100
6979  80
4732  58
3019  90
5246  56
32  95
2952  84
1247  89
1198  100
5283  72
3361  82
1513  71
2009  78
539  79
122  65
1584  78
1240  91
4262  92
5349  86
96|16
527  93
1094  70
272  78
3819  90
150  84
2021  72
2571  87
1214  86
2058  73
1220  80
733  75
2340  65
1721  70
2396  74
367  64
1291  85
97|8
4701  77
4306  86
3578  88
4993  91
4963  82
4299  75
3981  64
4161  78
98|19
81845  86
8961  85
122912  88
5299  76
63992  55
187541  67
56152  86
134853  87
69644  61
6863  77
5618  94
56801  63
3499  90
134130  90
74789  72
82461  79
1258  93
88810  92
79132  89
99|11
318  96
161  82
420  64
592  73
196  64
122  67
145  69
150  85
316  74
236  75
588  77
100|20
497  87
296  94
1393  82
95  64
592  81
605  66
6059  76
28  89
2245  76
62  78
4308  78
1777  83
838  82
2125  89
1288  90
234  67
1197  100
2005  84
4014  80
4623  77
101|13
2580  78
3285  53
2723  75
2700  78
2908  72
2390  69
3175  68
2395  67
358  55
2702  66
3394  61
2997  82
2502  87
102|12
158  59
588  64
150  75
592  55
253  64
480  70
344  46
539  69
553  69
593  85
586  56
223  75
103|20
86014  70
1954  91
60040  75
1968  85
77206  70
2161  81
1732  94
81834  88
608  89
2384  65
4254  53
104  79
139642  68
56782  91
2096  80
101  95
6534  64
374  54
60069  90
30793  73
104|20
4740  70
743  53
5218  73
8643  66
1288  81
47997  78
468  68
76251  76
8533  74
4018  60
38038  76
1566  69
7361  82
6060  70
3034  75
1641  78
4641  72
108190  58
616  76
7034  79
105|20
4788  70
69685  70
95311  70
95313  70
110586  70
141816  70
141818  70
170597  70
172587  70
172793  70
173351  70
173535  70
6433  67
4974  70
70286  87
108981  70
95175  70
69122  86
1243  88
3916  89
106|7
69844  93
72998  84
59501  88
86880  85
5349  89
53125  93
59784  89
107|7
231  70
253  81
590  88
165  85
434  72
208  65
318  100
108|16
800  90
6022  77
4995  88
2585  70
5316  73
4975  78
3978  71
5349  81
2926  85
4246  82
4878  92
4994  78
1968  88
1684  68
497  84
5380  85
109|20
380  59
1033  66
231  47
364  74
589  71
480  69
62  69
31  61
587  69
1032  65
586  54
778  73
540  47
256  54
163  62
252  65
223  75
553  68
537  57
168  52
110|11
26171  79
2468  52
1198  77
1089  83
1222  83
1208  84
4881  82
47  79
527  79
1193  85
2428  57
111|20
100194  70
162602  70
171251  70
2145  68
96588  72
65088  65
66203  55
84772  58
2081  69
91529  76
6365  65
45666  51
3255  69
1282  73
6539  77
86833  76
122882  73
59143  80
86911  68
5283  58
112|13
788  48
161  76
1917  60
16  81
21  70
208  52
434  58
39  66
3717  67
19  57
110  78
32  74
70286  79
113|20
4083  70
39  75
3168  73
932  86
2331  58
3359  82
1086  83
3504  82
1339  72
904  90
3546  70
4063  48
4062  65
1077  77
1589  74
2475  67
3831  74
46  62
1733  100
4007  78
114|7
141718  70
54001  73
2291  66
167732  70
122886  67
8961  69
3147  76
115|20
1580  81
2804  86
1387  84
2792  67
3146  58
3273  55
3052  75
2841  75
2719  55
595  79
2700  83
383  68
2027  49
2148  68
2770  66
3785  63
2916  77
3175  80
588  79
1377  63
116|18
2716  74
858  84
1299  81
62383  60
1339  71
1276  76
597  73
1029  65
1101  69
2797  74
2657  65
1961  79
1407  62
5995  82
1704  78
165  66
2115  75
8360  71
117|20
708  68
587  71
589  75
151  74
36  69
1036  74
595  70
288  61
596  71
48  62
315  60
454  71
353  69
474  72
10  60
60  68
805  70
491  67
616  70
485  57
118|5
1221  85
1625  69
153  47
1961  79
1810  73
119|20
95441  78
117176  84
1092  81
91529  87
74458  92
4387  88
79132  90
168252  94
44022  78
78499  90
122904  87
106782  90
442  69
4993  88
31685  75
6365  78
141004  66
4148  79
88744  87
8644  82
120|5
260  80
32  66
5  57
631  69
52  70
121|12
497  81
440  70
161  69
527  84
292  61
344  49
186  55
316  60
1  75
19  47
163  62
337  71
122|20
27660  92
69784  92
7022  97
148652  70
4816  92
56174  87
94959  99
81591  92
71535  100
30810  92
2997  96
1732  100
108932  94
780  90
1090  100
3253  92
106782  100
72226  97
1200  100
1214  100
123|12
68554  74
115569  87
79132  90
109487  87
1196  91
4226  95
296  87
7153  91
143458  70
47  95
96829  86
2858  88
124|10
56145  79
2161  83
260  88
175  90
1358  85
6377  86
4226  91
3147  91
608  92
1223  95
125|20
5088  70
86721  70
110330  70
54503  84
72011  77
162578  88
119145  87
176371  82
55247  82
1240  85
86332  82
68157  88
112623  80
4082  49
160567  100
3342  74
109487  84
88140  79
98607  70
81562  83
126|8
364  74
349  68
231  55
380  69
410  55
300  68
253  63
457  80
127|5
2915  62
903  78
55276  64
5060  67
272  57
128|7
904  93
965  92
926  100
1066  97
1721  84
1080  95
1198  96
129|20
4370  75
480  86
3698  75
2692  87
2138  91
1968  84
8368  87
653  71
7143  86
316  78
6874  93
239  72
2916  82
733  83
4896  80
2028  94
3977  68
3000  90
1907  83
31658  89
130|6
208  53
316  62
292  70
110  79
590  68
296  70
131|14
2273  60
6947  72
58559  79
908  79
4878  80
89745  74
7256  78
68237  81
2722  56
2028  80
48516  84
3178  71
64614  75
969  81
132|20
6251  70
3275  74
4995  69
2987  66
7444  56
3262  61
4168  57
31658  71
44191  74
1089  70
3967  65
5502  57
50  76
58559  74
5992  67
2108  54
1844  67
2657  58
47  67
2470  49
133|7
454  66
356  69
589  67
150  66
153  50
380  56
527  80
134|7
442  67
595  76
349  70
380  72
367  69
509  62
296  71
135|20
592  81
4084  65
893  79
3994  77
2004  73
608  89
1358  85
3852  66
3489  68
1614  60
1198  97
4128  77
1883  58
2302  67
1291  88
410  64
1261  86
4022  77
4881  80
1077  76
136|20
161  72
193  41
585  54
338  60
277  61
380  72
181  41
337  75
437  47
165  72
611  69
151  76
340  65
252  67
432  55
552  61
350  69
280  77
273  60
150  76
137|20
6787  89
2716  81
1198  93
750  97
919  88
1270  85
318  92
150  85
2997  89
1200  86
6986  70
7153  91
1242  95
110  80
33493  74
1197  93
2959  93
1237  87
903  92
7762  93
138|5
2707  71
1960  75
1959  80
849  72
3996  93
139|20
4025  31
7445  39
60684  47
4865  43
68319  31
7090  52
5502  39
260  50
8371  34
53953  39
58025  35
106782  47
6957  40
7163  29
3827  30
3624  34
52722  29
54259  45
4367  33
115617  51
140|20
5699  70
5299  71
1393  72
356  87
609  69
32596  66
4795  62
34072  72
1617  84
5256  70
5943  54
1084  78
4337  70
3108  77
43396  76
4719  59
1005  46
4321  69
5812  71
4259  73
141|20
5418  76
54503  80
4963  75
2478  70
71535  80
317  62
68954  75
54286  76
6365  67
54272  71
4447  69
5502  67
6377  78
6373  72
1265  74
91529  81
2502  88
441  82
1517  73
48516  83
142|8
434  63
384  75
588  70
50  86
527  94
356  85
337  82
377  73
143|15
1721  66
61250  49
6942  74
7169  57
8533  69
106696  68
3421  69
87232  70
78316  70
69069  75
59421  58
2144  71
96821  71
7173  60
500  66
144|20
589  80
541  80
8368  84
597  76
590  83
410  63
1246  82
527  91
356  90
500  64
19  62
2700  80
434  62
733  73
780  71
1036  80
5377  82
552  69
586  59
2081  78
145|5
344  52
339  70
380  64
318  84
588  64
146|7
7293  64
3257  51
32  73
1367  55
3686  52
410  58
47610  66
147|5
1234  82
168  67
552  63
555  77
2395  71
148|10
88125  85
5618  89
108932  81
81847  81
72998  73
5816  82
8368  88
7153  83
81834  86
4993  82
149|12
1097  57
1374  63
1831  35
1527  55
260  68
173  41
1206  68
1200  71
2021  54
1580  55
1391  53
1375  54
150|6
3  71
1356  78
5  64
95  63
733  76
1073  78
151|12
786  72
562  74
780  78
837  71
747  62
1265  74
828  66
1073  71
1  77
648  71
1393  78
1359  56
152|13
50  89
2959  93
116897  87
89492  76
1193  87
69481  91
85774  77
115713  87
111  86
92259  88
1234  89
79132  86
318  89
153|20
134853  50
1732  53
8533  49
4014  50
81456  37
106782  50
8528  54
6863  44
87194  37
2617  29
1246  57
106100  48
1954  53
7458  43
4226  53
89904  60
72998  43
133780  70
586  32
36535  53
154|7
114662  88
119145  94
81834  91
122904  86
106072  84
76093  90
77561  84
155|10
153  57
3286  41
1200  85
260  87
141  69
2355  77
2384  55
2948  79
432  56
2959  85
156|20
26313  70
31038  70
1230  89
1711  69
3341  88
6296  85
762  53
2361  63
2076  79
4784  63
661  78
2926  77
8571  70
47  79
3176  74
58  79
848  50
866  86
1485  61
923  88
157|5
785  66
3617  65
2720  36
2770  54
527  85
158|6
1093  64
2605  66
2872  75
2723  75
2428  59
66320  70
159|20
2959  72
60069  72
45720  61
597  66
4022  69
89864  71
49286  65
140110  63
84954  59
4447  66
1197  75
68954  73
6942  75
1961  74
106696  67
480  62
539  65
166643  69
40819  75
63082  68
160|20
126  35
1371  50
1198  79
196  41
3408  51
5349  59
3213  65
2408  46
839  37
3593  14
2748  70
533  44
1975  33
1676  48
3745  54
2011  53
733  53
3826  35
778  68
2840  38
161|8
4980  68
7247  81
47610  77
1223  93
38038  83
3429  93
2144  80
2336  80
162|8
150  89
225  81
168  74
50  96
300  89
266  81
31  82
62  93
163|5
1608  57
1810  52
1747  69
1777  58
1837  48
164|8
1036  97
2916  84
110  97
589  94
3527  89
1101  85
1201  100
2167  87
165|13
2353  66
3624  66
110  80
5505  69
5527  76
3256  73
5956  76
5418  81
5530  53
5450  71
1127  77
3409  58
5881  67
166|20
33794  87
1721  69
4011  90
5378  69
3481  89
49530  85
2353  73
47644  68
54272  84
8961  91
1198  95
2542  87
1036  82
608  87
434  67
5219  77
5418  88
2396  82
349  80
2324  90
167|20
33493  68
4886  80
778  84
3052  78
7147  80
6857  78
45501  59
6480  70
1682  77
2231  76
784  58
33794  76
2083  76
2413  73
6333  79
8961  80
2139  71
150  73
6773  75
35836  75
168|19
3730  99
1248  100
1201  100
1089  100
296  99
923  100
1222  100
5291  90
3543  96
1302  87
3362  95
1148  100
3101  79
57669  100
2076  97
1729  89
908  100
85354  77
80463  95
169|20
3536  89
2028  96
364  98
953  90
4886  94
5400  75
8644  85
524  84
2795  85
1022  87
3114  92
3967  95
1517  88
1035  97
8641  93
6365  80
661  88
457  92
3287  55
1416  75
170|10
318  86
296  68
586  55
377  68
34  77
592  61
277  61
500  61
266  64
588  68
171|17
485  86
1220  100
1025  96
801  88
1259  100
1079  100
828  85
317  79
869  95
380  89
1136  100
1225  100
661  97
318  100
47  100
1198  100
1208  100
172|6
3087  68
3578  77
7438  88
2072  75
3793  76
2762  86
173|5
10  74
329  72
586  65
597  77
588  77
174|14
553  77
520  56
224  73
648  82
161  77
317  71
158  68
780  82
315  66
485  63
282  67
440  75
350  72
10  69
175|5
531  61
8911  70
43904  36
38388  70
8362  56
176|8
165  79
434  67
39  69
368  75
380  78
780  85
47  87
471  82
177|20
42002  66
91542  69
6332  46
3668  71
45672  59
783  54
27706  63
2657  61
114662  71
1206  80
83132  74
5218  68
508  68
3114  77
1321  69
2176  71
8798  71
88140  71
2012  64
339  61
178|16
7361  87
527  96
2329  89
5995  91
6502  90
4235  87
1198  90
208  67
6539  85
296  87
349  80
10  77
4226  91
1240  84
2579  82
318  97
179|14
367  70
589  83
161  80
231  63
288  68
743  56
1061  79
317  72
786  70
592  68
671  74
296  82
434  64
364  83
180|5
1261  82
260  83
1748  88
1242  89
2140  80
181|20
157  57
593  77
596  60
353  59
539  64
516  63
132  59
169  44
25  59
31  55
542  54
6  66
707  50
185  55
464  44
502  44
415  48
480  68
592  53
344  44
182|20
4879  70
6969  70
3911  76
2728  73
4313  70
8042  84
1291  83
3113  59
3578  74
1590  57
161  69
4452  56
224  75
4980  61
4262  80
2353  62
2890  79
1127  77
541  84
6041  76
183|12
480  83
380  73
1196  91
2951  80
2534  49
4085  73
1287  86
2194  81
3247  60
1233  84
2662  64
1408  83
184|20
158035  70
181413  70
193565  70
97304  79
74754  77
168250  72
191005  70
106072  73
166291  89
127152  70
86332  78
80463  80
5816  71
122898  64
81845  77
5810  67
170813  67
174479  70
112852  86
148626  83
185|10
1685  70
2396  71
5377  73
1721  61
5952  79
1393  67
595  76
2085  67
4995  74
899  86
186|20
2605  71
1214  94
1291  94
3745  81
1269  91
2527  79
2532  71
4361  88
1307  87
2968  87
4306  97
2541  76
1702  70
480  88
1097  94
3977  71
919  87
3527  85
593  100
1196  100
187|20
26122  70
3949  89
49272  83
231  65
1206  94
6874  91
1729  76
1209  83
48394  85
6502  86
2701  52
4027  86
288  79
2542  84
7153  85
39427  81
6890  87
1222  93
8949  81
1748  89
188|10
2346  89
1212  100
594  95
1282  97
3469  87
2396  94
1091  76
3341  100
1264  94
2206  100
189|5
48516  89
4993  92
79132  91
2959  91
58559  89
190|14
6711  90
4776  88
8784  87
4995  84
5630  76
4306  76
30749  75
1221  93
4975  79
8961  83
858  86
8464  77
69844  85
7438  93
191|17
496  70
21  74
72  67
175  92
494  73
417  74
17  84
6  80
85  81
292  72
314  79
58  82
235  71
213  81
161  73
160  63
162  85
192|5
356  97
288  75
316  78
349  84
432  69
193|7
44555  78
55442  77
4878  76
6016  73
307  78
1270  75
5618  81
194|5
163  71
1396  69
1500  74
1288  84
5060  79
195|20
3424  82
2770  63
1041  88
1653  89
1923  79
3160  80
4723  49
1863  46
2336  72
2166  55
4308  73
1909  69
260  87
2028  85
3252  78
2908  74
1392  87
1365  81
70  70
190  63
196|7
70286  81
3578  85
59315  78
58559  83
364  80
1214  80
110  90
197|7
1513  69
1240  89
1882  54
786  69
2167  77
153  67
1784  81
198|20
3894  70
3499  74
920  70
1213  84
3949  84
1994  71
1485  59
2572  68
4019  74
1089  82
110  87
593  81
4128  72
1270  79
4886  77
1079  82
2117  76
912  84
1573  64
1682  75
199|20
5464  71
2165  70
2280  70
736  54
5673  72
349  67
5502  67
482  80
8532  70
1172  76
300  65
50068  70
4881  74
3175  65
7445  61
2973  73
34338  81
41997  70
1956  77
377  56
200|20
3809  76
7022  81
50802  75
3968  72
2485  64
500  73
5610  49
590  88
1029  74
53996  84
2572  79
4993  93
4041  80
57640  87
1302  76
1784  77
6383  56
1653  88
1569  78
1517  82
201|20
1748  91
1527  86
1584  83
2858  91
339  79
589  93
2717  69
994  91
788  60
1196  95
2797  88
733  73
1259  92
2174  87
1198  100
2455  76
1569  80
1213  92
160  65
24  77
202|20
3329  70
924  90
29  85
2289  80
1197  98
1196  94
2966  85
161  80
608  95
1209  86
1296  83
3194  68
1784  79
469  81
923  86
2000  78
1587  70
1719  93
3147  87
32  88
203|9
56174  71
8665  82
2407  69
5952  86
590  83
49272  89
40815  81
333  83
296  87
204|17
1136  85
3949  87
33794  85
48394  77
27075  70
1080  92
79008  96
6104  92
8874  84
81591  87
4878  92
91658  74
711  66
2313  88
86320  74
55820  89
5218  80
205|6
912  94
99114  89
91542  86
5816  91
95167  84
96079  86
206|5
36  91
608  99
733  88
140  77
141  83
207|5
2991  57
2428  40
2707  42
3740  63
100  38
208|6
1210  80
2628  56
380  70
2353  58
2278  73
2762  71
209|7
60684  95
1291  90
68157  94
74458  91
185029  100
122886  89
88125  89
210|20
123553  70
34405  92
166203  70
3147  93
31696  75
7649  76
58559  88
2105  78
6365  78
34397  70
4625  66
84772  73
122926  94
76093  88
62836  70
33493  80
1584  82
47610  82
108932  85
122918  88
211|18
58559  88
63113  78
90405  71
57669  93
60684  79
7153  90
73017  79
2105  73
4367  66
356  91
2642  58
1556  43
318  93
44665  80
85414  74
1198  84
1136  82
260  90
212|20
170697  74
122920  77
122892  68
2571  87
5218  68
48394  73
3578  79
1196  89
135143  73
74795  73
179401  81
79132  79
77800  85
108932  74
110102  79
96821  80
8874  82
65261  80
59784  72
2291  74
213|17
3285  65
87520  56
80363  68
76251  79
8957  73
2860  64
1234  88
5419  69
51935  83
69844  89
39446  69
4132  64
858  92
69526  62
4558  69
49530  80
58559  92
214|5
83  70
628  58
743  45
1363  54
802  63
215|20
1172  88
4973  94
63082  81
1291  84
2028  81
3252  83
3210  81
1968  85
1247  88
49272  85
1089  85
72407  57
5650  89
318  91
1208  86
2000  78
1197  91
1196  84
1297  78
4019  83
216|20
104  68
21  84
3996  84
3946  59
2946  68
3993  66
3897  80
2599  81
34  80
3994  69
4034  80
3363  80
1965  74
3422  74
3555  69
3253  69
2087  79
3986  58
2018  74
1923  69
217|20
1867  70
3434  70
1275  70
2468  34
3197  46
1912  59
2302  50
1876  45
380  57
1221  75
2471  40
1918  47
1385  44
3165  65
1590  40
1562  31
1703  44
2056  70
1831  34
160  41
218|6
2657  62
2692  80
1380  64
1198  82
6934  50
5349  76
219|20
60072  54
2115  68
59315  77
6539  74
442  48
30707  73
1704  79
180  69
1219  77
1005  43
27773  72
56156  56
6188  66
6721  67
30825  56
2997  73
1552  52
1500  63
2890  71
1921  74
220|20
3996  85
733  82
1198  94
3994  84
6539  92
1258  92
1917  69
4545  77
33794  81
165  88
71264  80
4623  80
53464  58
5218  80
6365  76
3751  84
32  85
1036  82
5502  78
1591  66
221|20
4338  70
7013  88
8529  74
1080  97
3246  94
2871  93
1208  100
7063  96
2702  71
4029  94
5954  90
2352  80
922  93
2997  99
1278  92
2858  97
1212  99
1959  86
1961  90
3671  87
222|20
81831  70
100498  40
48516  76
1249  75
99813  71
91529  71
59900  45
93287  79
1721  52
2706  60
3273  39
2411  51
64622  73
7143  67
87869  63
778  78
30825  55
42011  45
673  49
64839  69
223|15
55854  70
6711  75
1  69
736  52
1961  73
457  66
2716  68
48394  64
608  68
8784  69
48516  74
3863  59
4306  67
260  75
2683  54
224|11
3496  70
3044  87
356  95
2915  79
289  70
3668  87
1270  90
2797  88
1721  79
2716  90
1259  94
225|15
2423  76
1285  85
588  80
1717  68
2791  80
1321  75
1136  86
1197  97
1753  76
2004  73
2371  71
1407  74
785  72
1060  80
3024  57
226|20
6938  70
32666  70
3552  76
542  55
1240  80
3098  74
2804  77
3668  71
3653  84
2231  74
145  65
2253  52
3052  72
2628  60
762  50
53129  89
4816  72
16  80
2144  76
46948  72
227|19
46976  88
52319  100
81845  90
109487  87
134130  92
215  87
48738  89
47099  88
1196  94
32587  84
912  93
55721  96
1682  89
750  95
778  93
40629  85
97913  86
70286  87
150  81
228|5
2571  84
1373  69
362  81
318  88
3113  62
229|13
34  81
589  81
377  75
45  80
587  78
5  66
475  94
442  67
597  75
364  83
213  81
110  84
527  95
230|20
34330  70
52715  70
47  65
7438  68
527  76
3147  70
45499  57
6537  54
2291  62
1387  61
6863  57
1485  50
595  57
4022  58
2096  59
588  63
4034  66
1676  57
8644  61
2641  53
231|5
92259  89
858  89
593  86
1198  91
109487  88
232|20
31867  70
41769  70
57526  70
70336  48
8644  70
1586  53
44972  40
4019  72
43928  37
30883  70
65802  53
8376  59
39292  71
1035  72
66198  61
66097  68
32011  44
6564  46
7451  69
33164  36
233|20
48394  62
3751  65
48516  80
1721  57
356  74
106100  68
162600  70
608  72
7153  78
134214  73
57669  78
122920  71
2329  74
4239  73
7371  76
3977  48
3147  77
3948  61
49272  71
5418  66
234|20
2616  58
2140  77
172  59
126  48
1562  47
4519  62
153  54
2710  56
3624  65
3483  60
1391  66
438  65
1460  75
2987  75
65  49
260  88
1359  55
3175  71
588  77
2080  65
235|13
480  75
736  78
500  71
454  78
592  63
235  69
595  78
32  83
527  94
648  80
223  80
588  73
377  72
236|30
1214  70
1278  70
1345  70
1350  70
1387  70
1388  70
1982  70
1997  70
1998  70
2447  70
2459  70
2490  70
2496  70
2502  70
2505  70
2542  70
2572  70
2580  70
2596  70
2598  70
2606  70
2657  70
2683  70
2694  70
2718  70
2770  70
2806  70
2858  70
3024  70
3052  70
237|10
32  71
4254  37
94959  73
293  70
1371  54
1193  74
7361  72
7980  70
43936  56
1374  73
238|9
4954  73
3528  79
4265  53
4901  66
4238  69
593  83
4499  81
4957  59
1193  88
239|20
58559  100
5459  69
4085  84
380  79
95  63
7445  77
608  87
7147  89
6378  80
2115  84
4896  82
36529  84
3994  85
33679  79
47  87
590  91
4022  82
208  68
733  79
51662  90
240|20
368  79
543  73
480  90
367  76
810  58
500  80
546  52
110  95
173  62
1  91
542  72
104  80
34  89
174  70
204  66
225  79
383  70
262  89
434  73
420  68
241|16
81786  70
71899  93
527  86
1206  90
1193  91
99114  81
100714  63
8981  85
53123  94
116897  89
56367  86
3910  83
106782  87
115569  86
4235  88
48780  84
242|7
39  65
380  76
231  59
457  86
592  65
454  81
111  77
243|8
112  79
353  89
62  88
588  81
193  55
586  75
181  57
376  81
244|19
3090  86
1049  73
110  92
257  73
165  70
151  78
1090  90
3755  68
2278  79
648  75
1580  72
1957  82
1610  86
1196  87
3256  76
1573  73
1242  91
3753  72
2243  74
245|5
3196  61
2739  54
3114  57
3274  44
1361  59
246|20
1304  99
616  87
1680  85
6016  93
3081  86
44191  92
60684  92
4973  97
1732  91
1298  88
53125  88
2291  90
2692  94
293  97
4011  99
5013  99
60069  92
48082  92
82202  79
95167  88
247|20
48516  87
593  81
2858  82
49272  79
1961  77
44191  80
527  86
116797  79
68358  80
122886  79
480  76
223  73
1265  78
2078  79
1198  80
1682  78
6377  83
1089  80
953  80
919  77
248|11
4886  83
1198  86
166528  83
176371  78
316  72
147374  85
102903  72
189333  82
122912  79
58559  86
5218  73
249|20
110350  70
102903  70
2167  76
94959  83
84601  71
2395  70
97306  73
3408  72
89047  70
91500  68
91542  75
40815  75
69844  83
904  87
46723  73
3826  58
68791  74
88812  64
67695  60
50  91
250|6
1282  89
2407  86
318  100
1597  78
1246  93
8880  92
251|5
142115  100
293  100
356  100
318  100
1089  100
252|8
164179  91
89745  93
6377  91
164909  84
1682  91
166643  86
143355  85
78499  90
253|10
44555  99
916  100
608  100
2300  100
7099  99
4217  70
26366  70
1192  100
4642  100
3363  89
254|20
46578  85
44195  90
207  74
49278  78
6333  83
780  71
110  91
1210  89
49272  88
27846  84
32587  85
2571  91
44929  95
47  89
293  88
1580  71
5995  91
32  84
592  80
48394  74
255|9
1270  62
4467  67
2023  51
3501  44
1663  60
1394  62
3392  50
2542  59
2915  54
256|20
3247  66
88744  82
377  82
4973  87
53972  76
118696  75
95441  72
104841  83
71535  91
2953  64
81229  79
53121  65
30707  87
2571  93
68791  79
170  79
6942  84
90405  71
6537  75
33493  80
257|5
1500  64
594  74
2502  81
494  65
2406  66
258|5
4995  88
7147  81
72641  82
76093  84
47099  86
259|6
508  72
5945  62
1784  63
4886  76
1356  69
1584  62
260|20
7361  91
3556  87
162  87
903  88
5690  92
6337  84
4878  90
5617  86
342  76
5219  72
2997  88
8011  83
1206  95
3317  88
6709  77
8874  95
2348  80
3822  80
2959  94
8645  90
261|11
3897  78
16  82
2060  75
296  86
2723  71
1682  82
4085  78
2194  80
7361  85
4238  72
58559  84
262|12
708  61
539  65
457  75
322  53
339  65
85  68
26  69
17  73
213  69
273  55
593  81
728  64
263|20
223  77
150  79
500  66
2987  77
2953  58
110  83
4226  88
8370  84
1197  90
7458  73
708  70
1111  80
2125  82
6942  82
5013  87
163  77
457  82
8636  78
1967  85
2085  75
264|12
7841  100
1376  76
151  78
5816  78
1907  81
1320  67
1917  61
150  77
3578  74
1090  84
253  76
1876  62
265|20
3807  70
316  65
253  73
1302  70
724  62
1240  80
3504  77
230  64
3831  69
1956  80
3098  74
529  71
1270  74
3791  59
1177  84
2322  62
1488  59
2474  68
1198  90
1962  70
266|20
476  70
2812  70
2700  82
2278  72
24  69
2770  61
2702  60
64  55
1405  60
2580  73
1527  74
2167  73
457  76
1580  66
2300  80
1923  74
2094  65
132  61
2571  89
2097  63
267|12
2858  91
593  98
1175  100
3006  86
1302  88
3999  67
3113  68
1093  84
589  99
2571  97
923  98
3996  89
268|20
1641  69
587  55
1125  66
1911  49
2802  57
1036  67
1370  63
50  79
2064  72
1784  61
1912  70
1966  59
454  61
1234  78
2247  53
1394  77
2829  66
802  55
260  75
2858  80
269|6
724  65
743  59
95  68
1  80
63  58
648  71
270|8
661  57
62  58
79  50
628  60
14  57
1356  65
141  58
25  67
271|9
3897  71
32  74
2791  67
969  73
6787  73
2858  80
55765  68
1320  59
2288  70
272|7
177765  75
1240  79
51662  82
122922  80
49272  83
158238  82
6365  75
273|11
440  84
593  95
500  77
608  91
223  93
111  87
150  86
21  78
466  68
235  79
520  63
274|20
50147  70
2947  74
3037  78
1645  63
4951  68
2036  44
1359  46
35957  64
553  76
76293  64
3918  55
1503  42
45431  66
4816  67
54999  60
5667  70
4876  54
56805  66
1921  77
54004  62
275|20
1784  85
2289  90
5884  70
1171  81
357  83
1912  87
2539  73
235  87
4886  87
2572  82
2355  83
3253  79
1192  95
926  99
111  95
2100  78
3089  96
1393  79
1719  99
1392  98
276|9
673  79
356  100
466  81
104  91
631  87
648  85
2  88
1367  82
344  75
277|6
637  66
736  67
656  69
1  80
780  82
260  88
278|5
2371  73
1347  60
4002  84
318  97
2369  63
279|20
134130  83
1101  69
166528  81
90405  64
61132  76
79132  86
56782  88
97913  77
1608  67
4226  82
59315  75
88129  78
54286  80
1258  86
8665  77
58559  87
4993  91
8376  65
107406  75
1200  81
280|20
92535  89
344  74
262  88
3146  62
4239  84
4447  81
8638  84
919  87
72641  84
86817  61
8368  93
49530  81
6863  81
35836  82
55052  81
54503  89
4246  81
48516  92
1911  65
3916  83
281|5
46578  65
8361  50
35836  63
3897  64
3861  52
282|20
5995  95
3977  70
3263  72
25  83
6708  86
2683  78
4718  65
6711  92
5481  73
6863  82
5669  87
3752  79
588  87
80463  89
1921  91
1193  93
4369  69
48322  100
1194  75
784  69
283|7
1580  63
39  55
1704  69
356  81
586  52
2082  52
805  63
284|18
474  78
173  57
2  81
296  70
15  71
348  70
248  65
318  94
47  83
353  79
275  45
44  58
339  75
367  68
276  66
165  79
637  65
235  72
285|8
1193  93
949  84
1247  89
6978  76
113207  70
4447  75
441  86
296  95
286|20
454  70
778  84
5989  81
1333  78
165  79
500  67
7438  80
2294  69
4993  88
4995  82
7361  85
70  79
4980  65
1258  80
4963  79
1097  77
4848  81
539  71
377  69
110  89
287|20
3160  65
3578  59
223  58
2633  65
1059  62
586  46
3005  52
532  43
1193  71
2599  50
2028  68
1485  45
3826  37
2081  56
8949  62
2012  48
101  71
4034  58
2422  26
2115  57
288|20
4473  70
4966  70
1008  70
2867  60
42015  60
141  61
2571  79
13  63
53519  59
2407  61
5418  72
3916  70
2347  57
2528  56
30810  66
575  44
32587  78
587  56
2517  55
8361  54
289|24
3  70
16  70
235  70
266  70
594  70
708  70
750  70
1080  70
1101  70
1208  70
1220  70
1258  70
1917  70
2012  70
2174  70
2710  70
2797  70
4322  70
6125  70
6327  70
6453  70
7025  70
7028  70
26704  70
290|20
1228  95
1299  95
2494  94
2739  90
608  99
2130  91
908  98
341  70
1447  83
342  83
1056  64
1719  99
953  94
928  93
1394  91
2648  80
475  98
2731  88
1357  91
2385  65
291|7
40815  99
122892  87
106489  90
134853  96
7153  98
88125  99
1  100
292|20
520  62
103339  60
122900  67
4896  68
2291  70
474  69
85056  60
46972  62
95167  68
164909  67
3176  66
3476  61
1608  60
31221  39
1101  63
3985  66
3984  67
1017  72
69844  75
231  57
293|5
1682  56
1673  62
344  40
1617  58
1097  51
294|20
416  31
3869  57
1064  46
2794  37
610  52
2133  52
1391  51
3868  50
1129  54
520  47
3387  52
355  26
2378  46
3693  37
785  52
2193  58
2367  45
2458  40
348  56
3501  44
295|9
1221  82
3198  82
1287  88
1213  84
4351  72
1198  85
858  81
318  87
2329  86
296|6
160848  70
2028  83
169034  70
4144  95
50  86
2324  91
297|15
832  45
543  47
1645  45
111  55
454  53
1089  63
6  58
1249  61
1047  44
1370  46
1488  43
150  51
170  47
1092  46
866  61
298|20
57640  56
95510  45
6811  46
8370  54
8807  51
63131  49
6881  56
3785  32
122900  48
103042  42
6294  32
2167  47
2005  54
6006  36
653  40
55995  34
3018  51
69757  51
103772  43
3825  30
299|5
3793  80
1387  85
188  83
1198  96
1214  83
300|32
318  70
356  70
527  70
593  70
1172  70
1704  70
2028  70
2324  70
2329  70
2571  70
2762  70
2858  70
2959  70
4848  70
4973  70
5995  70
6016  70
6711  70
7361  70
8950  70
48394  70
56174  70
63082  70
79132  70
81591  70
92259  70
99114  70
109487  70
112183  70
112290  70
112552  70
112556  70
301|20
21  64
357  71
2490  73
6711  76
589  65
8949  72
837  68
3948  66
364  69
527  83
5989  74
4963  72
608  78
292  65
3578  73
3897  74
4226  80
3753  59
1393  67
1792  61
302|7
480  83
14  80
3  81
25  82
648  81
707  74
110  92
303|11
5378  66
3703  83
1127  79
5544  85
1196  93
3471  84
1580  75
1394  84
2683  72
920  71
1358  84
304|20
314  82
2571  98
2433  70
10  72
1376  75
480  87
1373  72
1777  76
1270  86
1517  84
151  83
356  92
208  65
474  80
1214  85
1375  77
640  61
1722  61
185  61
2701  52
305|20
74624  70
140627  70
87869  78
919  82
1197  92
106100  81
138210  75
788  57
7482  88
80590  68
103075  62
903  88
6537  76
93840  87
54736  82
592  82
2288  90
58803  75
55276  81
1272  89
306|20
5784  43
68954  70
69644  46
6377  74
95543  65
81847  68
111743  63
85367  79
168418  67
167018  74
72998  58
122904  70
69406  68
85788  45
4963  73
115664  64
134368  67
112852  75
161634  59
133419  67
307|20
2190  70
4181  70
31424  70
49314  70
5010  62
7845  55
3392  43
1220  64
6793  23
6483  0
2332  9
56003  39
1991  41
3273  30
4876  41
3421  61
1409  33
413  41
4447  48
52867  70
308|20
2959  59
45517  43
96821  53
72998  47
318  62
2  41
904  57
589  48
8961  54
56152  50
56367  55
5618  63
36  45
410  39
79132  53
4993  58
8464  47
1221  57
2248  53
6  58
309|20
2202  97
1645  69
898  91
1682  80
296  89
1089  84
1269  81
7153  88
6947  81
8340  79
1104  93
7218  70
25886  98
1219  89
8154  87
971  95
1944  80
6365  66
1262  86
2762  86
310|13
6863  66
6947  73
1101  65
6503  50
2524  67
2457  80
5899  79
733  68
246  81
3254  67
1223  85
1080  76
2671  71
311|6
6561  70
5992  58
1517  45
6461  45
1407  41
2706  32
312|20
5816  70
1375  73
3499  83
589  86
2454  74
1358  85
4878  91
4103  80
3793  76
2028  93
1371  69
4121  62
2366  76
2747  61
4105  77
5446  77
2699  62
2529  87
1350  83
1356  79
313|20
4980  60
170  68
3917  76
2455  68
5544  78
541  86
2193  75
2000  77
6  82
1968  79
1089  87
1301  70
1240  80
3175  71
4865  73
2005  76
2167  71
1375  68
2087  72
2530  62
314|20
7  62
1042  51
44  43
165  62
457  70
293  62
597  60
329  57
442  57
26  69
830  49
728  68
618  70
107  58
536  52
10  56
1376  60
153  51
208  45
150  67
315|7
1262  83
2729  70
2529  76
2067  78
2553  67
909  71
902  78
316|11
1748  77
253  68
3968  59
158  40
5445  68
3751  66
7438  77
6874  76
48  57
3882  46
2572  62
317|20
133115  70
73321  71
91529  81
74545  76
7445  70
1213  79
48774  80
4262  80
1884  86
5989  84
3578  83
4011  89
68358  76
1208  85
72011  76
3897  82
3499  79
96829  83
116797  79
56782  88
318|20
26713  70
81191  70
90245  70
111817  70
127180  70
145080  70
150696  70
7445  71
1090  88
116799  80
82459  83
48385  81
2294  74
64839  81
88125  80
109487  85
4021  97
33794  85
54286  82
89753  77
319|7
115617  97
6377  95
356  99
136864  67
1221  100
122904  91
110  97
320|5
72998  71
71535  76
31184  77
59315  67
1013  64
321|12
587  84
356  86
160  68
592  66
597  74
780  82
339  75
355  55
410  61
3  75
500  74
457  84
322|20
2882  46
1968  68
2542  75
58559  76
2788  81
2146  66
2617  56
2918  75
778  81
2599  61
4027  74
4993  83
1230  79
51540  69
1  74
1617  78
1923  68
4010  66
11  71
1035  72
323|20
377  57
480  67
356  72
1094  56
161  62
115569  66
1198  85
29  64
551  59
22  59
318  81
112183  59
253  54
111659  43
3257  50
260  82
150  64
329  54
342  60
266  52
324|5
2764  53
3972  66
3864  27
3949  59
3897  58
325|20
2848  70
235  79
2986  57
262  80
1573  70
2596  73
1584  71
1217  86
1676  63
4714  43
3770  54
3261  67
2894  70
2155  68
1279  84
1614  58
3994  73
2268  76
2915  70
5008  83
326|20
8665  84
47610  80
20  71
2858  93
86882  81
5418  84
4973  90
133771  90
48774  83
2324  89
1293  87
2692  86
72605  75
70159  73
54286  86
5446  82
6591  97
4226  87
105844  79
31410  82
327|10
3301  79
150  79
858  91
1923  85
51255  95
48516  96
1304  93
765  76
6888  59
2706  78
328|20
2687  61
112852  76
70286  73
1196  86
457  68
364  74
80463  72
3489  63
318  82
595  64
5349  69
2542  71
1219  73
35836  68
3751  66
79091  70
7153  79
596  62
2398  77
1148  73
329|5
130482  70
136850  70
858  64
1884  58
750  65
330|20
5378  61
316  71
1639  75
2918  80
919  78
3949  86
3535  80
5349  80
380  71
1676  66
2502  91
3703  81
1682  80
2683  72
1206  86
1721  66
2791  85
2081  78
8874  90
592  77
331|20
8874  80
6157  55
88125  77
6539  80
3897  84
4446  70
7361  82
50872  76
4995  78
4306  73
6874  78
5502  70
3911  77
608  80
4447  71
593  80
3751  72
8665  76
4367  64
2959  92
332|20
47  80
1653  81
1258  85
316  69
8983  74
431  79
97757  70
2291  76
1835  72
356  89
5502  68
4308  76
1203  83
1682  78
1249  84
76251  71
2905  85
318  92
2294  71
32  82
333|5
3785  40
3752  49
3616  52
3615  46
3646  27
334|20
55820  80
1196  86
1580  65
1291  73
3996  67
589  75
30810  69
4027  74
1  72
64957  71
1625  66
50601  47
44195  78
27416  74
6867  75
2997  73
293  76
480  69
5378  55
51935  71
335|6
780  74
592  74
356  87
296  85
2699  59
2001  72
336|12
1267  98
1  93
38798  81
33660  96
1784  91
2001  84
2268  92
293  93
1625  87
4886  92
50  100
150  91
337|16
318  99
47  93
16  91
805  88
1393  85
266  82
667  64
168  70
784  65
65  62
110  90
708  82
25  85
1356  88
277  73
786  79
338|8
189111  70
190207  70
190215  70
190219  70
7153  73
593  64
187541  46
185029  75
339|20
72641  82
5445  90
84152  89
96079  85
106072  82
69122  85
5617  89
41285  84
56869  70
48322  100
65216  91
91630  84
86504  85
91529  87
83613  73
4993  97
3470  93
102407  78
2028  97
5952  86
340|28
10  70
110  70
150  70
153  70
161  70
165  70
185  70
208  70
253  70
288  70
292  70
296  70
316  70
318  70
329  70
344  70
349  70
356  70
454  70
457  70
480  70
589  70
590  70
592  70
595  70
648  70
780  70
1356  70
341|11
2335  76
3624  69
130087  70
1370  77
135137  76
117529  72
5459  66
45672  73
1  84
47099  85
4025  68
342|14
2683  68
2598  42
2881  51
2369  49
1268  69
2605  48
2599  62
1198  79
3157  48
3826  38
2428  46
2827  34
3863  54
1959  70
343|12
858  97
3000  93
48394  77
4226  92
4878  87
3993  83
2571  87
1617  89
31658  90
55363  95
55820  93
296  96
344|14
111362  79
380  76
316  72
2628  57
4226  82
2571  81
4014  77
2012  74
4034  82
260  86
2541  72
4973  83
5418  75
2712  71
345|13
1019  80
2539  68
926  92
5902  91
8810  64
344  67
5707  69
2366  80
56949  79
3649  66
6658  70
3489  76
412  77
346|20
3174  73
778  80
608  90
6711  82
6286  86
306  84
7323  77
307  83
3535  77
1212  91
357  74
3949  85
714  79
7937  70
7396  78
5878  84
1120  74
1131  84
3627  81
7115  69
347|9
434  63
590  77
39  62
150  79
454  75
380  71
587  76
317  69
457  79
348|11
318  100
2324  100
4368  65
1213  100
6016  98
2959  100
6893  100
4973  98
1221  98
1960  96
2019  100
349|8
10  69
161  80
589  79
381  77
349  73
231  56
588  74
509  69
350|8
852  67
7  61
637  57
648  63
733  76
12  46
858  83
661  66
351|20
88932  70
87222  72
73344  88
52579  61
2231  77
88744  76
43836  56
79132  81
597  74
58559  84
12  60
8914  75
8950  82
63082  75
6214  78
90376  85
84152  78
480  72
4878  84
1193  79
352|20
72998  72
71745  64
1801  76
34319  69
2600  79
65682  76
1080  90
79695  63
110730  55
38038  80
130490  57
97752  74
1214  82
94864  69
41566  66
56587  74
44191  81
114935  78
59315  77
47610  75
353|18
552  62
25  70
267  63
216  73
367  63
288  63
144  60
186  61
333  75
266  68
112  62
198  72
234  51
145  64
293  67
158  65
163  68
296  70
354|20
1610  81
4306  84
2692  83
3147  83
47  87
903  84
733  76
3977  65
1225  86
35836  82
648  72
44191  83
8665  78
1917  69
7147  80
1923  75
589  79
2959  89
4718  58
1196  94
355|6
316  82
1580  78
3035  95
3175  86
317  77
916  95
356|20
2248  87
52435  94
52975  83
7122  70
44889  70
1641  81
2706  73
4011  91
802  70
7323  81
2502  97
56367  87
1223  97
55118  91
3949  89
3996  88
1246  89
1466  83
223  84
7153  94
357|20
4354  70
8998  70
27329  70
2804  85
595  83
529  83
4663  57
4091  85
1224  84
1242  95
34  81
208  69
58559  95
6296  87
30793  75
1042  72
2100  74
551  88
471  85
2067  90
358|9
26095  70
605  52
5066  65
52328  65
2226  70
42728  57
7361  66
69844  66
36525  51
359|15
405  50
1092  66
1101  67
51412  61
648  66
296  78
1097  76
2396  70
2424  62
593  77
2701  45
2942  57
1682  71
2530  59
4995  77
360|5
1422  70
1620  59
1488  61
1711  58
1414  41
361|20
47099  66
1580  63
377  64
1552  54
49272  73
1263  71
53125  62
589  68
49822  61
8360  69
318  78
2529  70
5218  65
6188  64
2422  33
3082  63
1732  69
1370  60
46972  56
7458  64
362|20
1945  96
592  87
6539  88
51540  87
5989  93
637  74
70  89
7153  98
1252  91
44665  87
407  82
6874  92
2959  100
1196  96
1208  94
8961  87
48516  97
7438  92
356  94
1201  97
363|6
1552  52
1732  69
1517  69
296  75
653  55
318  75
364|5
858  96
9  83
783  79
376  83
1  91
365|20
59315  58
81229  55
128975  48
6874  63
90345  57
158872  36
129354  46
103075  38
135536  44
70286  61
112852  65
76077  50
112818  60
1777  55
6502  62
155820  70
541  57
95720  52
93270  39
135569  53
366|7
116797  85
59315  77
33794  85
91529  93
2028  92
122882  82
7438  88
367|20
926  95
3061  70
1270  92
1287  91
486  66
3536  82
3824  48
2384  67
3072  78
898  94
3618  80
3225  62
2248  85
3157  68
3969  80
3717  68
1259  88
4023  68
1196  95
1258  89
368|20
3753  54
2112  43
1944  62
2986  43
3869  62
1214  66
2947  66
415  40
3035  74
832  54
50  74
2819  65
1801  57
2490  62
1917  44
1391  55
2193  62
225  53
161  61
2881  53
369|20
1256  81
785  66
47  78
2706  55
839  50
377  55
52973  72
743  43
4214  55
5418  73
3863  62
1372  72
27904  73
60069  76
2857  68
1967  80
150  72
2011  67
1580  63
3174  65
370|19
4011  80
4878  80
8961  74
6377  78
2628  60
1748  86
2116  58
589  76
2329  85
7438  76
3977  54
1676  67
593  75
4973  86
4226  84
1240  75
1089  79
8636  68
2716  76
371|9
2571  100
112512  70
1258  100
4090  93
56715  100
3000  100
4226  100
4993  100
1748  100
372|20
335  70
924  80
318  84
1603  54
1479  61
589  81
81  60
387  46
616  70
337  74
1220  73
1201  82
165  65
1243  80
1258  81
377  65
1401  66
450  65
1206  87
1306  59
373|20
216  68
60  65
169  47
350  64
585  50
44  46
371  64
163  61
616  67
198  66
265  69
25  68
6  69
733  67
47  77
2  71
736  67
305  50
357  69
141  68
374|7
296  77
208  60
1219  83
480  81
592  68
1258  87
1339  80
375|7
344  63
1027  69
32  83
2628  67
3256  79
4226  89
500  75
376|20
91535  70
2002  70
1214  92
1101  78
2916  83
33794  82
1198  98
349  84
1371  74
376  77
1240  92
1375  79
4993  98
858  95
457  86
4226  94
5952  90
344  62
2763  84
2797  84
377|20
4942  70
2793  47
1262  86
2791  86
748  75
1345  82
5027  69
5113  73
27692  70
3421  83
6021  70
3364  80
2072  76
8641  84
2163  63
92760  70
2858  99
1503  70
2124  75
2015  79
378|10
33794  82
7153  92
48516  91
3114  85
858  94
68954  83
91529  90
71535  85
90600  82
364  86
379|8
318  89
377  70
19  56
292  69
480  75
367  65
597  71
344  55
380|20
60818  70
172875  70
172881  70
172887  70
355  47
6979  70
5476  27
2735  62
68194  87
63433  65
72356  85
105731  70
1833  65
551  81
6731  75
27831  77
1665  68
393  65
140956  74
2791  84
381|20
2085  73
1088  69
3253  73
185  57
317  65
27808  69
1240  80
19  61
3753  68
4321  68
72011  72
3082  70
333  77
2140  76
1385  60
2273  65
1208  83
457  78
104  75
2716  75
382|20
1204  84
142372  51
135532  50
1201  83
112171  67
1198  79
912  76
81847  73
4638  57
63540  27
1681  45
170289  70
103042  63
72737  74
2496  66
357  71
81537  58
59501  69
101362  52
4890  61
383|7
2436  78
2541  70
2496  72
1584  79
2558  58
1246  81
903  85
384|14
3527  64
1388  53
2683  57
2502  78
4333  41
3098  65
4396  49
457  65
358  46
968  66
2724  44
296  85
3991  45
1204  74
385|20
736  60
1080  78
249  74
1219  74
1036  74
1136  83
282  63
1073  75
1200  80
1228  77
1022  67
1007  59
1201  81
1246  74
344  55
589  82
1023  67
1287  80
594  76
1303  77
386|14
110  68
410  46
112  48
165  60
223  69
648  62
185  52
608  70
485  46
305  40
44  36
585  43
349  57
10  50
387|20
4393  70
5156  70
5780  70
7336  70
26124  70
40966  70
2712  68
5062  75
1247  77
5489  70
4195  48
7132  79
2946  63
1387  75
3000  80
51939  47
4995  73
912  77
7938  70
1783  49
388|6
6158  70
63239  70
33615  65
86298  55
62999  60
8360  77
389|7
17  84
140  79
628  88
762  72
743  72
95  80
32  90
390|17
6344  70
64957  74
4239  79
5220  62
1193  83
2571  83
9010  89
2291  81
5296  53
4226  87
7254  78
6377  80
63062  79
1206  84
2329  85
4014  79
1784  78
391|20
5575  70
500  67
3994  72
1213  92
516  67
199  94
4027  84
150  80
1408  85
4014  75
1527  81
1059  81
2916  78
4973  91
357  79
555  83
5026  87
4936  71
1210  83
3067  82
392|5
3004  46
2858  83
707  43
1198  81
1125  69
393|20
91658  69
102125  76
48394  73
36517  74
8636  78
110102  83
44199  75
5388  71
54259  77
4848  85
5669  78
1291  88
68848  77
86190  74
2571  89
1206  83
122892  72
106642  96
1625  74
106489  73
394|5
588  59
316  53
344  43
225  58
457  65
395|13
329  52
1025  63
296  64
160  54
208  46
173  42
485  51
355  43
520  45
595  59
126  41
48  56
367  53
396|6
1276  71
1597  58
1777  62
44  41
204  44
2081  68
397|5
4017  77
8645  92
1701  92
8228  82
6993  86
398|10
6408  70
1197  100
5971  98
7022  91
1198  99
60069  90
2455  86
1136  99
48516  97
82459  91
399|8
1198  82
110  84
5445  79
1196  85
593  78
480  77
1270  82
2194  83
400|9
608  96
356  99
2571  100
2959  100
7153  100
1221  100
3578  99
858  100
59615  80
401|15
5952  81
6297  78
55768  68
48982  75
166461  71
49274  58
50872  77
32031  67
79091  75
170939  70
38038  75
8360  71
3114  77
33615  69
1136  81
402|10
1084  81
597  80
52  78
329  72
296  79
586  67
315  68
1036  88
434  64
527  94
403|7
110  83
2427  72
3210  76
296  89
61465  59
1663  79
180  77
404|12
204  55
349  69
474  73
34  76
364  74
508  72
105  64
593  85
509  60
277  64
315  62
185  61
405|20
70708  70
293  95
7254  83
37731  84
2959  99
345  79
1213  93
7134  70
64614  87
6023  66
1241  88
2329  90
1247  90
3052  85
68237  91
1199  93
27592  88
27664  70
3418  86
1215  94
406|5
1586  52
135  47
56949  62
46972  61
724  55
407|5
7153  90
2959  96
6539  87
1240  87
54286  81
408|20
1198  97
122904  89
44840  76
165101  79
6618  89
1291  97
1210  100
89745  91
1278  96
7324  84
44  65
8641  90
115210  87
103596  53
68554  79
2571  98
109487  92
63131  84
80489  92
4649  90
409|20
2485  57
2490  76
2028  86
3812  72
1278  87
2997  87
296  90
1078  69
3016  72
1073  84
2683  71
2289  82
3846  70
912  96
2013  68
1911  60
2352  74
1230  92
2541  70
3174  73
410|20
389  70
3224  100
318  96
2302  75
4002  81
1060  87
4297  77
3263  72
1859  79
111  97
58  87
2145  76
3255  81
2321  79
3504  91
3948  80
11  79
4019  87
3  75
597  79
411|20
508  73
261  70
586  55
432  51
353  70
431  71
194  67
318  88
272  69
515  67
356  79
266  61
257  70
349  65
10  59
31  61
344  46
227  54
455  46
122  54
412|20
2828  31
2384  65
2915  78
903  90
608  94
2720  50
2858  95
1883  68
1307  84
1214  91
1784  70
2239  100
1  88
930  90
1136  92
2710  69
915  81
2398  89
17  86
1079  93
413|12
2706  86
1198  100
3753  89
2424  84
593  96
128360  95
4993  100
16  99
5574  90
3948  93
64957  95
2959  100
414|20
4458  70
4666  70
5285  70
5635  70
6033  70
6493  70
6563  70
6628  70
6797  70
48319  70
58879  70
169992  70
3802  53
3599  64
1600  75
8666  36
4975  67
7444  63
4081  39
177593  89
415|19
296  97
1213  89
4321  80
3507  91
4308  85
47  87
1021  61
111  90
2617  76
1276  92
3861  72
4369  68
99114  87
1221  91
63082  87
1234  90
45722  79
1197  91
175  92
416|11
5952  67
5951  48
531  57
1296  65
1199  77
1721  49
830  48
1206  67
7323  64
4848  72
3677  87
417|14
778  100
4995  96
4975  92
7254  93
1198  97
106782  99
27773  97
168250  89
1625  91
7153  100
74458  98
110102  96
48394  85
4878  99
418|19
356  84
296  89
63082  77
104374  87
1276  86
1136  86
117176  76
1573  70
137337  82
1682  78
5816  79
88125  78
74458  79
367  58
89745  78
45672  68
87869  77
7361  83
54001  87
419|20
4093  70
111  84
46976  84
27822  58
2858  83
319  85
6287  69
3578  88
1213  85
64969  81
47  90
79592  73
34319  75
89580  70
60756  72
27704  70
90943  70
2412  54
1240  84
52245  71
420|20
1161  85
4993  93
45499  75
923  85
26693  70
48385  79
1927  86
5608  82
2052  64
6934  61
7022  82
3979  59
59295  70
2329  89
54259  81
1131  83
2762  87
4973  93
5669  81
527  94
421|8
2858  90
909  82
5008  89
953  87
1178  95
2313  80
2478  73
1203  93
422|19
2539  61
2710  53
4947  76
4971  61
5039  77
4925  70
2581  59
4916  61
1265  75
2804  82
3053  80
2665  70
1283  79
4835  80
2908  71
3943  59
1213  76
2670  73
858  78
423|5
1653  86
110  91
2194  90
5349  77
1320  67
424|20
1193  84
141  69
2804  82
40278  78
608  85
108729  73
293  86
69122  76
1092  72
54503  85
58559  77
3186  74
66097  74
778  86
5679  73
3176  74
2288  87
2174  82
71668  91
112556  76
425|20
45517  68
377  67
2329  90
733  69
6  81
1645  69
8368  80
2081  75
4306  81
1680  70
1909  68
367  57
46723  72
1625  70
1036  76
4901  69
750  85
2353  63
1342  57
145  68
426|18
59784  68
150  72
471  78
337  78
54001  81
1197  81
6378  74
72641  77
4886  79
8644  75
37729  71
597  75
5444  78
91325  53
588  81
3247  60
4022  73
79091  77
427|17
4887  49
5463  50
5015  63
110  78
58  71
5528  65
6348  47
5312  57
2710  53
5696  51
4993  78
5266  58
2683  60
5400  51
5816  63
1208  76
5574  62
428|20
2471  36
2762  61
3827  41
1089  65
2953  35
2916  57
1380  46
1997  61
3440  26
4022  53
317  44
4255  31
1208  68
1391  48
6377  63
2581  43
260  68
3285  40
588  56
653  45
429|12
339  84
421  80
150  90
225  82
165  87
266  73
329  75
252  81
279  71
317  78
237  80
204  65
430|12
923  75
2987  68
3745  67
6287  63
2858  72
6365  66
2571  80
4447  69
4014  72
329  71
2076  70
4446  69
431|5
172  41
1625  48
1376  52
3948  50
802  45
432|20
1831  57
5630  76
6870  77
8640  61
6539  80
3916  81
5989  84
84189  70
110  88
35836  78
4886  80
2762  82
1206  85
49272  85
19  62
318  92
58559  86
69481  85
7158  78
33660  82
433|5
91529  77
1089  77
50  82
5299  59
110  81
434|20
1136  84
3147  82
1090  89
1265  81
5989  80
1101  69
1779  66
586  61
344  64
3863  70
1208  83
3160  86
589  82
780  71
6796  80
2791  87
4226  87
2194  81
8665  80
1291  87
435|9
2353  84
44191  87
485  79
3510  83
34405  97
2302  83
158  66
82459  93
48780  92
436|20
204  49
435  41
440  64
432  51
161  66
480  67
377  59
531  57
536  53
502  47
364  70
235  60
371  64
344  49
2  72
585  48
450  66
587  71
437  42
227  52
437|20
748  72
318  94
5  67
640  61
1299  91
1120  76
1396  76
1246  82
454  80
1171  72
1225  88
1183  78
1097  78
1307  86
1268  82
592  72
198  78
155  49
112  68
246  88
438|20
7154  54
2501  74
8966  72
27801  78
1527  76
6711  81
3898  29
1784  68
8644  73
6367  57
2424  60
3889  45
223  73
1517  71
7361  85
2641  63
5009  65
2617  66
3753  66
2393  65
439|5
356  91
4022  84
7153  85
78499  83
1240  82
440|7
8690  70
541  88
29  87
1653  85
1274  90
3174  75
1235  91
441|9
589  98
2683  87
2959  100
4306  91
260  98
296  100
51255  98
47  94
68358  94
442|5
2908  26
2881  21
1186  24
3752  24
4361  29
443|8
2329  89
79132  91
296  88
48394  76
106487  79
108190  65
7153  89
63082  84
444|9
356  89
592  69
208  60
21  71
111  82
110  85
235  71
296  86
344  58
445|16
2028  82
590  81
34405  85
47  84
116897  86
780  73
4011  87
899  97
593  81
33794  80
1080  91
45722  79
17  83
1230  86
306  91
2710  65
446|17
237  63
339  68
300  65
296  67
480  74
368  64
288  57
172  52
17  68
16  79
357  68
150  71
434  54
153  61
648  74
593  82
337  72
447|16
257  82
293  74
337  84
531  72
382  69
589  86
552  72
253  75
362  81
532  75
292  79
31  73
474  82
540  58
442  72
160  70
448|373
2368  70
3284  70
3933  70
6302  70
6476  70
7245  70
48262  70
49688  70
75803  70
75816  70
78116  70
79590  70
86593  70
92198  70
98908  70
100326  70
102819  70
104760  70
108715  70
109191  70
111680  70
113416  70
116207  70
116985  70
129657  70
130083  70
133377  70
136654  70
138546  70
142424  70
151777  70
152658  70
157130  70
158022  70
161290  70
164375  70
53996  61
136778  70
5418  66
288  60
88356  35
2580  62
155358  70
2889  69
4034  62
148888  43
81156  62
2713  42
103335  58
95441  51
34048  52
80126  45
3057  70
1057  57
2794  43
33830  70
8665  61
6059  55
110553  40
90374  70
151501  70
3764  43
6143  70
103819  70
4361  64
104913  63
3986  46
5528  59
1196  82
105351  43
83349  52
3276  70
1090  71
5349  68
587  49
106330  26
4677  54
95508  70
109895  25
110611  70
671  57
2289  64
152077  59
80693  48
111360  46
170  58
87444  52
94323  46
8493  58
3671  68
91653  53
4981  70
2991  62
78034  70
119145  67
5099  50
4299  55
2567  43
6996  18
109864  70
6582  49
73017  63
370  49
543  58
115617  66
590  68
154065  70
5553  57
41569  61
3286  33
6645  67
589  74
1920  49
2857  58
111663  54
78499  64
2657  52
6537  54
1148  67
46974  50
48516  75
80241  57
445  52
4262  69
3689  21
114935  64
6428  57
127194  70
109673  42
127096  60
89388  70
4156  70
3793  64
33679  55
2014  47
64285  70
3968  52
49530  59
3450  55
160563  52
5502  54
8169  62
6314  29
122490  70
3386  60
140725  59
4896  55
2642  38
127136  70
2763  62
2520  70
457  68
48783  60
3263  47
5400  47
5541  54
4011  69
58351  70
127132  70
152091  62
3698  55
435  31
4799  44
84152  63
3401  41
2858  72
3174  58
7076  59
106542  70
6218  55
2860  42
1283  65
3618  58
2616  46
90439  50
2404  41
4660  70
2530  49
26386  70
4327  60
3030  70
71464  61
32  72
91529  67
4158  42
99114  65
98585  56
93326  46
2268  65
80489  67
130576  36
105504  70
2791  67
50601  38
7007  54
4234  52
3623  44
80727  70
78467  26
8641  66
4128  62
106782  65
2537  27
112138  58
3247  46
112818  61
2027  28
3101  54
5779  70
82202  52
1704  72
98296  70
6863  59
89305  53
4203  53
1201  74
6212  39
637  47
84954  53
6814  70
94864  51
67695  39
159077  70
92439  66
6812  29
3156  49
802  48
118354  70
134130  69
138036  58
65135  70
52975  61
4368  29
90717  50
45722  61
79259  70
68157  67
4233  28
74458  68
3258  44
1262  70
3949  71
101025  39
69526  42
1831  38
1083  52
1884  69
1476  58
156609  51
3755  49
111659  39
4734  50
161  59
95201  70
135887  51
2598  44
87232  67
4634  85
5334  70
5459  48
146730  70
72694  70
157432  70
132488  70
4558  49
1375  59
6424  70
71518  56
2716  68
94780  39
3593  18
129354  48
158  37
1409  37
6514  70
2881  50
51662  66
90522  49
68554  52
2126  50
122932  70
93510  60
137857  61
125916  3
2953  42
2090  59
1760  14
480  68
58803  53
2109  62
50792  29
46062  22
85510  53
80864  70
112171  55
122900  58
2587  61
1527  68
117529  56
4993  75
92264  51
5247  40
533  46
912  67
26464  70
2249  49
4678  53
103772  52
114601  61
96861  57
420  41
59615  50
2349  61
109372  46
95207  51
348  64
19  48
136020  49
4502  28
91094  51
138208  52
3511  42
79428  57
2643  32
109183  70
2139  59
4212  70
5942  53
96417  52
112852  71
99728  58
89470  58
142448  47
64983  50
2640  60
2046  50
4881  69
3882  42
3744  46
1032  61
116799  62
5  42
4040  34
157407  70
2115  63
1617  71
4367  47
105254  70
3388  42
3760  57
2146  54
2968  66
6281  50
466  44
96448  15
86332  63
64969  63
115170  70
1036  66
3397  61
2474  61
1408  69
155743  70
106920  66
8542  61
120466  54
2051  34
7143  68
7150  51
89087  29
34150  44
2253  41
2973  64
449|8
1917  54
2502  78
4034  71
1222  80
2770  58
762  48
2011  69
2324  83
450|11
3977  67
589  85
110  89
3363  86
3535  81
3948  81
3409  67
1035  81
3568  70
358  62
1259  89
451|7
733  79
593  89
7  68
5  66
494  75
25  77
17  75
452|20
4025  79
2858  100
2617  89
5292  96
1206  100
1676  87
3219  81
47  100
3101  86
163  94
1092  91
1917  80
2126  83
1356  93
552  83
2628  87
1200  100
608  100
2707  84
3273  70
453|20
208  68
858  100
2335  79
4022  82
3618  81
1617  91
3452  72
1357  87
112  73
2671  80
1884  91
1894  67
2294  76
318  100
1614  67
3534  75
2959  99
798  65
5266  73
780  75
454|9
7361  85
2692  85
7116  79
55820  80
6016  85
27773  84
2160  90
2858  88
26131  92
455|12
272  74
432  56
367  66
590  80
253  72
364  79
555  68
252  72
110  85
225  70
588  68
597  73
456|9
1407  70
634  53
135  67
5  68
724  72
780  84
733  87
260  88
706  70
457|10
329  65
3593  28
2692  77
1356  72
223  79
2394  66
2701  43
3608  56
733  67
2094  60
458|12
597  84
185  79
10  78
380  83
95  78
454  89
300  81
595  88
153  75
587  91
150  93
552  76
459|6
79132  88
5618  97
8961  93
48780  88
50872  90
260  86
460|17
89039  70
4886  96
4703  100
3831  84
1441  89
4878  95
3483  77
8970  91
1  90
49272  98
40815  91
85414  83
68237  93
76093  87
47610  87
63082  88
2571  98
461|6
74458  67
2762  65
1036  65
91500  57
3578  66
539  60
462|20
26838  70
89090  70
164655  70
188189  70
1136  84
1219  83
158966  87
1248  84
508  68
1653  78
1674  71
8917  68
8620  0
3424  78
2146  65
7044  73
3814  82
1213  80
82857  70
26131  84
463|7
6377  85
2028  84
4310  67
3753  73
2006  63
1092  76
5995  85
464|20
1370  73
58025  67
63853  56
296  82
2019  86
3527  75
5254  72
7007  70
1101  72
1779  64
377  68
1653  87
55820  82
648  72
33493  72
1610  79
65088  73
74727  82
1617  85
62374  74
465|20
2941  86
2987  78
1200  93
3448  87
5060  88
1299  95
3703  87
3649  67
1625  84
292  82
904  97
3101  73
1754  84
750  100
1256  98
593  91
3732  78
3740  93
3334  92
377  80
466|20
5418  87
30793  70
79091  83
92259  88
5989  85
5459  68
318  95
63082  84
59784  77
5010  83
74458  84
6281  69
5952  86
8529  74
64716  83
68954  82
4993  86
45447  72
81845  86
55247  80
467|22
41  70
58  70
389  70
466  70
527  70
593  70
780  70
1183  70
1233  70
1357  70
1365  70
1408  70
1721  70
2028  70
2125  70
2324  70
2334  70
2384  70
2390  70
2393  70
2394  70
2493  70
468|7
592  66
349  66
1  77
317  68
296  73
32  83
165  77
469|20
3658  70
3832  70
3507  85
3032  87
2736  85
2132  87
1958  80
910  85
1090  90
1485  65
1388  62
2321  68
1234  87
2081  79
1193  91
36  75
2908  79
909  81
2023  73
3255  74
470|16
253  72
318  93
110  85
588  73
282  66
5  63
597  72
32  82
595  75
592  63
500  70
26  79
356  81
357  74
434  62
300  72
471|6
2571  84
8874  83
527  86
1  78
8360  76
7147  84
472|6
58559  91
3450  75
3298  83
2840  67
1221  87
858  92
473|8
4979  79
2959  77
60  56
7147  73
6281  57
3897  73
48322  87
2596  66
474|422
638  70
2179  70
2697  70
4046  70
5114  70
5311  70
5353  70
5455  70
5601  70
6201  70
6273  70
6382  70
6407  70
6592  70
6912  70
7702  70
7826  70
7832  70
7839  70
8057  70
8446  70
8458  70
8459  70
8611  70
8650  70
8774  70
8938  70
1466  71
6708  74
2940  77
2616  55
2334  60
7139  74
4218  70
371  70
750  89
2935  81
8645  81
5481  56
6370  83
25865  70
2553  72
912  83
2467  76
5548  71
7301  70
52967  64
5945  65
480  73
1983  49
3462  73
1068  70
8600  70
6650  70
8482  70
6791  81
4016  72
1784  69
3668  72
3977  56
8961  79
4160  72
30820  68
6984  70
2750  55
5034  36
7716  70
2612  70
4419  92
1300  73
4187  78
1187  58
6565  75
272  70
5440  70
25937  63
1099  52
3125  70
5826  70
5649  70
7256  75
4912  75
6016  81
1208  87
2083  73
3385  69
2310  64
3360  73
3163  82
1413  78
4081  39
1643  64
968  75
2116  57
26965  83
5954  76
1263  82
5116  70
3536  72
8778  70
63433  59
2952  69
318  86
3394  55
1200  82
3384  80
4356  80
932  82
7698  70
516  62
4873  73
48385  69
39869  76
1902  70
2641  64
7036  61
2181  70
4638  52
31116  68
2455  68
2146  65
628  70
3897  78
1030  55
4022  71
344  67
3196  79
92  53
237  62
6770  67
3259  66
3368  65
26151  70
1293  74
34072  70
3044  74
1639  71
5944  59
6539  73
477  67
7361  86
55687  70
58  73
4014  69
3467  70
8154  80
4191  72
2134  66
4644  77
4293  61
5013  79
1399  75
1196  84
2918  78
5899  74
4465  66
100  57
361  59
3341  83
8921  70
195  61
3789  70
4709  67
1588  63
3468  84
4678  64
2723  71
2118  71
1939  81
7019  70
3147  76
1792  59
33903  77
1682  74
41566  64
1693  61
1957  76
5021  66
2313  74
3870  70
948  76
47099  72
3447  80
6614  59
216  67
5619  65
3987  47
5060  77
3111  86
45950  73
32584  58
5525  70
2567  54
5956  71
7  62
1172  77
3217  62
8331  70
587  59
5238  63
1189  74
2416  67
832  63
3095  76
7386  79
1223  85
7058  70
5246  41
5418  74
27803  80
26  73
4002  72
1135  67
45  67
6945  100
2411  52
2520  70
7347  68
5375  70
5673  75
3039  69
7833  70
33781  63
720  93
2103  46
33154  74
608  85
1327  41
101  84
7061  70
5451  59
5682  70
5434  69
6609  70
31658  80
4578  46
2009  64
4704  70
7572  70
4929  51
3306  72
6334  80
5379  85
5437  63
42418  81
4128  73
7451  71
2786  47
2243  64
27846  73
6197  65
3264  52
3608  59
5603  85
6124  58
1222  83
1663  73
3566  55
3755  61
2628  57
4815  57
2089  67
7102  56
27706  66
7013  74
1348  67
45666  54
5755  42
4055  70
2058  66
4462  20
1544  48
2405  58
4998  70
273  56
1977  50
1732  80
7822  70
7073  70
41527  80
4787  69
1676  61
3708  62
6669  63
317  57
25940  70
971  91
7366  59
3115  77
7026  51
2710  58
50685  76
2114  77
3809  66
3516  70
2770  59
535  67
4878  82
5992  75
41997  71
1083  62
4487  64
7293  68
1016  69
2006  57
1007  61
4993  86
3412  72
5007  70
3929  55
6639  73
8712  70
1876  56
3546  70
34359  70
7579  74
7325  71
6837  70
2634  57
7753  63
8943  70
8385  70
4308  67
3246  80
3745  68
1148  83
42002  65
50740  74
3952  58
1927  78
7581  63
910  84
3948  63
54881  79
1284  82
4007  74
5341  70
3675  81
52975  72
6244  63
965  70
454  65
1247  81
7215  63
1282  77
8207  83
6242  68
6502  79
4509  68
3528  75
2391  73
4262  80
4039  66
42018  14
3271  77
976  70
48394  74
5384  70
5168  70
1358  77
6534  56
8773  70
2384  56
48780  77
1269  76
4600  80
2642  48
111  81
933  83
3578  69
5297  70
944  73
6020  70
2123  56
748  63
4896  69
5380  76
53953  63
3712  60
25996  70
1997  73
4464  75
4085  70
51540  71
2707  61
2069  85
6710  73
1488  61
6378  69
928  80
3038  81
7116  73
44511  70
594  69
1962  71
421  62
4316  29
2761  78
4823  54
892  74
1345  66
5294  80
1408  78
6579  70
3272  69
3421  76
3844  62
6787  78
37736  74
2249  59
1610  77
2468  46
3498  87
4902  72
6268  80
5225  76
5404  81
929  70
25999  70
7835  70
805  68
4126  70
475|20
6539  100
4993  100
87232  97
40815  93
5816  95
8644  91
81564  90
4701  84
81834  98
6564  67
68791  88
111759  97
7153  100
1527  87
71530  79
4896  87
106487  86
112852  99
3578  95
82461  84
476|14
594  85
34  83
380  78
158  72
153  69
586  63
440  79
364  83
378  72
357  75
224  75
165  79
296  77
11  88
477|20
34  73
913  87
3100  82
2105  72
1271  78
1207  85
70687  34
2174  81
45672  67
4571  81
3973  45
4226  96
1103  86
5291  76
348  81
3593  35
1  81
1274  89
6502  86
59615  66
478|5
1917  52
3114  64
594  59
1584  57
1101  56
479|20
5365  70
4488  77
524  65
1025  69
3707  54
1220  66
4010  61
3244  66
3526  68
4092  47
1968  79
4700  61
4003  66
3671  73
2671  72
341  70
2012  54
2542  70
454  64
2384  52
480|20
43914  70
2700  75
8533  69
2193  69
2797  70
3484  53
2571  86
1210  85
2596  67
8866  71
47610  67
6306  79
5379  82
2018  65
7153  80
3911  71
44191  78
38061  80
5673  71
380  66
481|7
1608  51
1687  59
1629  48
1729  53
1620  43
1597  46
1485  47
482|20
2068  98
8985  61
1036  76
474  72
1042  62
4389  78
780  69
27706  67
3211  70
1610  82
4367  61
1374  79
1220  77
1602  49
653  62
592  73
30812  77
4862  55
8361  59
8529  64
483|20
105325  70
783  58
2541  72
2959  91
109971  70
45722  75
1199  84
50872  79
2000  76
4306  83
69757  76
2683  70
2273  65
1588  67
109487  80
66934  82
1721  62
2328  56
68522  70
8972  68
484|20
93320  70
1438  64
6155  67
6944  80
2706  72
33166  83
6874  88
3697  74
1059  84
76293  75
919  82
2762  81
1821  67
837  80
5810  71
1753  79
3254  76
4718  66
2413  79
3646  50
485|5
588  76
161  85
253  80
292  78
231  68
486|12
653  76
47  92
110  97
153  77
474  86
95  77
288  75
329  77
161  85
318  100
292  83
6  90
487|12
27611  60
8961  66
318  75
1198  69
31658  67
1197  73
6539  60
5445  54
116797  66
4027  61
8874  65
86377  84
488|20
720  98
838  79
608  90
1223  93
26  82
5135  83
2109  78
7720  69
7303  82
4014  77
5995  89
457  80
105  72
1136  85
272  78
1269  80
3176  78
1278  88
1125  78
910  90
489|20
79536  70
86000  70
4848  74
736  49
8387  14
4700  55
45666  46
4720  67
2683  58
2021  58
2389  26
1619  54
950  54
58559  81
2236  56
2167  58
1616  49
247  72
376  56
2717  52
490|20
46578  71
89492  65
81591  69
91077  74
60074  54
5816  60
4144  77
54001  69
1  67
1784  68
7153  74
4993  73
89759  84
86320  57
60128  66
76251  63
8368  68
69122  69
2006  52
78499  68
491|13
106782  92
69757  93
7293  90
27808  84
4246  91
3948  84
104374  97
86833  94
140110  86
8529  85
180231  70
4306  91
88405  78
492|20
736  79
784  64
628  79
858  95
852  77
64  62
990  64
830  67
743  65
62  78
52  82
1499  55
66  73
1210  91
881  59
1474  51
1405  73
724  72
1047  74
65  59
493|13
2985  72
4444  75
2916  73
1275  80
2571  90
1527  73
2028  88
3793  69
2167  73
1215  82
4701  65
2924  79
260  87
494|5
1196  95
4498  79
3578  95
2028  100
1210  95
495|20
140523  70
115149  87
1259  89
1721  74
136562  71
80489  89
19  69
50872  84
231  75
102123  71
52319  98
7254  79
7360  84
8528  88
1645  82
46578  87
30810  79
2918  88
148626  90
56775  75
496|6
1221  67
99149  70
858  70
904  75
8865  46
114713  65
497|11
1193  77
112556  75
112290  81
1916  73
92259  80
2329  80
112552  78
1258  81
2762  69
5349  73
111362  77
498|7
344  73
231  78
648  91
10  80
300  86
356  99
316  80
499|6
1202  85
2337  68
38304  98
327  57
56286  85
1304  85
500|18
2599  56
2987  67
543  60
2700  71
2542  69
1265  69
2916  67
356  74
3301  59
1784  60
1914  68
595  70
2355  65
3536  64
1885  60
322  58
838  66
720  85
501|9
6  72
62  66
93  62
45  65
3  65
637  53
11  78
18  69
662  63
502|7
7236  85
1077  80
4412  70
3469  77
2001  70
2520  70
1777  76
503|19
7455  70
7361  77
4878  73
356  77
91500  64
593  73
527  74
858  77
4226  80
1259  78
1342  54
2877  52
92509  65
90866  71
500  61
441  79
48516  80
2858  70
48394  66
504|18
4995  86
5812  78
2321  75
1  83
3556  83
7153  82
6708  79
1288  86
6927  70
4033  81
4700  71
6565  81
342  76
3408  76
6879  76
4361  79
5952  83
5955  77
505|7
1241  86
4105  86
1029  79
74685  88
273  74
6502  91
54999  78
506|9
59258  69
54272  72
37741  76
56782  83
62293  81
51834  65
49286  75
112556  74
61024  81
507|5
165  70
266  68
253  67
377  74
593  83
508|5
2872  50
2011  45
1952  50
1175  57
898  61
509|20
26958  70
130073  70
2028  71
87232  74
33830  70
5313  43
48  61
2090  64
2080  61
6942  74
8907  51
6156  56
5816  66
39  66
3988  54
6807  74
7458  64
1196  78
45447  56
616  66
510|20
1882  31
7026  39
35836  60
494  60
1198  69
514  56
457  58
2935  68
858  71
2699  42
317  43
8949  62
2918  67
145  49
1262  63
6787  66
1208  66
372  47
1242  72
40819  62
511|11
2959  93
53953  81
115149  87
164179  87
6534  64
99114  83
92259  92
318  92
2324  94
1653  83
56757  79
512|10
480  82
150  83
349  76
47  88
350  75
442  71
457  88
50  88
317  73
593  96
513|7
5952  87
318  90
2174  76
235  74
1304  89
1220  85
1080  80
514|20
1335  70
5704  70
62586  70
168358  70
180263  70
1704  80
2005  74
2792  60
2013  61
1673  80
134130  77
76093  71
1333  75
58998  75
68157  76
2406  68
3210  70
54503  75
4855  73
1644  45
515|6
33794  100
2028  100
527  100
91529  100
58559  100
2959  100
516|26
260  70
457  70
480  70
647  70
708  70
1042  70
1090  70
1197  70
1198  70
1954  70
1958  70
2021  70
2259  70
2268  70
3052  70
3471  70
4027  70
4291  70
4306  70
4321  70
4322  70
4333  70
4337  70
4349  70
4361  70
4429  70
517|20
4306  62
53125  46
1265  54
165489  70
97938  53
88744  53
86880  45
4148  42
26761  70
3398  55
1293  55
3988  36
2858  61
4963  51
1204  64
1704  64
47629  55
7669  61
1206  59
46578  60
518|5
3101  63
2657  68
783  58
1876  55
6365  64
519|6
1704  98
356  99
140110  90
6378  91
7445  84
1968  93
520|20
7266  70
318  95
1049  72
59315  87
4995  85
32  91
2716  83
4333  65
1291  94
1732  92
4085  79
2723  80
3081  85
3994  81
33493  77
135  67
2393  73
60516  48
2406  78
1584  77
521|8
661  68
112  70
86  81
104  63
58  78
79  60
52  78
852  69
522|20
99114  85
81932  83
89492  82
63113  77
2959  94
1193  87
1375  77
4993  95
223  83
27611  81
76060  80
180  82
59315  82
1617  85
10  81
67255  87
2023  76
6187  90
318  92
127098  90
523|15
168252  100
8970  98
5989  100
318  100
91529  95
1721  92
293  100
65261  100
4270  86
3147  100
27731  100
134130  100
31696  84
527  100
101962  92
524|20
1356  74
150  80
552  58
748  64
344  56
442  61
253  68
1225  78
20  50
589  83
1242  87
544  66
173  57
1302  71
380  71
457  79
1020  69
788  52
193  44
466  59
525|20
120807  70
317  65
6863  70
8622  73
33004  76
7147  74
2396  74
40815  78
137337  77
1639  74
1968  77
91869  70
45880  66
2100  66
339  65
4886  80
50872  79
86332  77
8983  74
3996  74
526|12
593  92
55247  87
46578  91
176415  70
1295  70
90430  88
4014  88
2352  82
176413  70
215  89
81845  89
51255  91
527|20
2137  86
3114  88
3210  84
3016  80
2161  85
4571  88
2118  86
3421  79
455  65
2867  86
2450  54
1909  82
1214  92
4299  78
736  67
2477  80
588  90
4016  87
1259  90
2533  73
528|15
4886  76
2278  74
80906  78
4037  74
1240  65
64614  72
3821  47
150  67
1291  76
80463  76
593  74
99813  74
85342  75
48516  80
58559  77
529|5
653  54
135  51
65  47
62  65
733  73
530|6
292  74
500  72
300  74
586  64
593  91
11  90
531|5
593  79
590  77
919  79
480  78
1215  87
532|10
1721  81
4863  100
457  85
290  92
1245  98
1242  100
2023  87
2329  92
1304  99
517  88
533|8
1200  99
6502  99
79132  97
46578  96
93840  100
4973  98
2455  93
66934  99
534|20
116724  70
97913  80
94953  73
2003  80
2167  78
7569  85
153  59
1485  67
65514  82
104218  72
344  74
2571  92
5445  84
95875  69
112818  79
82461  73
96610  79
2987  82
138036  77
1566  76
535|6
2571  63
2581  34
2700  56
2688  33
2583  55
2882  24
536|8
232  82
272  70
356  81
335  70
225  65
150  76
434  58
589  73
537|10
80906  91
367  70
7153  95
53322  81
104218  84
97304  82
6539  85
318  93
89745  85
105504  93
538|8
595  100
3671  100
80549  100
4039  94
69757  96
5047  88
44889  70
66934  99
539|8
4306  82
6753  76
5218  73
50872  79
88  65
3301  73
4886  82
69122  78
540|9
2598  68
2959  93
1073  87
8874  93
1681  55
2183  82
2841  84
2747  63
1196  90
541|18
590  68
457  76
413  53
15  63
110  78
595  71
597  67
480  71
356  80
203  64
529  69
357  63
22  69
345  65
546  40
586  57
281  74
350  67
542|20
6539  79
30793  64
5299  68
2542  77
34319  71
33679  69
4963  75
5481  63
1997  73
4025  58
3623  54
924  71
4369  55
6378  72
2571  85
7254  71
41566  62
37733  70
7361  84
45517  66
543|16
73881  94
1702  76
595  86
3301  83
231  76
2378  77
2379  61
86882  88
6377  94
588  91
377  83
48385  79
2571  95
4526  69
4388  70
92259  96
544|22
1  70
3  70
14  70
32  70
40  70
62  70
68  70
95  70
116  70
619  70
626  70
648  70
650  70
694  70
736  70
780  70
839  70
1042  70
1047  70
1059  70
1105  70
1356  70
545|5
1438  52
1267  76
2763  70
1367  57
44  45
546|13
1270  70
3328  83
480  73
1970  59
2456  51
1976  49
589  83
2657  66
1673  81
3941  70
3959  67
3566  62
1977  54
547|5
1211  87
2859  79
2917  89
1394  92
1288  93
548|26
69  70
260  70
356  70
733  70
1196  70
1393  70
1477  70
1621  70
2571  70
2716  70
3263  70
3578  70
3916  70
4776  70
4899  70
5955  70
6874  70
7458  70
8531  70
49910  70
58559  70
74532  70
80862  70
122904  70
125916  70
168712  70
549|5
2571  76
2028  72
4226  76
1210  79
589  68
550|6
167296  70
102125  87
106782  92
116797  91
112852  92
122882  90
551|20
5010  77
34162  70
60069  80
1544  62
45186  76
103772  70
51935  78
4226  84
2353  70
7153  86
5989  80
135569  73
115149  81
88129  77
134130  80
6934  65
47  84
4701  71
2959  82
98809  81
552|20
2916  62
3317  72
1405  50
2953  46
2245  58
2944  70
2890  70
2125  69
508  64
3948  60
5349  69
2959  81
2857  61
173  45
2991  65
2871  72
2628  51
4308  67
4878  76
3101  58
553|17
55765  94
3481  93
1923  92
2571  97
4011  98
50  100
3949  91
1089  93
44199  88
5513  70
2231  90
2395  82
3052  88
61257  70
1221  100
33166  93
2959  100
554|18
1196  91
1022  80
2820  70
1207  94
1517  82
1282  84
1210  88
1760  34
2282  84
1225  92
907  72
1358  89
2096  84
1028  92
593  91
608  97
953  90
2324  90
555|20
790  70
3664  70
1  80
3111  89
3395  78
104  66
1334  34
2506  65
2072  68
4002  76
1266  82
2641  64
2256  59
2791  79
2701  46
1333  77
1320  65
337  75
1393  65
3526  70
556|7
162600  70
122890  77
3081  78
88125  89
588  90
72998  79
74789  74
557|6
648  82
231  71
1291  84
260  89
1210  85
150  85
558|12
5329  71
5064  86
4903  72
2297  83
2568  76
4993  92
4306  84
367  69
5283  68
1097  79
4164  91
5294  95
559|20
552  58
608  78
355  47
329  59
544  59
1527  68
173  48
377  64
745  78
174  53
529  67
350  64
349  63
533  55
836  52
1210  80
420  51
786  60
227  54
253  61
560|20
5839  70
91535  61
136018  56
67997  84
79132  88
3253  72
142558  70
2355  74
39435  64
1527  80
40414  82
64614  80
48744  81
56587  70
593  83
76251  72
84944  75
109313  70
5878  82
40819  77
561|20
168174  70
5308  59
78469  59
3703  75
60069  85
91535  58
2105  66
73017  70
5445  73
2000  72
83134  76
79132  84
79592  64
80463  77
89745  75
527  84
8972  65
353  81
33162  73
68157  79
562|20
27140  70
6870  85
6377  94
2580  86
1249  94
4776  92
36529  84
1259  89
1982  84
2268  86
2133  81
83134  89
3210  85
48394  84
30707  94
33836  61
2692  90
88163  89
99191  70
1240  89
563|20
61071  70
70932  70
80858  70
919  76
74450  59
588  77
5943  54
118997  53
86833  76
1197  82
128832  70
85397  62
45221  47
33499  56
7380  66
96821  74
81784  59
95307  47
65585  66
55250  49
564|20
50942  70
356  86
31685  65
131013  72
61024  84
79224  60
87869  72
500  72
108156  69
81784  66
93270  54
6188  77
106918  80
65230  64
67087  74
80693  59
94677  68
8984  72
73266  56
2671  73
565|6
590  78
231  64
19  60
21  72
50  88
539  79
566|15
648  77
10  66
231  54
329  67
342  73
141  74
203  69
345  69
39  63
497  87
265  75
588  74
708  73
353  71
2  77
567|20
8189  70
26743  70
92681  70
109897  70
152071  70
5690  58
136602  52
122888  70
6333  49
1274  61
122922  51
153070  70
151687  70
117877  70
108928  33
954  57
122924  41
27773  56
648  47
135887  38
568|23
50  70
147  70
296  70
356  70
480  70
593  70
765  70
1103  70
1104  70
1257  70
1298  70
1895  70
2313  70
2359  70
2863  70
3053  70
3148  70
3261  70
3363  70
8169  70
46723  70
63853  70
65088  70
569|5
231  81
50  98
380  83
588  82
592  78
570|20
208  53
8636  69
48516  80
1225  79
586  54
2683  57
457  73
1196  86
110  85
4993  87
7361  79
1198  83
1079  80
10  63
3793  72
1391  59
589  75
380  66
527  84
185  52
571|20
1331  70
2982  70
2366  56
1128  42
610  54
2902  42
1998  70
3696  64
1980  70
1987  70
70  52
1924  46
2279  37
1327  30
3732  47
1972  21
1278  62
1644  30
2327  76
1978  26
572|20
1961  90
2570  71
2788  94
2321  75
111  92
904  96
2987  75
2302  75
1834  90
2539  75
2917  91
1307  91
1  91
161  88
3421  80
838  86
1356  87
2006  73
3167  75
1953  87
573|20
89745  92
72998  83
3752  78
356  98
7293  84
6754  85
8665  89
32587  96
1073  89
88744  88
1127  86
68954  90
98809  90
2640  86
48516  100
71535  94
59369  87
60069  100
88140  87
1562  61
574|23
47  70
110  70
150  70
153  70
161  70
185  70
225  70
231  70
292  70
296  70
300  70
316  70
318  70
329  70
339  70
344  70
380  70
410  70
434  70
588  70
592  70
593  70
595  70
575|8
2566  50
2580  69
296  72
2581  56
2572  65
2542  64
2574  35
2598  40
576|5
849  49
1321  65
1373  56
1479  57
2289  68
577|20
2415  70
1183  74
1288  84
1129  72
2944  78
2194  83
733  63
1213  88
2076  77
2020  78
1262  81
1931  81
1391  63
2987  69
952  77
1909  71
260  89
919  78
2248  77
1270  78
578|6
6751  70
52668  98
45668  92
830  70
72407  68
75446  70
579|15
3174  79
2485  64
1022  80
2018  79
838  83
1917  73
1391  66
596  79
1573  79
2965  70
1653  93
2599  75
892  84
2687  74
595  86
580|20
5767  70
6583  70
480  81
8844  70
6989  68
3809  69
41569  71
3699  67
4041  71
33166  78
356  89
508  74
8376  64
3578  81
608  77
3785  55
3089  84
1320  68
54286  80
1201  87
581|8
7153  96
5995  93
4973  96
116797  92
3949  92
4306  92
109487  95
6377  94
582|12
91529  92
2959  95
116797  88
4993  92
5618  90
2571  90
76251  79
69844  89
104841  86
48516  94
97752  81
76093  83
583|12
8533  74
88405  65
2706  63
117590  80
317  65
60756  67
6942  80
595  77
46578  75
104  76
2694  66
7451  77
584|17
288  72
22  85
203  80
315  76
500  84
316  82
539  86
234  64
296  79
257  89
434  74
586  71
338  75
349  81
282  77
480  90
590  89
585|13
3173  88
1228  97
54503  96
2959  100
428  92
1405  74
7254  84
441  97
1805  80
296  100
27373  70
5325  86
79132  97
586|20
34332  73
4016  94
111659  79
106002  82
149406  85
167036  91
45499  82
136556  70
5445  95
117851  82
1291  100
71264  89
106489  85
135436  81
3753  88
2640  93
3147  98
122916  95
3793  91
101362  70
587|20
1234  93
628  79
2012  71
534  84
2002  68
1641  85
236  75
1376  75
2622  74
1541  55
3260  86
497  87
3082  76
445  73
3448  83
2574  54
765  70
691  67
329  76
3406  71
588|12
50  76
16  78
20  44
356  74
350  62
198  65
593  84
364  72
163  62
253  64
223  74
3  66
589|8
1092  78
318  97
590  87
373  86
586  68
587  81
527  99
337  86
590|20
924  72
8807  72
2371  62
38061  79
81834  75
40815  72
4890  59
903  79
5  52
3624  61
555  74
4047  73
51662  75
2085  68
419  56
595  68
329  62
2376  65
3635  66
2398  78
591|11
2908  63
2706  68
2712  64
2355  65
3615  58
3578  71
2394  60
3798  57
356  75
223  76
2724  52
592|19
514  74
2  77
153  67
415  60
110  86
177  71
420  60
380  69
44  57
788  54
588  69
163  68
204  58
610  76
39  64
419  63
253  72
432  59
240  62
593|20
1196  76
1073  71
1086  78
1617  80
4034  72
41566  66
1197  82
344  50
8368  77
339  60
2959  80
8961  73
5816  65
2797  70
4896  69
588  72
595  64
5952  76
377  59
141  69
594|20
7031  70
2671  83
7115  76
1616  68
5943  62
1188  83
2269  70
1733  100
4902  82
6996  36
780  84
1429  76
6140  70
7046  69
39  73
595  89
799  85
2028  94
8482  70
7169  74
595|5
265  82
50  90
1186  88
1199  94
1966  71
596|20
33649  70
43744  70
182793  70
129397  57
128908  70
1  78
142488  84
122922  74
4310  55
71838  65
4025  59
2501  77
110102  78
149406  68
2774  70
5502  66
8665  74
6537  67
2571  81
345  68
597|20
1799  84
490  76
3040  77
2529  91
2858  96
903  94
3039  81
2000  82
1291  90
357  79
1228  90
1845  91
2411  63
1580  77
1148  98
1198  100
2723  83
485  72
592  82
2692  93
598|5
56367  95
8360  83
593  89
114265  70
103543  68
599|496
26142  70
26567  70
26590  70
26676  70
26854  70
27595  70
34800  70
53450  70
60803  70
69131  70
74696  70
79895  70
84523  70
87960  70
92674  70
98799  70
102735  70
102852  70
104017  70
105020  70
122433  70
157865  70
158874  70
160978  70
161044  70
174727  70
179053  70
1801  54
6035  68
3387  54
33437  55
112  49
5995  67
167706  70
4394  70
836  34
7235  54
8809  64
102749  70
89087  25
42011  36
432  34
471  57
5628  52
1015  46
2  47
2269  44
69  55
3947  50
79091  55
104837  70
4037  57
7587  61
6881  62
1449  62
7225  59
81229  52
68952  69
4728  38
5081  55
33966  70
1779  43
3669  70
87197  70
170297  70
79057  53
95965  70
55207  70
4007  59
1220  61
80831  48
46723  53
71282  71
7757  52
3259  51
92309  59
1376  48
7192  46
4654  49
101423  70
53468  45
62662  70
3174  52
3698  49
2882  30
2359  50
1183  53
2792  46
1095  57
8387  8
53125  48
115713  61
2949  57
2471  35
3  48
1231  63
3861  43
240  43
1480  54
2301  56
1445  33
8045  70
586  44
2942  38
1185  60
4594  70
2474  56
3671  62
3196  64
64839  60
98697  70
2606  43
1777  53
5309  32
7022  59
4873  58
541  68
27311  69
43921  62
67734  53
4240  70
5026  66
168  34
33493  57
4125  5
7354  45
207  47
1094  49
742  42
1609  25
1042  44
3362  63
4553  58
4632  54
2278  54
468  50
122904  55
75416  70
42718  61
4285  10
79274  69
1794  70
45081  38
108192  70
3489  48
3503  62
89804  49
163809  70
577  35
3071  45
1204  69
3981  33
95771  70
45382  65
6548  51
59387  57
166528  62
168492  70
6691  70
605  42
424  29
2991  56
248  39
97950  70
3865  56
1216  51
342  52
35836  61
27772  39
176419  70
151781  70
277  40
6320  4
39381  63
5111  70
4090  52
2450  25
2676  47
2356  35
79702  61
1597  47
410  47
1721  42
3702  52
183301  70
1387  64
2072  51
26729  62
2393  49
4247  37
4591  42
1032  55
3087  46
1895  49
634  30
210  48
2074  62
51575  38
3505  65
5247  35
481  47
4215  31
1355  37
2657  50
2028  69
4011  64
420  35
552  46
1196  77
2395  54
5303  54
1752  44
3186  52
4310  36
1784  61
3200  73
7254  54
688  43
473  28
1079  68
1552  42
1148  66
1544  35
63113  50
2325  48
26649  72
6804  70
161  53
4109  52
34332  36
1653  65
4808  34
7707  70
3468  70
502  27
1221  73
1792  44
68319  42
6787  63
2119  24
3884  41
4254  27
3973  24
103609  70
8934  70
5377  59
42632  59
55290  61
4506  49
7840  66
5568  48
1689  47
7005  70
103228  61
59947  70
786  39
4351  48
172253  70
4679  49
1411  69
117630  70
1590  39
112623  58
3146  38
8984  49
1920  44
519  26
179817  64
3979  35
3741  57
44020  39
26630  70
7285  60
3030  66
1021  29
8638  59
87  48
7153  70
2877  41
2018  51
3173  48
5198  70
7101  45
7701  22
3213  64
26159  70
2339  70
33896  57
2000  60
4006  48
136562  48
37382  53
6645  63
171763  73
8528  60
27008  70
4017  57
4167  48
86142  67
1249  66
3255  54
736  41
2779  50
84414  79
27773  63
2083  58
98499  39
4034  60
119828  70
1993  43
94864  46
6631  70
2321  49
26242  53
3703  59
41566  45
2529  61
1968  65
8914  59
3257  42
159403  70
1036  58
76093  60
5103  50
6947  57
1952  61
2124  49
4084  43
6016  66
778  70
81  43
2171  53
1253  60
4275  32
7982  55
3723  66
849  36
2681  50
6565  59
39414  51
122916  64
6440  60
8917  55
72011  54
1605  47
1240  64
923  69
68157  63
5961  70
5053  70
3571  62
2403  56
3871  66
44238  70
72226  60
7004  39
2054  41
62970  48
5159  42
354  62
122924  47
48774  66
1394  64
3763  48
70286  65
1904  10
3969  55
81562  58
102590  70
233  57
4155  44
1031  55
76  48
459  36
1097  56
1178  69
60291  68
3328  67
1232  71
3036  58
5283  41
4327  55
610  53
2726  63
4732  28
5970  48
2396  60
594  55
1247  65
45499  48
3476  48
2399  37
137218  70
1997  60
3271  62
27801  63
6365  47
1799  57
580  52
122900  54
2803  41
80219  48
466  39
110882  58
3997  23
26176  70
2378  44
117895  17
26662  59
90603  66
119218  70
44  34
809  36
1960  56
4519  44
1959  54
414  35
1073  62
61236  35
1479  48
4019  58
1245  67
37857  63
161032  70
371  56
3020  55
88593  70
6774  61
2005  61
90405  46
26285  70
6793  23
627  55
1617  67
6734  19
108090  70
2427  56
51024  57
122922  57
3440  27
6874  69
4919  53
338  38
81591  57
1704  67
1499  28
357  52
62155  46
144  45
34148  70
53519  48
4504  70
2796  44
216  53
6827  0
1429  49
7445  49
1385  41
90471  50
8425  70
10  56
26542  49
7387  64
72998  55
89470  53
3629  68
1297  56
3424  63
1672  51
44761  69
196  40
70703  70
2383  30
180  58
4040  29
6333  58
4440  67
5291  54
88235  57
1639  59
4580  0
153236  70
86190  52
4477  37
103027  70
32291  55
34811  70
5171  38
122260  70
8784  62
5954  61
8798  55
707  40
880  39
314  53
61323  56
600|20
3269  47
1394  66
3785  45
2717  50
5569  65
4306  69
1206  75
56775  54
2015  60
7  52
2013  56
262  69
1210  78
1060  66
2431  57
2077  61
2423  59
4641  62
527  81
5076  55
601|20
141846  70
68157  97
1262  94
106782  93
60069  96
49272  94
5445  88
1193  98
1207  99
79132  96
904  100
166024  100
1917  80
7153  99
2324  97
170697  91
31658  96
5989  92
88810  99
2571  96
602|20
161  68
19  53
350  65
494  67
14  68
471  71
125  56
434  56
235  62
481  62
315  58
371  68
474  69
527  88
21  63
349  65
440  67
339  67
480  70
163  64
603|20
602  70
803  70
2008  70
2577  70
3459  70
4787  70
2912  75
1769  57
485  61
4420  70
920  74
1  79
2706  60
1844  77
3787  91
1222  86
190  60
2716  79
3983  84
101  86
604|20
220  70
292  71
151  76
329  60
410  58
426  67
435  49
316  69
22  73
235  68
181  44
332  66
273  59
637  60
285  70
173  57
588  72
23  67
553  72
1  80
605|20
35347  70
6787  75
1197  77
5667  70
42738  55
51662  73
7373  61
596  61
780  66
4571  71
2316  66
7454  51
150  67
60040  62
8977  45
3269  52
72982  70
1210  82
62376  43
60937  43
606|20
263  70
563  70
583  70
3808  70
4671  70
4840  70
5856  70
6111  70
6573  70
8685  70
32728  70
55805  70
3147  82
4392  75
2311  75
6308  52
50842  86
6591  92
8270  78
2025  83
607|20
891  78
1610  88
448  72
3147  88
1094  70
1307  80
592  83
204  62
1552  68
527  96
3476  70
296  97
2313  83
3440  50
423  66
1518  72
2118  77
2193  83
380  78
2028  94
608|20
52245  57
2997  74
3793  69
2763  69
174  48
2000  68
1214  75
919  65
2700  75
4161  58
5146  64
1639  69
541  75
473  39
2529  70
522  71
4343  52
1909  59
2431  61
1220  70
609|8
296  65
833  35
356  78
339  68
454  71
318  83
208  49
292  63
610|20
5953  70
58975  70
70206  70
78626  70
82765  70
97988  70
107447  70
107462  70
110591  70
110746  70
118082  70
139655  70
160341  70
86644  64
56801  55
61024  82
77561  78
4816  76
62434  73
3972  81
