1|20
260  100
1927  100
804  73
3  80
1009  70
2406  85
1587  86
3671  92
2617  78
3053  96
2571  100
1222  99
2137  88
1377  79
2395  88
2761  96
2641  79
2872  94
1258  98
2700  93
2|6
2700  69
122882  76
71535  79
46970  60
58559  82
80489  74
3|8
80489  70
647  38
6835  70
5919  40
2851  26
2288  50
5048  18
4518  35
4|20
4518  70
1291  75
3408  64
265  61
52  58
4347  74
2467  67
908  77
345  66
1304  77
1923  68
2959  83
368  68
1219  79
4765  71
1199  82
4166  34
1732  80
21  71
2858  81
5|9
2858  73
1  78
364  79
608  82
290  79
261  75
34  73
318  89
21  70
6|20
21  75
318  96
775  70
141  75
348  81
104  74
327  69
410  67
165  75
87  66
366  64
17  86
1084  85
222  81
16  87
416  51
277  66
460  62
867  27
316  72
7|20
316  69
3623  52
8636  72
8360  67
1517  67
466  47
8373  46
1220  72
7155  29
8808  44
6863  65
31878  69
1610  71
1219  78
4700  55
45668  52
8970  70
27741  72
6333  69
8865  51
8|10
8865  85
47  80
231  61
318  90
454  72
292  69
32  83
141  70
380  69
252  66
9|10
252  49
923  81
5890  90
2901  59
922  77
6044  70
1987  70
5378  60
3735  75
5447  50
10|20
5447  69
33679  59
8533  65
8969  57
72720  68
88810  75
136020  60
6377  76
5943  51
109374  74
113394  70
61250  44
82167  46
140110  66
5377  72
77841  70
6942  75
1028  77
72330  70
66203  48
11|13
66203  76
1584  76
1210  92
170  71
1438  61
648  79
1918  64
493  82
10  77
457  87
1693  76
150  82
1923  84
12|7
1923  74
2100  84
838  90
2072  82
1876  78
2581  83
6942  100
13|7
6942  65
3624  66
3798  68
2174  80
47  89
3893  70
305  52
14|10
305  61
477  68
110  82
540  54
597  71
153  57
592  71
4  47
539  69
105  64
15|20
105  74
7438  74
111759  74
2329  78
1  73
1909  59
1240  73
115713  75
1200  73
293  80
2571  79
3949  75
120466  62
1198  80
2028  77
2011  66
158  45
160980  59
4306  71
4022  68
16|20
4022  72
78499  76
913  75
1136  78
1299  71
1617  74
1203  76
3429  76
2858  77
608  76
3683  73
4002  68
1199  75
912  77
2707  55
5782  70
1260  67
319  64
27773  72
2109  61
17|20
2109  89
64839  81
296  92
5952  86
527  90
1193  88
3681  85
1240  82
2717  62
2858  89
1093  69
81932  82
5618  89
50  89
5971  86
2959  92
1201  89
541  87
82459  80
1  82
18|20
1  70
65596  70
88094  70
145283  70
157110  70
166015  70
171023  70
103253  62
60684  76
44199  76
2  68
86628  73
59784  71
2918  79
109374  81
4226  88
53129  90
139385  80
47  84
1291  84
19|20
1291  70
3662  41
54  13
2733  34
1702  41
1240  67
1270  68
3712  45
1881  45
216  51
3  53
1834  66
2184  52
3017  53
2044  25
2354  37
2005  62
3146  41
3387  44
2694  52
20|20
2694  72
5419  67
4014  77
2140  81
586  64
661  75
3189  76
5014  80
1333  78
4161  68
3784  66
1030  57
5313  57
2804  83
2054  61
34  77
1097  81
6358  70
4519  59
1722  68
21|20
1722  70
117922  70
140301  70
57640  71
2985  72
2990  70
2717  56
5418  69
31433  49
112175  74
7153  81
30793  57
4446  59
52973  69
45186  65
2023  62
79185  53
1721  63
102125  68
5459  56
22|20
5459  53
2723  42
60950  49
64575  49
1193  59
70286  54
4993  59
2160  59
39183  48
7147  51
3996  53
3481  53
55765  54
48780  56
7361  61
51540  51
6711  57
2968  51
3949  57
48394  52
23|20
48394  70
3996  74
293  78
1206  79
1136  80
1960  68
7587  72
3424  77
3181  71
2467  65
1248  77
1617  76
6807  72
1952  75
6440  71
1258  76
1243  75
1080  74
8228  65
1711  53
24|20
1711  74
2617  60
111759  76
134853  75
58998  75
1265  77
1198  84
3147  78
1197  83
1220  76
2424  60
5418  74
72011  71
54286  73
27773  78
64957  70
356  80
44191  75
1682  75
68358  75
25|6
68358  100
60069  98
74458  95
79132  100
527  100
260  98
26|21
260  70
34  70
47  70
150  70
153  70
165  70
185  70
208  70
225  70
288  70
296  70
300  70
344  70
349  70
356  70
380  70
434  70
454  70
457  70
592  70
593  70
27|20
593  88
2478  62
2640  72
3508  83
3555  64
1201  83
3519  64
969  78
2080  69
673  53
2886  9
2529  78
1387  82
1101  67
1947  73
1250  83
1276  83
3114  79
1083  62
3809  68
28|20
3809  70
60943  70
61011  70
63033  70
5617  67
59369  59
60046  70
507  47
3300  57
55094  62
59018  70
26695  70
2951  68
3006  63
2231  58
5418  63
26812  48
2058  55
353  67
61167  70
29|17
61167  80
7379  62
1250  89
1201  90
111362  81
48516  88
1100  58
26554  87
3441  73
4327  76
2872  84
2301  72
1617  87
3681  86
55820  85
4223  76
99114  82
30|7
99114  98
108932  92
1200  94
91529  96
116823  90
112852  100
1198  100
31|10
1198  93
1200  87
648  76
1363  63
1073  83
1036  83
1197  94
377  75
1246  86
1270  86
32|20
1270  69
314  76
1356  82
357  75
224  77
627  70
1079  89
1084  83
318  94
761  61
1197  93
849  60
912  93
880  55
1198  92
58  76
203  68
608  89
497  85
410  67
33|20
410  79
17  80
2396  78
2272  59
448  66
428  76
265  70
1280  88
1177  87
1617  86
50  86
261  75
11  72
452  45
345  74
608  87
150  76
1188  75
800  81
2690  70
34|18
2690  64
2273  61
3717  58
26606  78
45499  63
3996  76
4310  57
3624  58
31685  64
1721  61
5146  65
7090  76
70  73
2006  58
3000  81
4306  75
27728  59
3997  37
35|5
3997  89
185  71
595  88
21  83
300  84
36|12
300  37
3066  59
552  43
4025  38
1262  71
2735  33
2359  54
1372  52
1278  63
2194  61
3347  62
1704  65
37|5
1704  74
356  96
661  83
329  79
457  93
38|16
457  53
39  61
223  71
161  64
246  76
168  52
273  49
480  70
356  78
457  74
364  74
50  78
500  63
300  68
551  69
21  64
39|20
21  88
2391  82
1921  84
1862  50
1219  85
1907  77
2081  75
2459  69
924  82
2529  81
1729  75
47  84
260  89
2080  72
592  75
296  92
3213  83
610  72
589  85
596  72
40|20
596  81
454  80
588  87
339  75
158  64
432  66
431  90
186  62
616  83
514  77
21  79
592  77
1  87
223  87
585  65
216  77
104  74
371  74
111  93
267  69
41|20
267  73
64839  67
122882  71
6287  47
1569  57
106920  70
86781  76
3160  67
1721  57
2028  72
6763  31
5418  65
53519  59
122904  67
55247  65
924  68
4011  71
2324  72
35836  61
5995  71
42|20
5995  75
4654  69
1021  48
2423  70
3248  49
4477  50
2500  61
1431  49
195  56
3326  65
2407  73
1090  92
2735  60
3693  59
1020  67
4545  68
4132  59
2263  53
3535  85
2805  62
43|20
2805  91
296  100
596  95
588  100
587  97
420  79
158  83
631  87
5  86
597  97
168  88
355  76
47  100
367  92
519  70
594  100
236  93
1  100
60  88
259  84
44|10
259  73
663  72
12  49
661  71
94  91
1  80
104  69
112  67
494  68
889  70
45|20
889  73
1036  86
2028  93
1653  90
1682  87
2396  86
3249  73
261  82
4308  79
329  76
1367  68
2890  86
593  94
1127  81
2431  70
6377  89
569  55
1197  97
1060  86
2858  95
46|9
2858  86
588  85
315  70
208  68
1  89
432  63
225  77
434  70
339  78
47|20
339  61
68932  56
72395  61
2420  63
597  59
148626  75
5989  68
96588  67
69122  66
6155  49
4975  60
30749  66
106100  69
45950  65
2028  71
4018  50
1259  70
6373  53
33166  65
2407  57
48|7
2407  89
1320  76
1527  89
1193  94
3793  86
48  67
1653  92
49|5
1653  88
1214  84
139385  86
318  95
527  89
50|20
527  70
114335  70
136564  70
142074  70
171759  70
175693  70
179073  70
175707  70
71264  53
82848  70
1377  44
44555  60
8157  49
6807  60
95543  48
8253  54
96610  55
924  60
32875  70
4896  51
51|20
4896  70
5620  61
2613  54
4437  95
2023  76
1500  82
522  84
858  99
4508  83
2951  88
1014  70
1407  74
2282  71
2420  80
3388  59
260  96
3186  75
3994  78
3501  67
2371  72
52|20
2371  89
51255  93
74458  92
1923  87
7438  93
40583  82
59784  84
55765  90
112852  98
86892  92
55363  90
112138  90
49272  94
52245  73
69481  95
50794  69
1704  96
54736  81
44665  87
47200  78
53|5
47200  100
1100  90
249  100
1125  100
916  100
54|7
916  70
593  71
639  44
1  64
205  50
161  57
500  55
55|5
500  47
673  35
3275  67
2890  57
4011  63
56|10
4011  69
253  81
165  80
110  92
589  90
370  70
434  69
410  71
69  78
185  69
57|20
185  73
942  83
920  71
3175  70
1784  74
3429  80
933  81
1193  81
3446  26
160  45
1499  39
2640  68
892  70
11  69
2947  74
6  75
2478  60
2291  73
1688  64
2301  69
58|20
2301  85
282  71
185  67
419  65
367  72
277  69
48  69
280  84
337  86
345  81
3  77
357  79
527  97
587  79
218  70
500  78
508  84
368  80
364  89
353  87
59|20
353  56
6460  100
3489  78
1188  86
1222  94
2076  90
3448  82
1263  95
1247  93
527  96
1244  97
904  97
903  97
965  84
2616  67
1953  86
608  95
105  74
912  98
3471  84
60|5
3471  66
58559  87
805  68
455  46
858  89
61|8
858  75
1101  69
7438  85
173  58
555  79
2012  69
4878  87
3949  86
62|20
3949  89
176371  93
3793  84
56757  79
73017  85
30793  70
179819  73
68554  72
185135  95
168248  95
5903  86
4878  94
2028  92
5502  75
6058  63
344  74
1721  75
45499  76
41566  77
78105  65
63|20
78105  73
4246  70
48780  76
500  64
6016  79
31658  78
2858  81
64285  72
85414  69
1221  82
106696  70
4963  74
50  81
1097  70
260  81
110  75
1222  80
4979  73
5952  78
77561  66
64|20
77561  86
3101  72
2640  74
2959  92
8784  83
2054  59
4239  78
4025  61
5026  86
40819  81
266  76
2699  58
27266  83
3969  79
1805  69
6296  74
4776  79
3148  84
4262  85
356  86
65|7
356  81
33660  81
7458  70
2329  84
4993  84
91542  75
3147  82
66|20
3147  94
47  90
5418  85
922  90
2139  84
2956  72
3745  78
1956  86
4581  70
5349  86
1210  93
1094  76
2001  70
380  78
6539  86
671  79
1  86
6378  81
7766  90
296  98
67|8
296  81
4306  80
27193  70
79132  86
60069  85
2012  67
4886  79
4993  85
68|20
4993  70
95218  70
6534  52
48696  72
67267  67
30825  55
1799  71
3556  73
8622  72
4351  64
63113  64
58295  60
7151  69
2413  68
6287  52
653  56
41566  62
5541  59
260  81
48043  68
69|10
48043  81
4848  98
3671  92
2476  93
1193  97
356  98
553  91
4022  88
260  100
3994  84
70|13
3994  90
1097  82
1914  77
1269  88
4995  88
318  96
8949  83
1968  85
1210  89
89492  88
1250  90
1235  88
2366  84
71|7
2366  71
647  73
736  65
95  57
733  74
589  82
7  62
72|9
7  70
150  79
858  97
2490  79
1357  84
260  93
50  92
1198  93
1196  93
73|20
1196  87
45720  76
105037  61
6333  77
59315  79
76293  63
138204  73
2706  75
152081  75
45221  49
68135  70
150  72
8376  69
93510  81
59784  71
116823  76
106072  72
1682  79
52245  61
35836  73
74|20
35836  70
2594  81
2908  83
30749  88
6870  84
3006  83
52281  83
49772  90
55118  87
2997  90
6305  85
608  91
4546  85
41863  86
27773  90
6001  84
1251  88
6552  80
46976  85
44555  88
75|14
44555  67
1240  68
5952  74
2193  60
6870  64
2529  69
168  40
541  74
3176  61
1962  66
2078  66
1889  64
1266  73
1374  66
76|20
1374  42
5956  58
2918  63
58803  54
1247  69
74458  66
7669  65
79132  70
8957  47
858  73
55820  64
1258  68
63436  34
1201  69
1208  69
48  45
288  55
34405  63
1  62
1196  70
77|6
1196  75
4973  86
7361  86
8636  74
3578  79
33794  78
78|13
33794  85
165  66
3809  63
589  78
546  42
27904  70
260  83
590  73
480  71
68791  56
344  59
44974  61
380  66
79|13
380  97
3029  72
589  92
1916  89
307  85
4005  75
260  96
1189  89
1345  80
2000  82
1374  81
2659  70
2076  90
80|20
2076  82
96691  75
84189  70
91630  84
49530  86
8950  93
6539  91
4223  87
5630  81
3527  90
76251  88
80363  65
52604  83
6502  93
34048  77
1221  99
60684  89
6952  70
5989  91
77561  84
81|26
77561  70
32  70
47  70
110  70
150  70
153  70
161  70
165  70
208  70
231  70
288  70
296  70
316  70
318  70
329  70
344  70
356  70
364  70
367  70
377  70
380  70
457  70
480  70
588  70
589  70
592  70
82|20
592  70
2381  42
2378  64
6566  26
368  73
6536  69
3253  75
4310  61
1608  66
1372  73
145  66
356  85
6708  77
1485  64
4369  61
6564  48
6888  40
5803  44
4015  53
364  82
83|20
364  68
7143  68
7323  62
6539  68
161  59
586  48
2115  63
1270  71
6874  72
2324  73
1537  66
7153  74
68954  71
48774  69
30749  68
8014  74
1222  74
3753  57
1223  82
64983  53
84|20
64983  70
987  70
912  90
1096  72
420  46
1227  82
113  62
580  61
5060  80
1293  75
900  76
1097  78
62  65
368  75
1305  71
1247  87
1296  78
11  73
1073  77
1094  68
85|7
1094  70
1624  46
1140  70
1694  60
1643  64
1747  72
1635  83
86|14
1635  88
4310  62
6947  76
2411  65
457  82
5418  82
3996  82
4901  72
1835  72
33794  83
1196  90
3555  72
1097  79
2687  70
87|5
2687  55
2009  79
3504  78
671  76
2139  83
88|12
2139  70
74795  71
4993  88
68157  90
5952  87
1193  89
223  81
8665  77
4262  86
56782  86
8677  56
58559  91
89|104
58559  70
32060  70
44851  70
53280  70
53578  70
67888  70
69211  70
81087  70
84246  70
103602  70
108078  70
109596  70
118894  70
121007  70
128089  70
128944  70
131098  70
131439  70
134847  70
140481  70
146684  70
148632  70
150554  70
164226  70
30793  62
169912  47
87869  70
1923  73
4015  55
950  58
173253  70
2324  80
27826  70
92259  83
11  70
3977  56
86298  52
8154  78
77688  70
2997  83
170837  70
49274  55
157775  70
1  82
142196  70
99117  59
62008  70
72624  70
108156  58
3752  64
2059  62
128520  82
3175  70
133879  70
48649  70
126088  70
5529  44
65588  70
99130  70
40962  54
1732  85
68659  63
91666  70
2683  67
3751  72
750  86
6650  88
149508  70
2395  71
51575  50
65230  61
171751  70
85881  79
139157  70
6863  69
4246  74
108949  65
1230  83
160567  87
73319  47
177185  70
130520  69
5220  53
121338  70
153386  70
50872  77
149566  70
145491  70
4890  64
129354  57
32243  70
84944  72
6402  70
1288  84
140133  70
119141  71
947  76
176621  70
4973  83
158398  70
69469  70
54503  81
141928  70
102481  68
90|11
102481  70
1144  70
581  84
81  71
892  85
1073  85
116  75
896  43
17  86
7  68
613  75
91|20
613  70
6395  70
8147  70
7153  81
3360  74
2791  75
3897  81
1080  80
4850  58
3429  81
7000  49
2060  68
2916  70
1391  64
2100  62
318  86
2146  66
1225  84
1246  78
8501  63
92|5
8501  83
2114  86
1015  74
2454  77
1801  76
93|20
1801  80
1917  80
552  79
1721  88
539  85
480  95
1372  94
368  89
2355  91
1923  95
2193  92
2006  79
339  84
1097  96
1591  75
260  100
2968  100
1676  86
593  100
558  80
94|12
558  52
377  61
367  55
364  71
288  58
19  45
10  60
586  50
590  67
380  60
589  72
318  81
95|20
318  79
4878  94
6979  76
4732  55
3019  89
5246  48
32  92
2952  80
1247  94
1198  96
5283  64
3361  79
1513  69
2009  79
539  74
122  51
1584  75
1240  88
4262  91
5349  85
96|16
5349  89
1094  70
272  72
3819  89
150  76
2021  72
2571  88
1214  83
2058  69
1220  78
733  69
2340  67
1721  70
2396  78
367  64
1291  84
97|8
1291  75
4306  92
3578  93
4993  96
4963  90
4299  78
3981  58
4161  79
98|19
4161  83
8961  81
122912  85
5299  69
63992  47
187541  56
56152  77
134853  82
69644  66
6863  74
5618  88
56801  57
3499  83
134130  85
74789  66
82461  71
1258  87
88810  87
79132  89
99|11
79132  100
161  87
420  67
592  86
196  72
122  67
145  78
150  91
316  80
236  82
588  92
100|20
588  89
296  95
1393  80
95  57
592  79
605  65
6059  73
28  88
2245  72
62  73
4308  80
1777  79
838  76
2125  81
1288  88
234  58
1197  96
2005  81
4014  81
4623  76
101|13
4623  83
3285  57
2723  69
2700  80
2908  77
2390  79
3175  73
2395  76
358  59
2702  62
3394  50
2997  88
2502  88
102|12
2502  54
588  73
150  73
592  68
253  69
480  75
344  57
539  68
553  74
593  83
586  58
223  76
103|20
223  70
1954  85
60040  72
1968  83
77206  70
2161  77
1732  88
81834  86
608  88
2384  71
4254  44
104  73
139642  60
56782  88
2096  74
101  84
6534  61
374  45
60069  88
30793  69
104|20
30793  70
743  45
5218  73
8643  60
1288  81
47997  73
468  63
76251  77
8533  74
4018  63
38038  76
1566  67
7361  87
6060  50
3034  75
1641  78
4641  80
108190  59
616  75
7034  81
105|20
7034  70
69685  70
95311  70
95313  70
110586  70
141816  70
141818  70
170597  70
172587  70
172793  70
173351  70
173535  70
6433  55
4974  62
70286  84
108981  70
95175  70
69122  82
1243  84
3916  81
106|7
3916  91
72998  85
59501  77
86880  79
5349  86
53125  83
59784  84
107|7
59784  73
253  82
590  88
165  80
434  71
208  69
318  100
108|16
318  91
6022  77
4995  87
2585  73
5316  68
4975  75
3978  70
5349  86
2926  98
4246  87
4878  95
4994  76
1968  89
1684  69
497  92
5380  84
109|20
5380  63
1033  63
231  55
364  75
589  78
480  71
62  65
31  57
587  64
1032  67
586  53
778  79
540  47
256  49
163  68
252  61
223  74
553  71
537  61
168  52
110|11
168  70
2468  43
1198  83
1089  84
1222  81
1208  85
4881  76
47  78
527  83
1193  82
2428  52
111|20
2428  70
162602  70
171251  70
2145  71
96588  76
65088  64
66203  55
84772  66
2081  72
91529  79
6365  68
45666  51
3255  76
1282  78
6539  79
86833  74
122882  83
59143  79
86911  67
5283  60
112|13
5283  51
161  69
1917  59
16  79
21  69
208  57
434  56
39  67
3717  60
19  54
110  79
32  79
70286  77
113|20
70286  70
39  72
3168  78
932  83
2331  51
3359  80
1086  82
3504  81
1339  73
904  89
3546  70
4063  43
4062  53
1077  75
1589  76
2475  58
3831  66
46  61
1733  82
4007  75
114|7
4007  70
54001  66
2291  66
167732  70
122886  68
8961  66
3147  70
115|20
3147  76
2804  84
1387  85
2792  61
3146  60
3273  53
3052  79
2841  75
2719  53
595  80
2700  82
383  66
2027  45
2148  60
2770  64
3785  63
2916  77
3175  77
588  82
1377  67
116|18
1377  75
858  87
1299  80
62383  50
1339  70
1276  81
597  68
1029  65
1101  64
2797  73
2657  64
1961  76
1407  61
5995  81
1704  79
165  67
2115  71
8360  71
117|20
8360  68
587  68
589  79
151  76
36  74
1036  76
595  74
288  65
596  66
48  57
315  56
454  68
353  77
474  72
10  66
60  59
805  67
491  65
616  72
485  60
118|5
485  82
1625  68
153  49
1961  74
1810  61
119|20
1810  75
117176  87
1092  81
91529  90
74458  91
4387  84
79132  97
168252  97
44022  75
78499  95
122904  90
106782  92
442  74
4993  94
31685  76
6365  78
141004  59
4148  69
88744  88
8644  81
120|5
8644  87
32  79
5  54
631  61
52  70
121|12
52  78
440  66
161  66
527  84
292  63
344  54
186  50
316  61
1  74
19  47
163  66
337  72
122|20
337  86
69784  89
7022  99
148652  83
4816  89
56174  86
94959  96
81591  90
71535  97
30810  90
2997  97
1732  99
108932  93
780  84
1090  97
3253  88
106782  95
72226  91
1200  96
1214  95
123|12
1214  65
115569  84
79132  86
109487  82
1196  89
4226  87
296  90
7153  86
143458  70
47  86
96829  90
2858  87
124|10
2858  76
2161  77
260  91
175  81
1358  83
6377  87
4226  92
3147  85
608  89
1223  96
125|20
1223  70
86721  70
110330  70
54503  84
72011  77
162578  86
119145  86
176371  89
55247  77
1240  85
86332  75
68157  87
112623  82
4082  36
160567  99
3342  65
109487  82
88140  77
98607  70
81562  79
126|8
81562  75
349  66
231  56
380  64
410  58
300  68
253  67
457  75
127|5
457  53
903  71
55276  60
5060  66
272  45
128|7
272  91
965  87
926  91
1066  87
1721  75
1080  83
1198  90
129|20
1198  72
480  81
3698  72
2692  87
2138  86
1968  84
8368  85
653  66
7143  83
316  74
6874  88
239  64
2916  78
733  75
4896  78
2028  90
3977  61
3000  90
1907  78
31658  89
130|6
31658  58
316  65
292  69
110  83
590  76
296  84
131|14
296  54
6947  64
58559  77
908  71
4878  75
89745  71
7256  73
68237  72
2722  43
2028  73
48516  76
3178  62
64614  71
969  71
132|20
969  70
3275  73
4995  67
2987  60
7444  50
3262  54
4168  57
31658  68
44191  66
1089  74
3967  65
5502  55
50  73
58559  73
5992  60
2108  55
1844  63
2657  54
47  68
2470  49
133|7
2470  56
356  69
589  65
150  60
153  41
380  54
527  73
134|7
527  65
595  78
349  75
380  74
367  69
509  71
296  88
135|20
296  75
4084  60
893  69
3994  72
2004  71
608  86
1358  82
3852  72
3489  70
1614  64
1198  90
4128  79
1883  67
2302  68
1291  85
410  64
1261  86
4022  75
4881  84
1077  76
136|20
1077  73
193  48
585  57
338  58
277  64
380  72
181  47
337  80
437  50
165  73
611  62
151  81
340  67
252  68
432  57
552  64
350  72
280  81
273  59
150  77
137|20
150  81
2716  79
1198  85
750  89
919  81
1270  80
318  90
150  77
2997  83
1200  81
6986  70
7153  86
1242  83
110  79
33493  74
1197  87
2959  88
1237  82
903  86
7762  79
138|5
7762  63
1960  73
1959  76
849  51
3996  83
139|20
3996  31
7445  42
60684  48
4865  46
68319  32
7090  50
5502  39
260  58
8371  35
53953  39
58025  32
106782  53
6957  43
7163  30
3827  29
3624  33
52722  32
54259  48
4367  30
115617  48
140|20
115617  70
5299  65
1393  72
356  83
609  72
32596  60
4795  60
34072  73
1617  84
5256  45
5943  51
1084  76
4337  70
3108  75
43396  69
4719  54
1005  43
4321  70
5812  74
4259  73
141|20
4259  73
54503  75
4963  74
2478  62
71535  77
317  57
68954  76
54286  71
6365  63
54272  69
4447  60
5502  63
6377  76
6373  62
1265  76
91529  75
2502  79
441  79
1517  69
48516  82
142|8
48516  62
384  72
588  79
50  87
527  91
356  87
337  80
377  74
143|15
377  69
61250  46
6942  77
7169  58
8533  67
106696  73
3421  77
87232  75
78316  70
69069  68
59421  50
2144  73
96821  77
7173  59
500  68
144|20
500  80
541  83
8368  81
597  71
590  77
410  64
1246  81
527  87
356  83
500  67
19  55
2700  76
434  57
733  69
780  66
1036  77
5377  79
552  62
586  59
2081  71
145|5
2081  59
339  66
380  67
318  87
588  73
146|7
588  66
3257  49
32  80
1367  56
3686  57
410  58
47610  72
147|5
47610  90
168  61
552  67
555  76
2395  77
148|10
2395  74
5618  81
108932  75
81847  72
72998  68
5816  71
8368  75
7153  81
81834  77
4993  80
149|12
4993  63
1374  62
1831  34
1527  64
260  74
173  39
1206  72
1200  67
2021  58
1580  58
1391  53
1375  54
150|6
1375  69
1356  80
5  59
95  59
733  73
1073  79
151|12
1073  79
562  86
780  84
837  78
747  63
1265  96
828  69
1073  86
1  92
648  82
1393  87
1359  67
152|13
1359  82
2959  87
116897  90
89492  73
1193  83
69481  81
85774  77
115713  81
111  81
92259  89
1234  83
79132  85
318  87
153|20
318  47
1732  53
8533  40
4014  42
81456  35
106782  49
8528  47
6863  39
87194  31
2617  32
1246  49
106100  51
1954  50
7458  38
4226  55
89904  55
72998  41
133780  70
586  30
36535  42
154|7
36535  89
119145  94
81834  92
122904  89
106072  79
76093  89
77561  81
155|10
77561  59
3286  46
1200  89
260  92
141  73
2355  78
2384  69
2948  81
432  52
2959  94
156|20
2959  70
31038  70
1230  80
1711  58
3341  89
6296  73
762  40
2361  57
2076  80
4784  56
661  72
2926  75
8571  70
47  78
3176  71
58  70
848  53
866  83
1485  60
923  84
157|5
923  66
3617  65
2720  35
2770  56
527  84
158|6
527  73
2605  67
2872  88
2723  72
2428  63
66320  70
159|20
66320  78
60069  74
45720  64
597  64
4022  67
89864  72
49286  60
140110  61
84954  56
4447  58
1197  79
68954  73
6942  70
1961  69
106696  66
480  66
539  58
166643  69
40819  72
63082  72
160|20
63082  29
1371  53
1198  76
196  43
3408  53
5349  64
3213  66
2408  37
839  32
3593  17
2748  20
533  43
1975  34
1676  54
3745  59
2011  54
733  56
3826  32
778  71
2840  39
161|8
2840  67
7247  81
47610  77
1223  88
38038  78
3429  90
2144  78
2336  81
162|8
2336  91
225  79
168  73
50  96
300  88
266  83
31  78
62  86
163|5
62  58
1810  59
1747  62
1777  68
1837  42
164|8
1837  88
2916  82
110  90
589  90
3527  81
1101  77
1201  93
2167  76
165|13
2167  65
3624  57
110  79
5505  67
5527  73
3256  66
5956  71
5418  74
5530  52
5450  61
1127  68
3409  55
5881  64
166|20
5881  84
1721  71
4011  88
5378  69
3481  81
49530  79
2353  72
47644  61
54272  79
8961  83
1198  91
2542  84
1036  82
608  87
434  61
5219  70
5418  83
2396  81
349  74
2324  89
167|20
2324  67
4886  73
778  80
3052  70
7147  71
6857  71
45501  48
6480  70
1682  74
2231  71
784  53
33794  73
2083  69
2413  66
6333  70
8961  72
2139  69
150  68
6773  70
35836  68
168|19
35836  91
1248  95
1201  93
1089  95
296  98
923  93
1222  92
5291  85
3543  78
1302  80
3362  88
1148  94
3101  76
57669  93
2076  90
1729  81
908  91
85354  79
80463  90
169|20
80463  87
2028  100
364  97
953  96
4886  94
5400  82
8644  85
524  86
2795  86
1022  91
3114  95
3967  96
1517  90
1035  97
8641  93
6365  83
661  88
457  96
3287  50
1416  70
170|10
1416  88
296  81
586  58
377  69
34  72
592  68
277  61
500  67
266  67
588  74
171|17
588  78
1220  92
1025  89
801  81
1259  97
1079  100
828  85
317  76
869  92
380  84
1136  100
1225  100
661  87
318  100
47  97
1198  100
1208  100
172|6
1208  60
3578  78
7438  83
2072  56
3793  74
2762  80
173|5
2762  67
329  65
586  55
597  67
588  74
174|14
588  81
520  64
224  75
648  75
161  76
317  66
158  60
780  73
315  64
485  66
282  66
440  75
350  73
10  72
175|5
10  71
8911  70
43904  42
38388  71
8362  59
176|8
8362  79
434  69
39  76
368  79
380  78
780  78
47  90
471  82
177|20
471  59
91542  69
6332  38
3668  68
45672  57
783  57
27706  67
2657  61
114662  72
1206  81
83132  76
5218  70
508  68
3114  75
1321  66
2176  71
8798  72
88140  71
2012  65
339  61
178|16
339  91
527  90
2329  89
5995  91
6502  86
4235  90
1198  90
208  64
6539  83
296  93
349  74
10  75
4226  93
1240  83
2579  84
318  94
179|14
318  72
589  88
161  77
231  68
288  74
743  55
1061  79
317  68
786  69
592  78
671  79
296  91
434  66
364  86
180|5
364  81
260  85
1748  79
1242  83
2140  71
181|20
2140  60
593  79
596  64
353  73
539  63
516  62
132  54
169  44
25  65
31  56
542  54
6  73
707  49
185  53
464  52
502  43
415  49
480  73
592  64
344  54
182|20
344  70
6969  70
3911  73
2728  73
4313  64
8042  75
1291  82
3113  58
3578  78
1590  58
161  68
4452  48
224  77
4980  60
4262  81
2353  67
2890  77
1127  71
541  84
6041  75
183|12
6041  78
380  71
1196  88
2951  78
2534  41
4085  71
1287  82
2194  79
3247  57
1233  85
2662  65
1408  77
184|20
1408  70
181413  70
193565  70
97304  80
74754  73
168250  71
191005  70
106072  64
166291  79
127152  89
86332  67
80463  78
5816  67
122898  60
81845  77
5810  66
170813  54
174479  70
112852  80
148626  78
185|10
148626  70
2396  77
5377  76
1721  67
5952  83
1393  74
595  75
2085  72
4995  78
899  83
186|20
899  68
1214  92
1291  94
3745  83
1269  93
2527  80
2532  69
4361  90
1307  90
2968  90
4306  92
2541  74
1702  67
480  85
1097  88
3977  70
919  89
3527  82
593  97
1196  98
187|20
1196  70
3949  82
49272  78
231  60
1206  85
6874  82
1729  72
1209  79
48394  77
6502  79
2701  47
4027  77
288  72
2542  78
7153  82
39427  71
6890  76
1222  83
8949  75
1748  79
188|10
1748  78
1212  95
594  87
1282  95
3469  75
2396  87
1091  61
3341  97
1264  85
2206  96
189|5
2206  83
4993  82
79132  83
2959  86
58559  85
190|14
58559  84
4776  78
8784  79
4995  82
5630  67
4306  78
30749  78
1221  87
4975  70
8961  78
858  90
8464  75
69844  77
7438  83
191|17
7438  70
21  77
72  71
175  85
494  72
417  79
17  80
6  80
85  83
292  70
314  77
58  74
235  75
213  75
161  73
160  57
162  86
192|5
162  94
288  74
316  74
349  80
432  62
193|7
432  74
55442  76
4878  77
6016  74
307  73
1270  73
5618  78
194|5
5618  78
1396  74
1500  75
1288  82
5060  81
195|20
5060  79
2770  54
1041  89
1653  78
1923  73
3160  79
4723  43
1863  41
2336  75
2166  37
4308  68
1909  65
260  84
2028  82
3252  79
2908  71
1392  62
1365  74
70  69
190  57
196|7
190  79
3578  82
59315  80
58559  87
364  80
1214  81
110  82
197|7
110  63
1240  81
1882  48
786  60
2167  71
153  58
1784  79
198|20
1784  70
3499  72
920  71
1213  81
3949  79
1994  66
1485  57
2572  67
4019  70
1089  84
110  75
593  81
4128  72
1270  75
4886  74
1079  79
2117  69
912  84
1573  63
1682  74
199|20
1682  66
2165  72
2280  39
736  51
5673  70
349  62
5502  62
482  70
8532  70
1172  75
300  68
50068  68
4881  75
3175  65
7445  60
2973  74
34338  60
41997  68
1956  70
377  63
200|20
377  73
7022  88
50802  77
3968  69
2485  62
500  74
5610  47
590  83
1029  73
53996  79
2572  78
4993  89
4041  70
57640  85
1302  77
1784  82
6383  54
1653  85
1569  74
1517  79
201|20
1517  92
1527  89
1584  79
2858  98
339  76
589  93
2717  68
994  93
788  63
1196  99
2797  87
733  80
1259  91
2174  85
1198  99
2455  81
1569  79
1213  98
160  61
24  74
202|20
24  70
924  86
29  81
2289  80
1197  90
1196  89
2966  81
161  72
608  89
1209  84
1296  83
3194  76
1784  80
469  80
923  88
2000  75
1587  73
1719  89
3147  83
32  85
203|9
32  72
8665  77
2407  69
5952  87
590  82
49272  84
40815  81
333  75
296  91
204|17
296  89
3949  84
33794  81
48394  80
27075  70
1080  88
79008  86
6104  86
8874  85
81591  80
4878  87
91658  76
711  50
2313  76
86320  69
55820  83
5218  75
205|6
5218  83
99114  82
91542  72
5816  72
95167  70
96079  74
206|5
96079  85
608  95
733  82
140  71
141  80
207|5
141  56
2428  43
2707  49
3740  63
100  32
208|6
100  79
2628  56
380  66
2353  59
2278  67
2762  74
209|7
2762  81
1291  86
68157  87
74458  84
185029  93
122886  81
88125  78
210|20
88125  70
34405  93
166203  70
3147  92
31696  77
7649  68
58559  96
2105  75
6365  78
34397  70
4625  57
84772  76
122926  97
76093  90
62836  70
33493  83
1584  80
47610  80
108932  89
122918  91
211|18
122918  87
63113  71
90405  67
57669  87
60684  76
7153  86
73017  76
2105  67
4367  58
356  86
2642  52
1556  35
318  90
44665  77
85414  74
1198  87
1136  87
260  87
212|20
260  77
122920  71
122892  67
2571  79
5218  66
48394  73
3578  75
1196  82
135143  71
74795  63
179401  67
79132  80
77800  75
108932  73
110102  73
96821  74
8874  77
65261  77
59784  66
2291  72
213|17
2291  64
87520  52
80363  57
76251  83
8957  71
2860  61
1234  91
5419  68
51935  80
69844  83
39446  66
4132  60
858  96
69526  57
4558  63
49530  79
58559  93
214|5
58559  70
628  62
743  40
1363  51
802  56
215|20
802  84
4973  88
63082  81
1291  82
2028  82
3252  79
3210  72
1968  79
1247  86
49272  79
1089  86
72407  48
5650  78
318  90
1208  88
2000  73
1197  87
1196  86
1297  74
4019  75
216|20
4019  62
21  74
3996  78
3946  52
2946  64
3993  61
3897  78
2599  73
34  75
3994  64
4034  77
3363  76
1965  70
3422  65
3555  58
3253  65
2087  74
3986  48
2018  70
1923  70
217|20
1923  70
3434  70
1275  69
2468  41
3197  47
1912  64
2302  59
1876  50
380  61
1221  81
2471  39
1918  49
1385  46
3165  70
1590  46
1562  35
1703  45
2056  70
1831  36
160  38
218|6
160  57
2692  75
1380  58
1198  80
6934  53
5349  70
219|20
5349  53
2115  69
59315  73
6539  72
442  53
30707  77
1704  77
180  65
1219  77
1005  44
27773  74
56156  56
6188  67
6721  60
30825  54
2997  77
1552  55
1500  68
2890  70
1921  77
220|20
1921  84
733  75
1198  93
3994  77
6539  85
1258  89
1917  68
4545  69
33794  85
165  79
71264  78
4623  79
53464  57
5218  79
6365  74
3751  79
32  89
1036  84
5502  74
1591  61
221|20
1591  70
7013  85
8529  70
1080  87
3246  87
2871  83
1208  94
7063  90
2702  61
4029  86
5954  84
2352  72
922  88
2997  89
1278  86
2858  91
1212  89
1959  78
1961  85
3671  77
222|20
3671  70
100498  32
48516  77
1249  76
99813  72
91529  70
59900  49
93287  71
1721  58
2706  61
3273  38
2411  54
64622  68
7143  70
87869  63
778  77
30825  51
42011  38
673  48
64839  71
223|15
64839  70
6711  72
1  67
736  48
1961  67
457  66
2716  65
48394  66
608  71
8784  66
48516  73
3863  53
4306  68
260  74
2683  55
224|11
2683  70
3044  76
356  90
2915  76
289  63
3668  80
1270  87
2797  83
1721  75
2716  86
1259  86
225|15
1259  69
1285  82
588  79
1717  63
2791  81
1321  68
1136  88
1197  90
1753  71
2004  71
2371  67
1407  69
785  69
1060  82
3024  55
226|20
3024  70
32666  70
3552  76
542  51
1240  80
3098  73
2804  80
3668  73
3653  71
2231  76
145  64
2253  51
3052  76
2628  65
762  46
53129  91
4816  74
16  83
2144  78
46948  70
227|19
46948  79
52319  79
81845  85
109487  84
134130  86
215  86
48738  85
47099  82
1196  90
32587  83
912  89
55721  87
1682  85
750  92
778  89
40629  78
97913  84
70286  83
150  77
228|5
150  93
1373  64
362  74
318  96
3113  66
229|13
3113  80
589  85
377  75
45  74
587  75
5  63
475  93
442  65
597  74
364  85
213  56
110  87
527  93
230|20
527  70
52715  70
47  69
7438  70
527  74
3147  68
45499  56
6537  52
2291  64
1387  67
6863  59
1485  49
595  62
4022  61
2096  54
588  65
4034  67
1676  56
8644  57
2641  52
231|5
2641  87
858  86
593  82
1198  83
109487  76
232|20
109487  70
41769  70
57526  70
70336  49
8644  68
1586  51
44972  35
4019  73
43928  40
30883  32
65802  51
8376  64
39292  76
1035  76
66198  56
66097  76
32011  45
6564  49
7451  74
33164  39
233|20
33164  65
3751  59
48516  74
1721  56
356  72
106100  72
162600  63
608  70
7153  72
134214  58
57669  73
122920  63
2329  72
4239  63
7371  68
3977  43
3147  70
3948  56
49272  69
5418  64
234|20
5418  69
2140  82
172  63
126  47
1562  51
4519  58
153  60
2710  64
3624  67
3483  57
1391  74
438  59
1460  73
2987  82
65  51
260  95
1359  56
3175  79
588  83
2080  74
235|13
2080  77
736  65
500  70
454  72
592  70
235  75
595  76
32  83
527  89
648  72
223  78
588  77
377  71
236|30
377  70
1278  70
1345  70
1350  70
1387  70
1388  70
1982  70
1997  70
1998  70
2447  70
2459  70
2490  70
2496  70
2502  70
2505  70
2542  70
2572  70
2580  70
2596  70
2598  70
2606  70
2657  70
2683  70
2694  70
2718  70
2770  70
2806  70
2858  70
3024  70
3052  70
237|10
3052  73
4254  32
94959  70
293  77
1371  55
1193  75
7361  77
7980  69
43936  53
1374  69
238|9
1374  80
3528  76
4265  51
4901  69
4238  68
593  91
4499  87
4957  56
1193  88
239|20
1193  93
5459  66
4085  76
380  77
95  56
7445  76
608  88
7147  83
6378  79
2115  81
4896  79
36529  80
3994  77
33679  71
47  88
590  84
4022  80
208  67
733  75
51662  85
240|20
51662  86
543  85
480  92
367  80
810  51
500  83
546  58
110  96
173  69
1  94
542  71
104  83
34  90
174  64
204  65
225  79
383  76
262  92
434  73
420  66
241|16
420  70
71899  83
527  83
1206  85
1193  83
99114  81
100714  62
8981  78
53123  80
116897  88
56367  77
3910  76
106782  81
115569  80
4235  78
48780  80
242|7
48780  68
380  71
231  62
457  83
592  72
454  74
111  84
243|8
111  85
353  98
62  93
588  94
193  62
586  77
181  63
376  82
244|19
376  82
1049  67
110  83
257  60
165  70
151  79
1090  89
3755  64
2278  74
648  72
1580  76
1957  80
1610  84
1196  89
3256  72
1573  71
1242  89
3753  69
2243  74
245|5
2243  60
2739  53
3114  57
3274  40
1361  61
246|20
1361  94
616  85
1680  80
6016  94
3081  82
44191  89
60684  87
4973  97
1732  94
1298  78
53125  78
2291  87
2692  91
293  97
4011  93
5013  87
60069  94
48082  89
82202  65
95167  84
247|20
95167  81
593  80
2858  80
49272  75
1961  74
44191  74
527  80
116797  76
68358  74
122886  74
480  70
223  71
1265  75
2078  70
1198  81
1682  75
6377  76
1089  81
953  75
919  71
248|11
919  79
1198  84
166528  80
176371  81
316  72
147374  53
102903  72
189333  68
122912  82
58559  85
5218  72
249|20
5218  70
102903  74
2167  75
94959  86
84601  72
2395  76
97306  82
3408  71
89047  70
91500  74
91542  76
40815  81
69844  82
904  93
46723  74
3826  56
68791  71
88812  63
67695  49
50  91
250|6
50  91
2407  78
318  100
1597  75
1246  94
8880  84
251|5
8880  100
293  96
356  97
318  100
1089  98
252|8
1089  91
89745  87
6377  86
164909  83
1682  86
166643  80
143355  80
78499  89
253|10
78499  92
916  92
608  93
2300  93
7099  93
4217  89
26366  70
1192  98
4642  94
3363  83
254|20
3363  84
44195  86
207  66
49278  66
6333  78
780  69
110  83
1210  88
49272  84
27846  81
32587  84
2571  89
44929  83
47  84
293  89
1580  74
5995  87
32  85
592  76
48394  80
255|9
48394  60
4467  60
2023  46
3501  30
1663  55
1394  61
3392  33
2542  58
2915  49
256|20
2915  64
88744  86
377  82
4973  93
53972  78
118696  76
95441  73
104841  86
71535  91
2953  64
81229  78
53121  64
30707  94
2571  94
68791  75
170  73
6942  87
90405  74
6537  76
33493  82
257|5
33493  71
594  70
2502  83
494  64
2406  67
258|5
2406  84
7147  78
72641  78
76093  85
47099  82
259|6
47099  63
5945  57
1784  66
4886  68
1356  65
1584  56
260|20
1584  85
3556  78
162  78
903  85
5690  79
6337  70
4878  83
5617  77
342  63
5219  62
2997  82
8011  81
1206  83
3317  77
6709  66
8874  80
2348  71
3822  75
2959  86
8645  74
261|11
8645  81
16  81
2060  70
296  90
2723  66
1682  79
4085  70
2194  77
7361  86
4238  67
58559  86
262|12
58559  58
539  61
457  73
322  70
339  57
85  64
26  65
17  69
213  39
273  48
593  79
728  62
263|20
728  78
150  75
500  68
2987  74
2953  49
110  79
4226  89
8370  81
1197  89
7458  73
708  68
1111  84
2125  75
6942  79
5013  78
163  77
457  80
8636  80
1967  80
2085  74
264|12
2085  96
1376  70
151  75
5816  73
1907  73
1320  64
1917  60
150  75
3578  78
1090  84
253  72
1876  56
265|20
1876  70
316  63
253  69
1302  69
724  59
1240  76
3504  77
230  59
3831  61
1956  75
3098  68
529  72
1270  76
3791  58
1177  81
2322  54
1488  55
2474  68
1198  83
1962  68
266|20
1962  70
2812  70
2700  75
2278  67
24  61
2770  53
2702  56
64  45
1405  58
2580  76
1527  76
2167  64
457  75
1580  68
2300  79
1923  72
2094  61
132  49
2571  83
2097  58
267|12
2097  96
593  96
1175  90
3006  86
1302  83
3999  58
3113  68
1093  78
589  92
2571  96
923  95
3996  90
268|20
3996  70
587  58
1125  65
1911  44
2802  53
1036  70
1370  61
50  79
2064  70
1784  69
1912  69
1966  72
454  60
1234  78
2247  55
1394  76
2829  56
802  54
260  77
2858  80
269|6
2858  70
743  53
95  62
1  84
63  51
648  74
270|8
648  63
62  63
79  49
628  67
14  59
1356  73
141  62
25  68
271|9
25  73
32  74
2791  69
969  74
6787  71
2858  79
55765  70
1320  57
2288  71
272|7
2288  66
1240  75
51662  73
122922  71
49272  76
158238  75
6365  65
273|11
6365  82
593  96
500  79
608  93
223  88
111  94
150  85
21  80
466  64
235  85
520  71
274|20
520  70
2947  79
3037  85
1645  69
4951  68
2036  47
1359  53
35957  65
553  76
76293  58
3918  51
1503  30
45431  68
4816  72
54999  66
5667  70
4876  51
56805  66
1921  83
54004  64
275|20
54004  81
2289  83
5884  70
1171  70
357  79
1912  80
2539  68
235  81
4886  83
2572  74
2355  78
3253  72
1192  86
926  91
111  91
2100  71
3089  92
1393  78
1719  90
1392  68
276|9
1392  78
356  100
466  75
104  89
631  79
648  90
2  88
1367  80
344  83
277|6
344  68
736  72
656  65
1  90
780  81
260  99
278|5
260  67
1347  68
4002  86
318  97
2369  62
279|20
2369  75
1101  61
166528  76
90405  61
61132  71
79132  80
56782  81
97913  75
1608  58
4226  81
59315  72
88129  74
54286  72
1258  80
8665  70
58559  80
4993  79
8376  62
107406  67
1200  76
280|20
1200  100
344  73
262  85
3146  62
4239  82
4447  73
8638  78
919  86
72641  81
86817  60
8368  87
49530  82
6863  80
35836  78
55052  73
54503  88
4246  83
48516  93
1911  63
3916  81
281|5
3916  75
8361  53
35836  67
3897  77
3861  54
282|20
3861  91
3977  61
3263  62
25  78
6708  81
2683  73
4718  67
6711  89
5481  66
6863  78
5669  83
3752  70
588  83
80463  85
1921  89
1193  90
4369  66
48322  87
1194  67
784  63
283|7
784  65
39  62
1704  78
356  77
586  52
2082  48
805  61
284|18
805  85
173  64
2  80
296  93
15  69
348  84
248  72
318  99
47  91
353  90
275  51
44  62
339  76
367  75
276  75
165  80
637  70
235  87
285|8
235  82
949  73
1247  82
6978  61
113207  70
4447  62
441  80
296  88
286|20
296  69
778  85
5989  80
1333  77
165  72
500  68
7438  83
2294  67
4993  84
4995  82
7361  87
70  74
4980  63
1258  84
4963  79
1097  75
4848  83
539  67
377  70
110  81
287|20
110  62
3578  61
223  57
2633  58
1059  59
586  39
3005  37
532  33
1193  64
2599  51
2028  65
1485  43
3826  26
2081  52
8949  55
2012  46
101  61
4034  61
2422  21
2115  54
288|20
2115  70
4966  70
1008  70
2867  57
42015  54
141  62
2571  80
13  63
53519  57
2407  60
5418  70
3916  68
2347  58
2528  55
30810  69
575  40
32587  76
587  59
2517  48
8361  52
289|24
8361  70
16  70
235  70
266  70
594  70
708  70
750  70
1080  70
1101  70
1208  70
1220  70
1258  70
1917  70
2012  70
2174  70
2710  70
2797  70
4322  70
6125  70
6327  70
6453  70
7025  70
7028  70
26704  70
290|20
26704  87
1299  87
2494  86
2739  78
608  92
2130  76
908  88
341  70
1447  72
342  71
1056  73
1719  90
953  87
928  86
1394  89
2648  79
475  93
2731  89
1357  83
2385  58
291|7
2385  88
122892  85
106489  82
134853  94
7153  97
88125  91
1  91
292|20
1  63
103339  45
122900  67
4896  69
2291  72
474  71
85056  56
46972  56
95167  66
164909  71
3176  65
3476  63
1608  60
31221  37
1101  62
3985  62
3984  67
1017  67
69844  72
231  60
293|5
231  66
1673  71
344  51
1617  72
1097  65
294|20
1097  30
3869  61
1064  45
2794  40
610  59
2133  57
1391  56
3868  56
1129  59
520  48
3387  45
355  30
2378  48
3693  41
785  56
2193  63
2367  46
2458  45
348  63
3501  43
295|9
3501  85
3198  76
1287  76
1213  84
4351  67
1198  84
858  88
318  87
2329  83
296|6
2329  70
2028  82
169034  70
4144  83
50  85
2324  86
297|15
2324  50
543  54
1645  52
111  67
454  53
1089  70
6  60
1249  71
1047  48
1370  51
1488  43
150  57
170  46
1092  52
866  66
298|20
866  54
95510  46
6811  39
8370  53
8807  49
63131  52
6881  46
3785  36
122900  47
103042  44
6294  23
2167  45
2005  50
6006  29
653  37
55995  32
3018  50
69757  52
103772  43
3825  29
299|5
3825  79
1387  84
188  79
1198  93
1214  87
300|32
1214  70
356  70
527  70
593  70
1172  70
1704  70
2028  70
2324  70
2329  70
2571  70
2762  70
2858  70
2959  70
4848  70
4973  70
5995  70
6016  70
6711  70
7361  70
8950  70
48394  70
56174  70
63082  70
79132  70
81591  70
92259  70
99114  70
109487  70
112183  70
112290  70
112552  70
112556  70
301|20
112556  65
357  65
2490  67
6711  77
589  74
8949  69
837  65
3948  62
364  74
527  81
5989  73
4963  71
608  77
292  58
3578  73
3897  76
4226  82
3753  61
1393  67
1792  61
302|7
1792  83
14  75
3  72
25  77
648  76
707  64
110  88
303|11
110  68
3703  80
1127  75
5544  76
1196  90
3471  76
1580  74
1394  85
2683  70
920  76
1358  82
304|20
1358  75
2571  93
2433  61
10  76
1376  78
480  82
1373  64
1777  78
1270  87
1517  82
151  83
356  90
208  65
474  80
1214  88
1375  76
640  46
1722  68
185  62
2701  53
305|20
2701  70
140627  70
87869  77
919  81
1197  90
106100  88
138210  74
788  55
7482  85
80590  55
103075  51
903  88
6537  71
93840  88
54736  74
592  79
2288  87
58803  72
55276  79
1272  84
306|20
1272  38
68954  75
69644  55
6377  75
95543  59
81847  61
111743  59
85367  73
168418  79
167018  74
72998  66
122904  76
69406  62
85788  46
4963  75
115664  61
134368  71
112852  80
161634  63
133419  64
307|20
133419  70
4181  70
31424  70
49314  70
5010  64
7845  58
3392  35
1220  65
6793  23
6483  0
2332  5
56003  36
1991  36
3273  38
4876  39
3421  67
1409  31
413  41
4447  47
52867  70
308|20
52867  59
45517  38
96821  50
72998  45
318  60
2  40
904  59
589  52
8961  49
56152  44
56367  51
5618  58
36  46
410  34
79132  57
4993  56
8464  47
1221  58
2248  48
6  52
309|20
6  85
1645  58
898  84
1682  72
296  85
1089  82
1269  76
7153  84
6947  72
8340  70
1104  85
7218  70
25886  92
1219  83
8154  81
971  81
1944  71
6365  62
1262  82
2762  78
310|13
2762  71
6947  74
1101  69
6503  46
2524  74
2457  71
5899  74
733  70
246  82
3254  65
1223  93
1080  84
2671  72
311|6
2671  70
5992  48
1517  45
6461  41
1407  37
2706  36
312|20
2706  73
1375  69
3499  79
589  84
2454  67
1358  80
4878  88
4103  83
3793  76
2028  87
1371  66
4121  62
2366  76
2747  63
4105  73
5446  74
2699  59
2529  81
1350  76
1356  77
313|20
1356  58
170  64
3917  58
2455  69
5544  74
541  83
2193  72
2000  73
6  77
1968  77
1089  85
1301  71
1240  77
3175  71
4865  77
2005  73
2167  66
1375  66
2087  73
2530  57
314|20
2530  55
1042  54
44  42
165  61
457  72
293  73
597  62
329  58
442  51
26  63
830  49
728  65
618  70
107  57
536  46
10  60
1376  64
153  47
208  49
150  67
315|7
150  72
2729  63
2529  67
2067  67
2553  58
909  68
902  68
316|11
902  74
253  65
3968  57
158  42
5445  68
3751  65
7438  75
6874  75
48  50
3882  48
2572  63
317|20
2572  70
73321  62
91529  76
74545  73
7445  66
1213  82
48774  75
4262  77
1884  78
5989  76
3578  77
4011  79
68358  75
1208  82
72011  71
3897  78
3499  72
96829  80
116797  76
56782  80
318|20
56782  70
81191  70
90245  70
111817  70
127180  70
145080  70
150696  70
7445  70
1090  84
116799  79
82459  81
48385  73
2294  69
64839  80
88125  77
109487  80
4021  96
33794  79
54286  77
89753  70
319|7
89753  88
6377  90
356  94
136864  60
1221  95
122904  88
110  90
320|5
110  72
71535  78
31184  65
59315  76
1013  54
321|12
1013  75
356  90
160  61
592  74
597  75
780  75
339  72
355  54
410  67
3  73
500  74
457  84
322|20
457  41
1968  69
2542  71
58559  77
2788  74
2146  60
2617  53
2918  70
778  74
2599  63
4027  70
4993  75
1230  72
51540  67
1  69
1617  75
1923  64
4010  51
11  62
1035  70
323|20
1035  62
480  67
356  75
1094  58
161  59
115569  70
1198  79
29  70
551  65
22  55
318  80
112183  62
253  63
111659  42
3257  46
260  78
150  65
329  60
342  56
266  60
324|5
266  56
3972  64
3864  31
3949  72
3897  73
325|20
3897  70
235  76
2986  54
262  76
1573  69
2596  67
1584  66
1217  87
1676  67
4714  32
3770  46
3261  70
2894  70
2155  62
1279  83
1614  59
3994  66
2268  74
2915  67
5008  83
326|20
5008  76
47610  72
20  62
2858  88
86882  75
5418  77
4973  86
133771  83
48774  80
2324  86
1293  69
2692  81
72605  71
70159  61
54286  78
5446  73
6591  87
4226  87
105844  76
31410  83
327|10
31410  79
150  82
858  100
1923  85
51255  92
48516  97
1304  96
765  63
6888  50
2706  80
328|20
2706  54
112852  73
70286  65
1196  74
457  66
364  68
80463  67
3489  59
318  77
595  62
5349  62
2542  66
1219  72
35836  59
3751  59
79091  61
7153  72
596  56
2398  67
1148  72
329|5
1148  70
136850  70
858  59
1884  44
750  56
330|20
750  62
316  66
1639  74
2918  77
919  75
3949  81
3535  78
5349  74
380  67
1676  66
2502  83
3703  76
1682  76
2683  65
1206  83
1721  65
2791  76
2081  69
8874  82
592  70
331|20
592  80
6157  51
88125  75
6539  77
3897  80
4446  63
7361  84
50872  77
4995  79
4306  75
6874  80
5502  65
3911  72
608  78
4447  62
593  82
3751  69
8665  72
4367  56
2959  86
332|20
2959  79
1653  76
1258  80
316  66
8983  70
431  76
97757  70
2291  73
1835  64
356  79
5502  65
4308  66
1203  83
1682  74
1249  80
76251  73
2905  83
318  85
2294  64
32  79
333|5
32  45
3752  52
3616  43
3615  49
3646  24
334|20
3646  73
1196  77
1580  63
1291  74
3996  69
589  72
30810  65
4027  71
1  69
64957  65
1625  63
50601  46
44195  73
27416  70
6867  70
2997  74
293  77
480  66
5378  56
51935  66
335|6
51935  66
592  72
356  84
296  87
2699  56
2001  64
336|12
2001  92
1  88
38798  72
33660  91
1784  85
2001  72
2268  86
293  94
1625  82
4886  88
50  96
150  84
337|16
150  100
47  100
16  100
805  89
1393  94
266  90
667  65
168  77
784  74
65  67
110  100
708  87
25  90
1356  97
277  78
786  82
338|8
786  70
190207  70
190215  70
190219  70
7153  65
593  65
187541  36
185029  68
339|20
185029  78
5445  81
84152  82
96079  82
106072  73
69122  81
5617  85
41285  76
56869  70
48322  88
65216  86
91630  75
86504  81
91529  84
83613  63
4993  88
3470  83
102407  73
2028  89
5952  87
340|28
5952  70
110  70
150  70
153  70
161  70
165  70
185  70
208  70
253  70
288  70
292  70
296  70
316  70
318  70
329  70
344  70
349  70
356  70
454  70
457  70
480  70
589  70
590  70
592  70
595  70
648  70
780  70
1356  70
341|11
1356  74
3624  67
130087  61
1370  79
135137  70
117529  74
5459  67
45672  66
1  88
47099  82
4025  65
342|14
4025  64
2598  50
2881  55
2369  52
1268  73
2605  53
2599  73
1198  84
3157  63
3826  38
2428  53
2827  34
3863  57
1959  67
343|12
1959  92
3000  86
48394  80
4226  89
4878  87
3993  73
2571  88
1617  85
31658  83
55363  78
55820  84
296  91
344|14
296  77
380  71
316  69
2628  62
4226  87
2571  85
4014  74
2012  69
4034  79
260  85
2541  67
4973  86
5418  76
2712  74
345|13
2712  77
2539  68
926  91
5902  89
8810  59
344  68
5707  67
2366  84
56949  80
3649  61
6658  77
3489  77
412  81
346|20
412  62
778  78
608  81
6711  78
6286  73
306  79
7323  69
307  78
3535  76
1212  80
357  67
3949  78
714  68
7937  74
7396  76
5878  77
1120  66
1131  76
3627  67
7115  58
347|9
7115  60
590  78
39  67
150  77
454  72
380  71
587  71
317  64
457  81
348|11
457  100
2324  98
4368  56
1213  97
6016  95
2959  100
6893  95
4973  100
1221  100
1960  86
2019  100
349|8
2019  71
161  74
589  83
381  72
349  74
231  63
588  80
509  72
350|8
509  67
7  58
637  55
648  67
733  71
12  47
858  91
661  66
351|20
661  70
87222  69
73344  83
52579  58
2231  73
88744  80
43836  46
79132  87
597  73
58559  87
12  55
8914  81
8950  80
63082  82
6214  79
90376  84
84152  77
480  77
4878  85
1193  85
352|20
1193  77
71745  68
1801  71
34319  68
2600  82
65682  72
1080  90
79695  63
110730  53
38038  80
130490  62
97752  77
1214  83
94864  71
41566  71
56587  71
44191  81
114935  84
59315  82
47610  74
353|18
47610  65
25  75
267  59
216  70
367  67
288  70
144  72
186  57
333  75
266  74
112  67
198  72
234  53
145  64
293  82
158  58
163  73
296  87
354|20
296  79
4306  81
2692  83
3147  83
47  84
903  87
733  71
3977  58
1225  88
35836  75
648  70
44191  80
8665  75
1917  63
7147  78
1923  76
589  83
2959  90
4718  62
1196  88
355|6
1196  76
1580  82
3035  90
3175  83
317  71
916  93
356|20
916  84
52435  89
52975  75
7122  70
44889  70
1641  80
2706  73
4011  87
802  65
7323  77
2502  89
56367  84
1223  96
55118  86
3949  87
3996  85
1246  85
1466  80
223  82
7153  89
357|20
7153  70
8998  70
27329  70
2804  84
595  81
529  81
4663  28
4091  69
1224  85
1242  88
34  77
208  65
58559  92
6296  77
30793  71
1042  68
2100  69
551  79
471  76
2067  83
358|9
2067  70
605  53
5066  69
52328  67
2226  70
42728  53
7361  80
69844  73
36525  49
359|15
36525  47
1092  60
1101  61
51412  50
648  62
296  82
1097  70
2396  70
2424  58
593  80
2701  42
2942  45
1682  73
2530  54
4995  75
360|5
4995  64
1620  64
1488  67
1711  69
1414  61
361|20
1414  69
1580  65
377  64
1552  54
49272  73
1263  78
53125  60
589  75
49822  62
8360  67
318  83
2529  72
5218  67
6188  67
2422  36
3082  59
1732  76
1370  63
46972  53
7458  63
362|20
7458  96
592  81
6539  86
51540  84
5989  88
637  67
70  83
7153  93
1252  92
44665  83
407  82
6874  90
2959  96
1196  95
1208  94
8961  86
48516  93
7438  90
356  91
1201  96
363|6
1201  47
1732  70
1517  61
296  75
653  47
318  76
364|5
318  100
9  70
783  78
376  73
1  91
365|20
1  60
81229  52
128975  40
6874  64
90345  54
158872  49
129354  41
103075  29
135536  42
70286  61
112852  69
76077  52
112818  52
1777  51
6502  62
155820  20
541  67
95720  45
93270  32
135569  53
366|7
135569  81
59315  78
33794  80
91529  81
2028  84
122882  81
7438  81
367|20
7438  92
3061  73
1270  88
1287  87
486  57
3536  77
3824  55
2384  75
3072  77
898  95
3618  74
3225  44
2248  85
3157  71
3969  81
3717  69
1259  87
4023  65
1196  95
1258  90
368|20
1258  54
2112  52
1944  70
2986  48
3869  61
1214  72
2947  68
415  33
3035  73
832  54
50  76
2819  64
1801  51
2490  62
1917  48
1391  58
2193  64
225  45
161  60
2881  45
369|20
2881  77
785  62
47  75
2706  60
839  38
377  63
52973  70
743  36
4214  51
5418  71
3863  58
1372  66
27904  68
60069  77
2857  63
1967  73
150  67
2011  62
1580  65
3174  62
370|19
3174  75
4878  77
8961  71
6377  74
2628  55
1748  73
2116  59
589  74
2329  77
7438  75
3977  48
1676  61
593  78
4973  80
4226  80
1240  72
1089  78
8636  70
2716  70
371|9
2716  100
112512  70
1258  99
4090  82
56715  93
3000  99
4226  100
4993  100
1748  97
372|20
1748  70
924  77
318  83
1603  48
1479  59
589  76
81  50
387  35
616  68
337  70
1220  70
1201  79
165  62
1243  77
1258  76
377  64
1401  54
450  52
1206  80
1306  46
373|20
1306  64
60  57
169  43
350  63
585  49
44  45
371  61
163  66
616  68
198  65
265  68
25  67
6  73
733  66
47  75
2  64
736  58
305  54
357  66
141  65
374|7
141  87
208  60
1219  85
480  78
592  71
1258  85
1339  75
375|7
1339  70
1027  69
32  90
2628  69
3256  77
4226  96
500  74
376|20
500  68
2002  63
1214  86
1101  73
2916  79
33794  86
1198  93
349  76
1371  70
376  67
1240  84
1375  74
4993  90
858  96
457  84
4226  94
5952  89
344  69
2763  77
2797  82
377|20
2797  70
2793  50
1262  89
2791  84
748  68
1345  77
5027  59
5113  66
27692  70
3421  83
6021  70
3364  85
2072  64
8641  81
2163  57
92760  70
2858  95
1503  56
2124  70
2015  72
378|10
2015  78
7153  84
48516  84
3114  76
858  88
68954  80
91529  81
71535  82
90600  71
364  80
379|8
364  89
377  70
19  54
292  67
480  76
367  63
597  69
344  60
380|20
344  70
172875  70
172881  70
172887  70
355  49
6979  72
5476  36
2735  62
68194  85
63433  62
72356  89
105731  45
1833  63
551  81
6731  74
27831  81
1665  65
393  56
140956  78
2791  84
381|20
2791  73
1088  68
3253  73
185  55
317  63
27808  68
1240  80
19  59
3753  69
4321  70
72011  77
3082  68
333  72
2140  75
1385  63
2273  63
1208  87
457  79
104  70
2716  78
382|20
2716  92
142372  50
135532  44
1201  92
112171  72
1198  92
912  89
81847  78
4638  64
63540  22
1681  51
170289  70
103042  70
72737  79
2496  68
357  75
81537  58
59501  66
101362  55
4890  67
383|7
4890  75
2541  67
2496  73
1584  74
2558  48
1246  85
903  95
384|14
903  63
1388  49
2683  63
2502  78
4333  57
3098  66
4396  48
457  72
358  50
968  67
2724  43
296  83
3991  37
1204  83
385|20
1204  55
1080  76
249  69
1219  78
1036  73
1136  82
282  55
1073  72
1200  76
1228  77
1022  69
1007  47
1201  81
1246  72
344  56
589  77
1023  68
1287  74
594  69
1303  74
386|14
1303  68
410  50
112  53
165  56
223  64
648  57
185  44
608  69
485  48
305  43
44  35
585  40
349  58
10  55
387|20
10  70
5156  70
5780  70
7336  70
26124  70
40966  70
2712  65
5062  70
1247  79
5489  70
4195  76
7132  78
2946  61
1387  73
3000  77
51939  47
4995  72
912  79
7938  70
1783  43
388|6
1783  70
63239  70
33615  71
86298  50
62999  65
8360  78
389|7
8360  92
140  79
628  91
762  69
743  67
95  74
32  97
390|17
32  70
64957  73
4239  73
5220  51
1193  81
2571  86
9010  73
2291  76
5296  43
4226  88
7254  71
6377  80
63062  73
1206  84
2329  83
4014  75
1784  75
391|20
1784  70
500  64
3994  66
1213  84
516  58
199  94
4027  78
150  73
1408  80
4014  71
1527  77
1059  76
2916  72
4973  86
357  72
555  76
5026  81
4936  60
1210  81
3067  74
392|5
3067  35
2858  86
707  45
1198  85
1125  70
393|20
1125  73
102125  73
48394  76
36517  70
8636  77
110102  77
44199  74
5388  66
54259  75
4848  82
5669  77
1291  83
68848  71
86190  69
2571  85
1206  84
122892  72
106642  89
1625  70
106489  67
394|5
106489  64
316  54
344  49
225  55
457  68
395|13
457  61
1025  66
296  80
160  48
208  52
173  48
485  55
355  41
520  55
595  68
126  42
48  55
367  60
396|6
367  76
1597  53
1777  62
44  40
204  43
2081  64
397|5
2081  80
8645  80
1701  73
8228  83
6993  74
398|10
6993  70
1197  91
5971  88
7022  87
1198  91
60069  90
2455  78
1136  92
48516  90
82459  85
399|8
82459  84
110  78
5445  74
1196  85
593  84
480  73
1270  80
2194  76
400|9
2194  90
356  93
2571  95
2959  96
7153  94
1221  95
3578  89
858  98
59615  67
401|15
59615  78
6297  66
55768  58
48982  64
166461  77
49274  52
50872  74
32031  62
79091  70
170939  70
38038  69
8360  67
3114  73
33615  62
1136  81
402|10
1136  90
597  81
52  80
329  77
296  94
586  71
315  69
1036  88
434  69
527  96
403|7
527  80
2427  71
3210  71
296  89
61465  47
1663  76
180  73
404|12
180  51
349  67
474  71
34  71
364  76
508  72
105  59
593  82
509  65
277  60
315  58
185  56
405|20
185  70
293  91
7254  76
37731  74
2959  93
345  77
1213  90
7134  70
64614  85
6023  65
1241  86
2329  87
1247  89
3052  78
68237  85
1199  87
27592  76
27664  71
3418  77
1215  86
406|5
1215  51
135  49
56949  67
46972  57
724  55
407|5
724  85
2959  88
6539  80
1240  78
54286  76
408|20
54286  98
122904  88
44840  65
165101  54
6618  85
1291  95
1210  97
89745  91
1278  93
7324  74
44  62
8641  86
115210  87
103596  50
68554  72
2571  94
109487  89
63131  84
80489  89
4649  72
409|20
4649  59
2490  74
2028  87
3812  75
1278  86
2997  89
296  94
1078  67
3016  69
1073  85
2683  71
2289  81
3846  61
912  93
2013  66
1911  57
2352  76
1230  86
2541  67
3174  71
410|20
3174  70
3224  100
318  94
2302  71
4002  83
1060  83
4297  73
3263  61
1859  71
111  90
58  76
2145  74
3255  78
2321  75
3504  87
3948  70
11  74
4019  81
3  74
597  74
411|20
597  72
261  73
586  55
432  52
353  75
431  78
194  69
318  87
272  75
515  72
356  82
266  68
257  63
349  67
10  64
31  60
344  57
227  51
455  44
122  47
412|20
122  27
2384  73
2915  71
903  91
608  89
2720  40
2858  90
1883  68
1307  81
1214  85
1784  78
2239  93
1  82
930  87
1136  90
2710  65
915  80
2398  85
17  82
1079  86
413|12
1079  82
1198  100
3753  83
2424  76
593  98
128360  91
4993  97
16  96
5574  84
3948  82
64957  88
2959  100
414|20
2959  70
4666  70
5285  70
5635  70
6033  70
6493  70
6563  70
6628  70
6797  70
48319  70
58879  70
169992  70
3802  45
3599  68
1600  78
8666  29
4975  70
7444  61
4081  36
177593  87
415|19
177593  93
1213  88
4321  73
3507  87
4308  74
47  86
1021  49
111  87
2617  66
1276  88
3861  65
4369  63
99114  84
1221  90
63082  86
1234  87
45722  74
1197  91
175  81
416|11
175  64
5951  29
531  46
1296  56
1199  66
1721  50
830  35
1206  67
7323  54
4848  65
3677  73
417|14
3677  92
4995  90
4975  77
7254  80
1198  93
106782  89
27773  90
168250  82
1625  80
7153  93
74458  90
110102  82
48394  85
4878  93
418|19
4878  81
296  86
63082  78
104374  76
1276  81
1136  84
117176  72
1573  63
137337  83
1682  77
5816  69
88125  74
74458  80
367  62
89745  76
45672  59
87869  71
7361  84
54001  73
419|20
54001  70
111  87
46976  77
27822  52
2858  89
319  80
6287  61
3578  84
1213  89
64969  81
47  87
79592  69
34319  71
89580  70
60756  68
27704  70
90943  70
2412  48
1240  83
52245  65
420|20
52245  77
4993  86
45499  71
923  83
26693  70
48385  73
1927  83
5608  76
2052  56
6934  63
7022  84
3979  56
59295  70
2329  86
54259  77
1131  79
2762  80
4973  89
5669  79
527  89
421|8
527  90
909  83
5008  84
953  83
1178  85
2313  81
2478  66
1203  89
422|19
1203  59
2710  56
4947  60
4971  56
5039  73
4925  70
2581  54
4916  51
1265  78
2804  76
3053  78
2665  70
1283  84
4835  66
2908  69
3943  53
1213  83
2670  64
858  89
423|5
858  84
110  83
2194  80
5349  77
1320  66
424|20
1320  84
141  67
2804  81
40278  73
608  81
108729  66
293  85
69122  76
1092  66
54503  80
58559  85
3186  68
66097  76
778  83
5679  65
3176  68
2288  83
2174  74
71668  95
112556  77
425|20
112556  65
377  67
2329  83
733  68
6  78
1645  67
8368  77
2081  69
4306  77
1680  66
1909  66
367  62
46723  70
1625  69
1036  76
4901  65
750  87
2353  65
1342  54
145  62
426|18
145  68
150  70
471  73
337  71
54001  75
1197  84
6378  72
72641  73
4886  76
8644  68
37729  70
597  69
5444  75
91325  46
588  75
3247  53
4022  71
79091  72
427|17
79091  49
5463  52
5015  69
110  77
58  65
5528  66
6348  45
5312  48
2710  51
5696  43
4993  79
5266  62
2683  63
5400  57
5816  65
1208  83
5574  64
428|20
5574  35
2762  64
3827  43
1089  72
2953  35
2916  58
1380  51
1997  61
3440  21
4022  58
317  47
4255  29
1208  73
1391  52
6377  66
2581  43
260  72
3285  44
588  62
653  46
429|12
653  81
421  84
150  91
225  81
165  83
266  83
329  81
252  81
279  63
317  77
237  79
204  62
430|12
204  85
2987  76
3745  72
6287  59
2858  87
6365  70
2571  88
4447  65
4014  77
329  69
2076  84
4446  68
431|5
4446  45
1625  57
1376  53
3948  53
802  48
432|20
802  51
5630  68
6870  75
8640  55
6539  79
3916  74
5989  79
84189  70
110  81
35836  73
4886  79
2762  78
1206  85
49272  81
19  57
318  89
58559  87
69481  84
7158  76
33660  80
433|5
33660  70
1089  74
50  74
5299  55
110  71
434|20
110  86
3147  81
1090  82
1265  81
5989  79
1101  66
1779  57
586  60
344  64
3863  64
1208  87
3160  79
589  81
780  67
6796  73
2791  79
4226  87
2194  77
8665  74
1291  83
435|9
1291  77
44191  87
485  72
3510  76
34405  89
2302  76
158  61
82459  89
48780  89
436|20
48780  47
435  47
440  70
432  55
161  66
480  77
377  69
531  62
536  48
502  46
364  79
235  76
371  61
344  59
2  67
585  52
450  60
587  68
437  46
227  52
437|20
227  65
318  93
5  59
640  49
1299  89
1120  77
1396  75
1246  84
454  73
1171  68
1225  92
1183  76
1097  80
1307  85
1268  75
592  74
198  73
155  48
112  68
246  85
438|20
246  55
2501  74
8966  65
27801  80
1527  81
6711  86
3898  28
1784  79
8644  70
6367  67
2424  62
3889  50
223  78
1517  76
7361  89
2641  66
5009  71
2617  64
3753  69
2393  67
439|5
2393  83
4022  73
7153  84
78499  82
1240  77
440|7
1240  70
541  86
29  78
1653  82
1274  77
3174  66
1235  83
441|9
1235  94
2683  79
2959  100
4306  90
260  99
296  100
51255  95
47  96
68358  91
442|5
68358  26
2881  4
1186  28
3752  16
4361  32
443|8
4361  87
79132  89
296  91
48394  80
106487  79
108190  66
7153  88
63082  85
444|9
63082  87
592  72
208  62
21  73
111  85
110  84
235  76
296  88
344  62
445|16
344  78
590  73
34405  74
47  78
116897  90
780  63
4011  78
899  80
593  81
33794  74
1080  81
45722  67
17  75
1230  76
306  85
2710  52
446|17
2710  59
339  61
300  67
296  78
480  70
368  65
288  61
172  50
17  70
16  75
357  65
150  69
434  52
153  50
648  65
593  79
337  70
447|16
337  76
293  89
337  87
531  74
382  67
589  91
552  74
253  82
362  76
532  69
292  78
31  73
474  85
540  64
442  71
160  67
448|373
160  70
3284  70
3933  70
6302  70
6476  70
7245  70
48262  70
49688  70
75803  70
75816  70
78116  70
79590  70
86593  70
92198  70
98908  70
100326  70
102819  70
104760  70
108715  70
109191  70
111680  70
113416  70
116207  70
116985  70
129657  70
130083  70
133377  70
136654  70
138546  70
142424  70
151777  70
152658  70
157130  70
158022  70
161290  70
164375  70
53996  61
136778  70
5418  65
288  63
88356  39
2580  70
155358  70
2889  65
4034  69
148888  41
81156  66
2713  44
103335  63
95441  52
34048  55
80126  53
3057  70
1057  60
2794  44
33830  92
8665  64
6059  56
110553  42
90374  76
151501  70
3764  45
6143  66
103819  19
4361  67
104913  66
3986  42
5528  59
1196  79
105351  42
83349  50
3276  70
1090  74
5349  68
587  54
106330  23
4677  52
95508  70
109895  18
110611  70
671  63
2289  68
152077  64
80693  46
111360  48
170  55
87444  55
94323  43
8493  55
3671  70
91653  55
4981  70
2991  64
78034  70
119145  73
5099  54
4299  55
2567  48
6996  23
109864  19
6582  48
73017  66
370  51
543  61
115617  62
590  68
154065  70
5553  56
41569  61
3286  38
6645  70
589  74
1920  52
2857  56
111663  51
78499  75
2657  54
6537  56
1148  75
46974  46
48516  76
80241  55
445  41
4262  71
3689  18
114935  67
6428  56
127194  70
109673  39
127096  57
89388  70
4156  70
3793  66
33679  54
2014  46
64285  67
3968  52
49530  63
3450  59
160563  52
5502  58
8169  62
6314  26
122490  70
3386  61
140725  59
4896  62
2642  41
127136  77
2763  57
2520  70
457  69
48783  60
3263  46
5400  54
5541  55
4011  71
58351  70
127132  70
152091  47
3698  58
435  33
4799  44
84152  65
3401  38
2858  76
3174  58
7076  61
106542  70
6218  59
2860  41
1283  74
3618  50
2616  54
90439  51
2404  35
4660  70
2530  50
26386  70
4327  63
3030  75
71464  66
32  75
91529  70
4158  37
99114  70
98585  59
93326  51
2268  66
80489  69
130576  37
105504  70
2791  68
50601  44
7007  59
4234  49
3623  50
80727  82
78467  23
8641  65
4128  68
106782  69
2537  20
112138  63
3247  45
112818  56
2027  25
3101  59
5779  70
82202  47
1704  73
98296  70
6863  61
89305  54
4203  48
1201  78
6212  37
637  48
84954  53
6814  70
94864  55
67695  28
159077  70
92439  67
6812  26
3156  53
802  50
118354  70
134130  74
138036  61
65135  70
52975  60
4368  28
90717  50
45722  61
79259  70
68157  73
4233  31
74458  69
3258  43
1262  79
3949  72
101025  38
69526  42
1831  38
1083  51
1884  71
1476  63
156609  36
3755  51
111659  40
4734  51
161  58
95201  70
135887  57
2598  45
87232  67
4634  86
5334  40
5459  50
146730  70
72694  70
157432  70
132488  70
4558  48
1375  60
6424  70
71518  58
2716  70
94780  45
3593  21
129354  47
158  40
1409  32
6514  70
2881  44
51662  69
90522  47
68554  52
2126  49
122932  70
93510  66
137857  69
125916  1
2953  42
2090  61
1760  18
480  66
58803  54
2109  63
50792  26
46062  24
85510  56
80864  70
112171  58
122900  60
2587  66
1527  70
117529  59
4993  75
92264  50
5247  41
533  44
912  76
26464  70
2249  62
4678  50
103772  55
114601  55
96861  44
420  39
59615  51
2349  67
109372  43
95207  46
348  68
19  49
136020  53
4502  25
91094  53
138208  54
3511  38
79428  57
2643  31
109183  70
2139  63
4212  70
5942  46
96417  54
112852  76
99728  60
89470  63
142448  50
64983  53
2640  62
2046  52
4881  73
3882  48
3744  43
1032  61
116799  65
5  40
4040  29
157407  70
2115  65
1617  74
4367  46
105254  65
3388  40
3760  53
2146  59
2968  70
6281  54
466  44
96448  27
86332  61
64969  69
115170  70
1036  68
3397  63
2474  65
1408  72
155743  70
106920  68
8542  63
120466  57
2051  30
7143  69
7150  47
89087  30
34150  46
2253  39
2973  72
449|8
2973  51
2502  77
4034  72
1222  76
2770  48
762  38
2011  61
2324  77
450|11
2324  64
589  90
110  89
3363  86
3535  88
3948  75
3409  69
1035  85
3568  70
358  61
1259  88
451|7
1259  77
593  93
7  66
5  61
494  73
25  78
17  81
452|20
17  76
2858  100
2617  82
5292  100
1206  100
1676  87
3219  72
47  100
3101  87
163  95
1092  87
1917  78
2126  78
1356  94
552  80
2628  81
1200  100
608  100
2707  83
3273  68
453|20
3273  69
858  100
2335  75
4022  82
3618  76
1617  93
3452  69
1357  87
112  76
2671  80
1884  89
1894  66
2294  77
318  99
1614  69
3534  69
2959  99
798  61
5266  75
780  73
454|9
780  85
2692  76
7116  59
55820  79
6016  77
27773  77
2160  80
2858  85
26131  82
455|12
26131  72
432  51
367  62
590  75
253  70
364  78
555  73
252  65
110  80
225  65
588  74
597  68
456|9
597  79
634  53
135  69
5  69
724  78
780  84
733  86
260  100
706  70
457|10
706  66
3593  26
2692  81
1356  75
223  77
2394  70
2701  46
3608  63
733  69
2094  62
458|12
2094  83
185  72
10  80
380  82
95  69
454  83
300  87
595  89
153  69
587  82
150  88
552  76
459|6
552  93
5618  93
8961  87
48780  90
50872  87
260  94
460|17
260  70
4886  87
4703  74
3831  76
1441  74
4878  93
3483  66
8970  83
1  86
49272  87
40815  82
85414  81
68237  89
76093  88
47610  78
63082  88
2571  94
461|6
2571  65
2762  62
1036  62
91500  55
3578  63
539  51
462|20
539  70
89090  70
164655  70
188189  70
1136  79
1219  76
158966  85
1248  75
508  63
1653  71
1674  66
8917  59
8620  0
3424  73
2146  60
7044  68
3814  78
1213  77
82857  70
26131  82
463|7
26131  86
2028  88
4310  64
3753  72
2006  66
1092  70
5995  89
464|20
5995  71
58025  61
63853  48
296  91
2019  89
3527  74
5254  69
7007  71
1101  69
1779  57
377  71
1653  82
55820  83
648  71
33493  74
1610  80
65088  69
74727  81
1617  84
62374  73
465|20
62374  83
2987  83
1200  93
3448  82
5060  89
1299  91
3703  85
3649  64
1625  80
292  76
904  96
3101  74
1754  76
750  99
1256  91
593  94
3732  78
3740  86
3334  91
377  79
466|20
377  83
30793  69
79091  80
92259  92
5989  85
5459  66
318  95
63082  87
59784  76
5010  84
74458  86
6281  69
5952  88
8529  72
64716  86
68954  86
4993  88
45447  69
81845  86
55247  81
467|22
55247  70
58  70
389  70
466  70
527  70
593  70
780  70
1183  70
1233  70
1357  70
1365  70
1408  70
1721  70
2028  70
2125  70
2324  70
2334  70
2384  70
2390  70
2393  70
2394  70
2493  70
468|7
2493  70
349  71
1  79
317  63
296  85
32  83
165  71
469|20
165  70
3832  70
3507  82
3032  82
2736  76
2132  81
1958  76
910  84
1090  85
1485  62
1388  55
2321  69
1234  85
2081  73
1193  85
36  76
2908  75
909  83
2023  66
3255  72
470|16
3255  74
318  90
110  83
588  78
282  62
5  60
597  72
32  82
595  77
592  71
500  70
26  76
356  85
357  71
434  61
300  76
471|6
300  79
8874  77
527  79
1  72
8360  66
7147  74
472|6
7147  93
3450  76
3298  83
2840  66
1221  94
858  98
473|8
858  78
2959  89
60  55
7147  74
6281  61
3897  81
48322  80
2596  60
474|422
2596  70
2179  70
2697  70
4046  70
5114  70
5311  70
5353  70
5455  70
5601  70
6201  70
6273  70
6382  70
6407  70
6592  70
6912  70
7702  70
7826  70
7832  70
7839  70
8057  70
8446  70
8458  70
8459  70
8611  70
8650  70
8774  70
8938  70
1466  68
6708  71
2940  75
2616  57
2334  59
7139  75
4218  70
371  53
750  86
2935  83
8645  75
5481  53
6370  84
25865  70
2553  72
912  84
2467  70
5548  58
7301  72
52967  55
5945  63
480  69
1983  43
3462  74
1068  70
8600  77
6650  88
8482  70
6791  80
4016  71
1784  73
3668  68
3977  54
8961  74
4160  70
30820  64
6984  70
2750  67
5034  30
7716  70
2612  70
4419  90
1300  69
4187  75
1187  45
6565  74
272  62
5440  70
25937  60
1099  63
3125  70
5826  70
5649  70
7256  79
4912  71
6016  78
1208  86
2083  71
3385  71
2310  56
3360  75
3163  74
1413  76
4081  34
1643  69
968  72
2116  65
26965  76
5954  74
1263  81
5116  70
3536  68
8778  62
63433  56
2952  67
318  85
3394  42
1200  78
3384  80
4356  80
932  83
7698  69
516  57
4873  79
48385  68
39869  74
1902  70
2641  59
7036  50
2181  70
4638  52
31116  79
2455  68
2146  66
628  73
3897  78
1030  48
4022  71
344  59
3196  77
92  45
237  47
6770  66
3259  65
3368  60
26151  70
1293  66
34072  71
3044  66
1639  72
5944  55
6539  73
477  61
7361  82
55687  70
58  66
4014  69
3467  72
8154  77
4191  77
2134  65
4644  75
4293  53
5013  73
1399  60
1196  82
2918  77
5899  72
4465  64
100  52
361  51
3341  87
8921  70
195  47
3789  70
4709  60
1588  58
3468  84
4678  59
2723  64
2118  71
1939  80
7019  49
3147  76
1792  60
33903  71
1682  73
41566  65
1693  64
1957  70
5021  61
2313  75
3870  70
948  73
47099  69
3447  73
6614  50
216  60
5619  63
3987  36
5060  78
3111  75
45950  76
32584  59
5525  70
2567  54
5956  71
7  51
1172  76
3217  60
8331  70
587  61
5238  64
1189  73
2416  64
832  60
3095  77
7386  72
1223  88
7058  70
5246  35
5418  73
27803  85
26  67
4002  78
1135  59
45  60
6945  100
2411  51
2520  70
7347  67
5375  70
5673  73
3039  69
7833  70
33781  54
720  89
2103  34
33154  73
608  82
1327  47
101  78
7061  70
5451  52
5682  57
5434  65
6609  70
31658  76
4578  39
2009  66
4704  70
7572  70
4929  43
3306  72
6334  67
5379  79
5437  56
42418  68
4128  74
7451  74
2786  30
2243  64
27846  72
6197  63
3264  50
3608  59
5603  85
6124  54
1222  80
1663  69
3566  59
3755  59
2628  58
4815  54
2089  69
7102  48
27706  69
7013  76
1348  64
45666  47
5755  36
4055  100
2058  64
4462  13
1544  50
2405  55
4998  70
273  46
1977  44
1732  82
7822  70
7073  70
41527  73
4787  65
1676  65
3708  56
6669  60
317  56
25940  70
971  82
7366  56
3115  70
7026  49
2710  54
50685  83
2114  78
3809  62
3516  61
2770  54
535  69
4878  82
5992  68
41997  72
1083  60
4487  61
7293  66
1016  59
2006  56
1007  49
4993  81
3412  70
5007  70
3929  59
6639  69
8712  70
1876  54
3546  70
34359  70
7579  79
7325  60
6837  70
2634  49
7753  60
8943  13
8385  70
4308  69
3246  76
3745  68
1148  84
42002  56
50740  78
3952  65
1927  78
7581  60
910  80
3948  62
54881  77
1284  72
4007  72
5341  62
3675  78
52975  68
6244  62
965  73
454  61
1247  82
7215  60
1282  78
8207  82
6242  67
6502  77
4509  54
3528  70
2391  77
4262  78
4039  59
42018  14
3271  78
976  70
48394  75
5384  70
5168  70
1358  74
6534  57
8773  70
2384  65
48780  77
1269  78
4600  73
2642  47
111  81
933  80
3578  74
5297  33
944  70
6020  70
2123  55
748  57
4896  67
5380  75
53953  60
3712  53
25996  70
1997  70
4464  72
4085  66
51540  70
2707  61
2069  85
6710  73
1488  57
6378  70
928  80
3038  79
7116  60
44511  70
594  71
1962  72
421  56
4316  30
2761  75
4823  48
892  69
1345  68
5294  67
1408  79
6579  86
3272  66
3421  76
3844  55
6787  75
37736  70
2249  66
1610  74
2468  46
3498  74
4902  67
6268  73
5225  75
5404  92
929  70
25999  70
7835  70
805  57
4126  55
475|20
4126  97
4993  100
87232  95
40815  93
5816  90
8644  86
81564  90
4701  79
81834  97
6564  67
68791  83
111759  96
7153  100
1527  93
71530  76
4896  91
106487  90
112852  100
3578  97
82461  82
476|14
82461  80
34  81
380  74
158  61
153  62
586  66
440  77
364  85
378  62
357  74
224  76
165  75
296  88
11  81
477|20
11  78
913  90
3100  79
2105  70
1271  71
1207  87
70687  5
2174  78
45672  61
4571  79
3973  45
4226  93
1103  88
5291  82
348  81
3593  34
1  82
1274  86
6502  84
59615  64
478|5
59615  51
3114  65
594  61
1584  56
1101  58
479|20
1101  70
4488  69
524  67
1025  68
3707  49
1220  75
4010  59
3244  70
3526  71
4092  50
1968  78
4700  61
4003  65
3671  75
2671  70
341  70
2012  63
2542  78
454  63
2384  68
480|20
2384  70
2700  73
8533  68
2193  69
2797  70
3484  46
2571  81
1210  81
2596  66
8866  62
47610  67
6306  74
5379  79
2018  64
7153  79
3911  69
44191  74
38061  79
5673  73
380  67
481|7
380  54
1687  49
1629  38
1729  61
1620  45
1597  49
1485  53
482|20
1485  100
8985  54
1036  78
474  73
1042  62
4389  62
780  69
27706  71
3211  77
1610  80
4367  55
1374  78
1220  78
1602  46
653  62
592  74
30812  72
4862  50
8361  59
8529  65
483|20
8529  70
783  62
2541  67
2959  90
109971  70
45722  72
1199  85
50872  79
2000  75
4306  79
69757  77
2683  69
2273  64
1588  62
109487  79
66934  81
1721  69
2328  57
68522  70
8972  66
484|20
8972  70
1438  61
6155  71
6944  80
2706  76
33166  85
6874  90
3697  66
1059  82
76293  68
919  85
2762  86
1821  63
837  80
5810  78
1753  77
3254  75
4718  69
2413  79
3646  50
485|5
3646  85
161  82
253  82
292  78
231  70
486|12
231  72
47  92
110  93
153  68
474  85
95  68
288  77
329  77
161  83
318  99
292  79
6  89
487|12
6  58
8961  58
318  72
1198  66
31658  63
1197  68
6539  59
5445  56
116797  62
4027  58
8874  63
86377  75
488|20
86377  90
838  68
608  86
1223  88
26  74
5135  77
2109  69
7720  58
7303  71
4014  71
5995  86
457  78
105  65
1136  87
272  66
1269  78
3176  72
1278  81
1125  70
910  84
489|20
910  70
86000  70
4848  73
736  51
8387  12
4700  53
45666  42
4720  65
2683  57
2021  65
2389  24
1619  57
950  52
58559  77
2236  60
2167  58
1616  46
247  69
376  50
2717  48
490|20
2717  69
89492  66
81591  66
91077  69
60074  50
5816  61
4144  68
54001  65
1  66
1784  64
7153  73
4993  72
89759  88
86320  49
60128  55
76251  62
8368  67
69122  66
2006  51
78499  72
491|13
78499  92
69757  91
7293  85
27808  82
4246  87
3948  80
104374  92
86833  88
140110  81
8529  80
180231  70
4306  89
88405  74
492|20
88405  81
784  75
628  91
858  100
852  85
64  67
990  68
830  78
743  65
62  85
52  91
1499  63
66  66
1210  100
881  59
1474  59
1405  83
724  81
1047  82
65  66
493|13
65  68
4444  63
2916  71
1275  74
2571  84
1527  75
2028  82
3793  70
2167  66
1215  81
4701  57
2924  71
260  85
494|5
260  90
4498  55
3578  82
2028  87
1210  87
495|20
1210  70
115149  87
1259  89
1721  75
136562  70
80489  87
19  68
50872  86
231  71
102123  80
52319  84
7254  77
7360  85
8528  85
1645  78
46578  89
30810  82
2918  88
148626  90
56775  73
496|6
56775  75
99149  65
858  79
904  77
8865  50
114713  40
497|11
114713  73
112556  66
112290  68
1916  65
92259  77
2329  74
112552  70
1258  73
2762  67
5349  63
111362  66
498|7
111362  72
231  73
648  84
10  81
300  84
356  97
316  77
499|6
316  83
2337  64
38304  98
327  52
56286  64
1304  87
500|18
1304  62
2987  64
543  60
2700  65
2542  68
1265  70
2916  62
356  71
3301  57
1784  65
1914  58
595  65
2355  62
3536  56
1885  54
322  69
838  58
720  79
501|9
720  73
62  65
93  54
45  61
3  65
637  53
11  74
18  66
662  47
502|7
662  67
1077  73
4412  29
3469  64
2001  62
2520  70
1777  71
503|19
1777  70
7361  80
4878  78
356  76
91500  63
593  77
527  75
858  81
4226  82
1259  72
1342  49
2877  48
92509  55
90866  67
500  60
441  74
48516  77
2858  78
48394  72
504|18
48394  83
5812  76
2321  73
1  81
3556  82
7153  87
6708  78
1288  84
6927  70
4033  77
4700  66
6565  78
342  70
3408  72
6879  75
4361  81
5952  86
5955  74
505|7
5955  86
4105  81
1029  77
74685  81
273  62
6502  89
54999  74
506|9
54999  55
54272  66
37741  72
56782  77
62293  72
51834  60
49286  61
112556  73
61024  70
507|5
61024  64
266  62
253  66
377  64
593  78
508|5
593  55
2011  35
1952  55
1175  45
898  62
509|20
898  70
130073  70
2028  77
87232  72
33830  96
5313  48
48  56
2090  65
2080  61
6942  73
8907  45
6156  55
5816  67
39  67
3988  53
6807  75
7458  64
1196  80
45447  56
616  68
510|20
616  31
7026  32
35836  57
494  52
1198  70
514  48
457  62
2935  70
858  74
2699  39
317  44
8949  59
2918  63
145  47
1262  70
6787  65
1208  71
372  46
1242  68
40819  62
511|11
40819  95
53953  76
115149  87
164179  84
6534  63
99114  87
92259  93
318  94
2324  91
1653  81
56757  76
512|10
56757  79
150  78
349  73
47  82
350  72
442  64
457  83
50  88
317  65
593  88
513|7
593  83
318  89
2174  74
235  73
1304  82
1220  76
1080  82
514|20
1080  70
5704  70
62586  70
168358  70
180263  70
1704  78
2005  70
2792  53
2013  62
1673  76
134130  77
76093  78
1333  74
58998  75
68157  77
2406  64
3210  66
54503  73
4855  70
1644  43
515|6
1644  93
2028  97
527  99
91529  95
58559  100
2959  100
516|26
2959  70
457  70
480  70
647  70
708  70
1042  70
1090  70
1197  70
1198  70
1954  70
1958  70
2021  70
2259  70
2268  70
3052  70
3471  70
4027  70
4291  70
4306  70
4321  70
4322  70
4333  70
4337  70
4349  70
4361  70
4429  70
517|20
4429  56
53125  42
1265  56
165489  70
97938  53
88744  52
86880  39
4148  34
26761  70
3398  46
1293  47
3988  34
2858  62
4963  54
1204  65
1704  59
47629  54
7669  59
1206  61
46578  58
518|5
46578  64
2657  65
783  60
1876  56
6365  64
519|6
6365  98
356  97
140110  85
6378  88
7445  84
1968  92
520|20
1968  70
318  95
1049  67
59315  85
4995  85
32  89
2716  84
4333  71
1291  90
1732  89
4085  76
2723  74
3081  78
3994  77
33493  79
135  61
2393  72
60516  45
2406  76
1584  74
521|8
1584  74
112  73
86  82
104  70
58  82
79  61
52  79
852  75
522|20
852  80
81932  79
89492  79
63113  67
2959  88
1193  82
1375  68
4993  84
223  77
27611  76
76060  61
180  71
59315  78
1617  83
10  72
67255  79
2023  68
6187  76
318  89
127098  78
523|15
127098  100
8970  91
5989  95
318  100
91529  96
1721  85
293  100
65261  98
4270  76
3147  97
27731  94
134130  99
31696  83
527  99
101962  89
524|20
101962  74
150  74
552  60
748  58
344  60
442  57
253  71
1225  85
20  49
589  81
1242  84
544  49
173  52
1302  73
380  68
457  78
1020  60
788  52
193  45
466  53
525|20
466  70
317  60
6863  69
8622  74
33004  67
7147  74
2396  75
40815  74
137337  79
1639  74
1968  76
91869  70
45880  64
2100  60
339  60
4886  75
50872  75
86332  69
8983  70
3996  75
526|12
3996  87
55247  80
46578  84
176415  70
1295  66
90430  81
4014  77
2352  71
176413  70
215  83
81845  83
51255  83
527|20
51255  80
3114  89
3210  79
3016  74
2161  80
4571  84
2118  86
3421  86
455  57
2867  76
2450  47
1909  79
1214  89
4299  73
736  67
2477  71
588  86
4016  87
1259  88
2533  67
528|15
2533  69
2278  60
80906  74
4037  71
1240  70
64614  71
3821  40
150  63
1291  75
80463  69
593  75
99813  69
85342  69
48516  76
58559  78
529|5
58559  60
135  55
65  45
62  67
733  70
530|6
733  74
500  75
300  80
586  67
593  91
11  82
531|5
11  89
590  81
919  78
480  78
1215  87
532|10
1215  76
4863  100
457  85
290  91
1245  93
1242  90
2023  77
2329  93
1304  90
517  64
533|8
517  92
6502  92
79132  96
46578  96
93840  94
4973  94
2455  84
66934  91
534|20
66934  70
97913  87
94953  71
2003  84
2167  76
7569  83
153  63
1485  71
65514  88
104218  65
344  74
2571  92
5445  83
95875  69
112818  75
82461  73
96610  84
2987  84
138036  81
1566  79
535|6
1566  76
2581  41
2700  67
2688  50
2583  59
2882  20
536|8
2882  80
272  68
356  82
335  70
225  62
150  71
434  55
589  77
537|10
589  90
367  72
7153  91
53322  75
104218  71
97304  87
6539  84
318  94
89745  86
105504  86
538|8
105504  90
3671  91
80549  90
4039  77
69757  91
5047  79
44889  70
66934  94
539|8
66934  80
6753  71
5218  73
50872  80
88  54
3301  73
4886  79
69122  79
540|9
69122  62
2959  98
1073  87
8874  93
1681  49
2183  89
2841  75
2747  70
1196  96
541|18
1196  74
457  80
413  52
15  59
110  81
595  74
597  69
480  77
356  83
203  64
529  76
357  69
22  68
345  71
546  44
586  59
281  74
350  66
542|20
350  76
30793  63
5299  65
2542  77
34319  66
33679  63
4963  76
5481  57
1997  70
4025  57
3623  56
924  76
4369  58
6378  71
2571  82
7254  70
41566  66
37733  71
7361  84
45517  65
543|16
45517  94
1702  72
595  91
3301  87
231  79
2378  79
2379  58
86882  92
6377  96
588  93
377  87
48385  86
2571  100
4526  63
4388  64
92259  96
544|22
92259  70
3  70
14  70
32  70
40  70
62  70
68  70
95  70
116  70
619  70
626  70
648  70
650  70
694  70
736  70
780  70
839  70
1042  70
1047  70
1059  70
1105  70
1356  70
545|5
1356  54
1267  81
2763  73
1367  61
44  50
546|13
44  85
3328  97
480  79
1970  57
2456  47
1976  44
589  89
2657  71
1673  82
3941  70
3959  67
3566  58
1977  49
547|5
1977  89
2859  76
2917  87
1394  88
1288  84
548|26
1288  70
260  70
356  70
733  70
1196  70
1393  70
1477  70
1621  70
2571  70
2716  70
3263  70
3578  70
3916  70
4776  70
4899  70
5955  70
6874  70
7458  70
8531  70
49910  70
58559  70
74532  70
80862  70
122904  70
125916  70
168712  70
549|5
168712  73
2028  70
4226  76
1210  78
589  69
550|6
589  70
102125  79
106782  86
116797  85
112852  89
122882  86
551|20
122882  77
34162  70
60069  82
1544  56
45186  69
103772  67
51935  71
4226  85
2353  66
7153  84
5989  77
135569  69
115149  78
88129  77
134130  80
6934  63
47  83
4701  62
2959  86
98809  76
552|20
98809  64
3317  74
1405  54
2953  40
2245  57
2944  72
2890  68
2125  67
508  66
3948  58
5349  68
2959  81
2857  61
173  45
2991  66
2871  69
2628  55
4308  62
4878  77
3101  60
553|17
3101  88
3481  85
1923  83
2571  95
4011  92
50  95
3949  91
1089  96
44199  83
5513  70
2231  83
2395  80
3052  83
61257  70
1221  97
33166  85
2959  99
554|18
2959  93
1022  83
2820  70
1207  91
1517  81
1282  86
1210  91
1760  37
2282  69
1225  93
907  67
1358  84
2096  78
1028  85
593  93
608  94
953  88
2324  89
555|20
2324  70
3664  70
1  83
3111  82
3395  70
104  70
1334  54
2506  63
2072  63
4002  87
1266  88
2641  66
2256  63
2791  82
2701  48
1333  81
1320  67
337  78
1393  77
3526  76
556|7
3526  79
122890  75
3081  79
88125  89
588  88
72998  83
74789  72
557|6
74789  70
231  64
1291  83
260  86
1210  84
150  75
558|12
150  75
5064  89
4903  82
2297  70
2568  77
4993  96
4306  90
367  79
5283  69
1097  86
4164  86
5294  85
559|20
5294  61
608  84
355  47
329  66
544  50
1527  79
173  52
377  70
745  87
174  48
529  75
350  67
349  69
533  59
836  49
1210  86
420  51
786  61
227  51
253  71
560|20
253  70
91535  61
136018  53
67997  79
79132  83
3253  70
142558  70
2355  69
39435  60
1527  75
40414  73
64614  79
48744  71
56587  63
593  81
76251  73
84944  70
109313  70
5878  78
40819  75
561|20
40819  70
5308  58
78469  57
3703  74
60069  79
91535  55
2105  61
73017  70
5445  72
2000  70
83134  78
79132  81
79592  59
80463  75
89745  76
527  82
8972  61
353  77
33162  65
68157  78
562|20
68157  70
6870  83
6377  90
2580  88
1249  93
4776  85
36529  80
1259  88
1982  80
2268  84
2133  78
83134  92
3210  81
48394  86
30707  92
33836  56
2692  89
88163  89
99191  70
1240  88
563|20
1240  70
70932  70
80858  70
919  76
74450  52
588  76
5943  54
118997  53
86833  76
1197  85
128832  70
85397  63
45221  45
33499  50
7380  67
96821  77
81784  64
95307  48
65585  62
55250  45
564|20
55250  70
356  84
31685  66
131013  69
61024  81
79224  59
87869  73
500  72
108156  60
81784  65
93270  49
6188  79
106918  80
65230  60
67087  75
80693  58
94677  73
8984  66
73266  58
2671  69
565|6
2671  76
231  60
19  53
21  70
50  85
539  70
566|15
539  71
10  67
231  59
329  66
342  67
141  69
203  66
345  71
39  67
497  81
265  73
588  76
708  69
353  76
2  68
567|20
2  70
26743  70
92681  70
109897  70
152071  70
5690  48
136602  46
122888  70
6333  49
1274  57
122922  48
153070  70
151687  70
117877  70
108928  36
954  50
122924  35
27773  57
648  44
135887  41
568|23
135887  70
147  70
296  70
356  70
480  70
593  70
765  70
1103  70
1104  70
1257  70
1298  70
1895  70
2313  70
2359  70
2863  70
3053  70
3148  70
3261  70
3363  70
8169  70
46723  70
63853  70
65088  70
569|5
65088  77
50  100
380  85
588  91
592  85
570|20
592  54
8636  74
48516  79
1225  80
586  53
2683  61
457  72
1196  81
110  75
4993  79
7361  80
1198  81
1079  77
10  64
3793  69
1391  59
589  75
380  63
527  81
185  50
571|20
185  70
2982  70
2366  58
1128  40
610  58
2902  43
1998  17
3696  57
1980  70
1987  70
70  62
1924  45
2279  35
1327  47
3732  53
1972  24
1278  73
1644  41
2327  65
1978  26
572|20
1978  86
2570  64
2788  87
2321  75
111  90
904  94
2987  79
2302  71
1834  85
2539  69
2917  86
1307  86
1  85
161  75
3421  81
838  76
1356  83
2006  68
3167  78
1953  83
573|20
1953  92
72998  84
3752  75
356  95
7293  80
6754  77
8665  85
32587  93
1073  88
88744  87
1127  84
68954  91
98809  88
2640  82
48516  97
71535  93
59369  84
60069  95
88140  83
1562  57
574|23
1562  70
110  70
150  70
153  70
161  70
185  70
225  70
231  70
292  70
296  70
300  70
316  70
318  70
329  70
339  70
344  70
380  70
410  70
434  70
588  70
592  70
593  70
595  70
575|8
595  41
2580  82
296  90
2581  51
2572  68
2542  78
2574  36
2598  52
576|5
2598  45
1321  54
1373  48
1479  55
2289  65
577|20
2289  70
1183  70
1288  79
1129  67
2944  78
2194  77
733  64
1213  83
2076  77
2020  80
1262  85
1931  78
1391  63
2987  71
952  73
1909  68
260  84
919  75
2248  76
1270  77
578|6
1270  70
52668  85
45668  75
830  68
72407  64
75446  70
579|15
75446  80
2485  68
1022  85
2018  82
838  81
1917  72
1391  77
596  77
1573  81
2965  70
1653  92
2599  84
892  83
2687  74
595  86
580|20
595  70
6583  70
480  71
8844  70
6989  66
3809  64
41569  66
3699  59
4041  61
33166  74
356  80
508  69
8376  65
3578  75
608  80
3785  55
3089  82
1320  60
54286  71
1201  83
581|8
1201  91
5995  87
4973  93
116797  86
3949  88
4306  85
109487  86
6377  87
582|12
6377  84
2959  90
116797  83
4993  87
5618  87
2571  87
76251  78
69844  81
104841  80
48516  89
97752  80
76093  84
583|12
76093  67
88405  61
2706  67
117590  72
317  62
60756  68
6942  77
595  72
46578  79
104  67
2694  61
7451  76
584|17
7451  83
22  83
203  82
315  75
500  85
316  81
539  85
234  64
296  99
257  82
434  75
586  75
338  70
349  85
282  77
480  93
590  91
585|13
590  74
1228  87
54503  88
2959  97
428  82
1405  66
7254  79
441  90
1805  72
296  98
27373  70
5325  79
79132  94
586|20
79132  71
4016  89
111659  73
106002  81
149406  84
167036  94
45499  82
136556  70
5445  90
117851  78
1291  99
71264  86
106489  80
135436  75
3753  85
2640  89
3147  96
122916  100
3793  90
101362  68
587|20
101362  93
628  85
2012  72
534  93
2002  61
1641  86
236  70
1376  78
2622  71
1541  53
3260  88
497  91
3082  68
445  60
3448  80
2574  48
765  59
691  65
329  76
3406  62
588|12
3406  78
16  75
20  44
356  77
350  59
198  63
593  78
364  73
163  65
253  65
223  70
3  62
589|8
3  74
318  98
590  85
373  82
586  67
587  77
527  96
337  85
590|20
337  76
8807  68
2371  59
38061  79
81834  75
40815  73
4890  61
903  83
5  46
3624  57
555  72
4047  69
51662  74
2085  70
419  46
595  71
329  65
2376  58
3635  67
2398  74
591|11
2398  66
2706  65
2712  67
2355  69
3615  56
3578  74
2394  68
3798  56
356  80
223  73
2724  50
592|19
2724  75
2  75
153  64
415  59
110  88
177  61
420  59
380  76
44  59
788  62
588  82
163  76
204  56
610  82
39  74
419  60
253  78
432  61
240  57
593|20
240  76
1073  68
1086  72
1617  74
4034  70
41566  59
1197  77
344  54
8368  72
339  55
2959  78
8961  68
5816  63
2797  66
4896  65
588  68
595  66
5952  74
377  59
141  60
594|20
141  70
2671  86
7115  82
1616  71
5943  68
1188  89
2269  70
1733  97
4902  89
6996  41
780  81
1429  82
6140  91
7046  76
39  84
595  89
799  93
2028  98
8482  70
7169  74
595|5
7169  77
50  97
1186  88
1199  98
1966  84
596|20
1966  70
43744  70
182793  70
129397  49
128908  70
1  77
142488  83
122922  73
4310  57
71838  58
4025  56
2501  70
110102  76
149406  65
2774  70
5502  64
8665  70
6537  63
2571  83
345  66
597|20
345  81
490  69
3040  70
2529  85
2858  95
903  97
3039  80
2000  81
1291  90
357  79
1228  90
1845  89
2411  62
1580  80
1148  96
1198  95
2723  75
485  69
592  78
2692  90
598|5
2692  79
8360  72
593  87
114265  70
103543  56
599|496
103543  70
26567  70
26590  70
26676  70
26854  70
27595  70
34800  70
53450  70
60803  70
69131  70
74696  70
79895  70
84523  70
87960  70
92674  70
98799  70
102735  70
102852  70
104017  70
105020  70
122433  70
157865  70
158874  70
160978  70
161044  70
174727  70
179053  70
1801  45
6035  68
3387  44
33437  54
112  51
5995  71
167706  70
4394  70
836  28
7235  59
8809  65
102749  70
89087  24
42011  32
432  32
471  58
5628  52
1015  46
2  51
2269  36
69  56
3947  51
79091  55
104837  70
4037  61
7587  65
6881  57
1449  62
7225  57
81229  47
68952  67
4728  42
5081  44
33966  70
1779  37
3669  70
87197  70
170297  70
79057  52
95965  70
55207  70
4007  61
1220  63
80831  44
46723  57
71282  63
7757  57
3259  54
92309  54
1376  53
7192  42
4654  49
101423  70
53468  40
62662  70
3174  52
3698  52
2882  27
2359  54
1183  55
2792  40
1095  61
8387  8
53125  47
115713  65
2949  59
2471  32
3  51
1231  71
3861  49
240  42
1480  56
2301  54
1445  27
8045  70
586  44
2942  35
1185  66
4594  70
2474  59
3671  63
3196  66
64839  62
98697  70
2606  42
1777  56
5309  33
7022  67
4873  67
541  69
27311  64
43921  51
67734  55
4240  70
5026  70
168  34
33493  58
4125  2
7354  45
207  47
1094  52
742  28
1609  32
1042  47
3362  66
4553  62
4632  45
2278  54
468  50
122904  62
75416  70
42718  59
4285  47
79274  64
1794  70
45081  45
108192  70
3489  55
3503  62
89804  56
163809  70
577  33
3071  54
1204  75
3981  28
95771  70
45382  70
6548  47
59387  59
166528  66
168492  66
6691  70
605  44
424  36
2991  56
248  47
97950  70
3865  54
1216  51
342  53
35836  58
27772  38
176419  61
151781  70
277  37
6320  0
39381  59
5111  70
4090  49
2450  21
2676  36
2356  37
79702  64
1597  46
410  49
1721  51
3702  53
183301  70
1387  64
2072  44
26729  60
2393  51
4247  34
4591  42
1032  57
3087  48
1895  53
634  29
210  44
2074  67
51575  34
3505  71
5247  34
481  47
4215  22
1355  36
2657  50
2028  69
4011  67
420  32
552  46
1196  72
2395  59
5303  52
1752  29
3186  52
4310  44
1784  63
3200  77
7254  58
688  39
473  32
1079  69
1552  46
1148  72
1544  39
63113  55
2325  48
26649  73
6804  70
161  52
4109  50
34332  39
1653  65
4808  38
7707  70
3468  72
502  28
1221  74
1792  48
68319  41
6787  65
2119  22
3884  0
4254  22
3973  23
103609  70
8934  70
5377  66
42632  60
55290  62
4506  49
7840  54
5568  55
1689  50
7005  70
103228  53
59947  70
786  43
4351  54
172253  70
4679  47
1411  74
117630  70
1590  42
112623  62
3146  42
8984  44
1920  47
519  26
179817  62
3979  40
3741  56
44020  35
26630  70
7285  61
3030  69
1021  27
8638  60
87  47
7153  68
2877  53
2018  56
3173  50
5198  70
7101  43
7701  22
3213  63
26159  54
2339  70
33896  60
2000  59
4006  55
136562  46
37382  44
6645  65
171763  75
8528  61
27008  70
4017  61
4167  51
86142  61
1249  70
3255  58
736  43
2779  49
84414  75
27773  66
2083  60
98499  34
4034  64
119828  70
1993  45
94864  48
6631  12
2321  57
26242  52
3703  62
41566  52
2529  62
1968  64
8914  63
3257  37
159403  70
1036  63
76093  68
5103  45
6947  59
1952  67
2124  48
4084  42
6016  67
778  69
81  37
2171  63
1253  62
4275  53
7982  65
3723  61
849  38
2681  50
6565  62
39414  50
122916  67
6440  64
8917  53
72011  61
1605  42
1240  65
923  69
68157  67
5961  70
5053  70
3571  63
2403  58
3871  66
44238  70
72226  62
7004  42
2054  43
62970  46
5159  43
354  64
122924  40
48774  65
1394  67
3763  52
70286  64
1904  61
3969  59
81562  54
102590  70
233  62
4155  41
1031  59
76  50
459  27
1097  60
1178  67
60291  65
3328  69
1232  61
3036  47
5283  38
4327  59
610  56
2726  65
4732  29
5970  42
2396  63
594  58
1247  72
45499  52
3476  51
2399  23
137218  70
1997  59
3271  66
27801  62
6365  51
1799  59
580  44
122900  55
2803  40
80219  52
466  37
110882  57
3997  22
26176  70
2378  45
117895  22
26662  67
90603  59
119218  70
44  34
809  32
1960  62
4519  37
1959  56
414  29
1073  62
61236  45
1479  52
4019  60
1245  69
37857  63
161032  70
371  45
3020  58
88593  70
6774  65
2005  60
90405  51
26285  70
6793  23
627  52
1617  70
6734  14
108090  70
2427  57
51024  56
122922  56
3440  19
6874  67
4919  52
338  33
81591  60
1704  68
1499  26
357  56
62155  60
144  56
34148  58
53519  48
4504  70
2796  36
216  50
6827  12
1429  51
7445  50
1385  44
90471  45
8425  70
10  56
26542  44
7387  68
72998  57
89470  59
3629  70
1297  62
3424  65
1672  51
44761  64
196  39
70703  70
2383  26
180  56
4040  23
6333  61
4440  72
5291  62
88235  56
1639  63
4580  0
153236  70
86190  56
4477  29
103027  70
32291  52
34811  70
5171  39
122260  70
8784  65
5954  63
8798  59
707  29
880  32
314  48
61323  56
600|20
61323  47
1394  72
3785  48
2717  47
5569  62
4306  70
1206  76
56775  53
2015  54
7  46
2013  57
262  69
1210  76
1060  68
2431  52
2077  66
2423  54
4641  69
527  78
5076  48
601|20
5076  70
68157  90
1262  93
106782  88
60069  91
49272  87
5445  83
1193  91
1207  87
79132  93
904  94
166024  91
1917  71
7153  91
2324  91
170697  94
31658  90
5989  87
88810  91
2571  92
602|20
2571  67
19  49
350  62
494  65
14  69
471  69
125  72
434  55
235  70
481  61
315  53
371  64
474  70
527  83
21  68
349  67
440  67
339  61
480  73
163  69
603|20
163  70
803  70
2008  70
2577  70
3459  70
4787  66
2912  76
1769  55
485  60
4420  70
920  71
1  76
2706  65
1844  74
3787  90
1222  82
190  57
2716  78
3983  88
101  79
604|20
101  70
292  72
151  82
329  68
410  65
426  69
435  51
316  69
22  71
235  79
181  48
332  61
273  58
637  63
285  70
173  59
588  80
23  63
553  82
1  83
605|20
1  70
6787  73
1197  84
5667  70
42738  57
51662  74
7373  66
596  63
780  65
4571  71
2316  65
7454  52
150  70
60040  65
8977  45
3269  51
72982  70
1210  81
62376  44
60937  48
606|20
60937  70
563  70
583  70
3808  70
4671  70
4840  70
5856  70
6111  70
6573  70
8685  70
32728  70
55805  70
3147  81
4392  68
2311  72
6308  48
50842  83
6591  85
8270  73
2025  76
607|20
2025  71
1610  83
448  72
3147  85
1094  74
1307  84
592  77
204  55
1552  66
527  93
3476  72
296  94
2313  85
3440  43
423  63
1518  65
2118  80
2193  78
380  75
2028  90
608|20
2028  58
2997  81
3793  70
2763  67
174  38
2000  70
1214  77
919  72
2700  74
4161  59
5146  63
1639  73
541  80
473  43
2529  74
522  74
4343  53
1909  65
2431  59
1220  75
609|8
1220  83
833  27
356  78
339  64
454  63
318  84
208  53
292  64
610|20
292  70
58975  70
70206  70
78626  70
82765  70
97988  70
107447  70
107462  70
110591  70
110746  70
118082  70
139655  70
160341  70
86644  70
56801  53
61024  82
77561  75
4816  77
62434  77
3972  73
