1|20
260  98
1927  100
804  89
3  88
1009  77
2406  82
1587  84
3671  84
2617  83
3053  89
2571  100
1222  99
2137  82
1377  78
2395  78
2761  93
2641  86
2872  79
1258  99
2700  95
2|6
2700  72
122882  70
71535  70
46970  76
58559  77
80489  70
3|8
80489  15
647  19
6835  15
5919  23
2851  14
2288  16
5048  18
4518  17
4|20
4518  30
1291  96
3408  90
265  97
52  79
4347  58
2467  71
908  76
345  46
1304  76
1923  76
2959  70
368  82
1219  54
4765  75
1199  67
4166  24
1732  86
21  58
2858  70
5|9
2858  65
1  79
364  81
608  88
290  72
261  82
34  88
318  100
21  52
6|20
21  79
318  90
775  65
141  76
348  71
104  72
327  81
410  80
165  82
87  67
366  62
17  81
1084  99
222  60
16  76
416  94
277  95
460  64
867  52
316  68
7|20
316  100
3623  30
8636  100
8360  72
1517  86
466  40
8373  74
1220  81
7155  38
8808  94
6863  57
31878  100
1610  77
1219  59
4700  60
45668  50
8970  100
27741  92
6333  51
8865  58
8|10
8865  71
47  66
231  60
318  90
454  79
292  75
32  81
141  62
380  82
252  67
9|10
252  56
923  100
5890  91
2901  53
922  76
6044  39
1987  39
5378  56
3735  99
5447  55
10|20
5447  44
33679  44
8533  52
8969  50
72720  56
88810  100
136020  72
6377  64
5943  90
109374  57
113394  41
61250  36
82167  47
140110  43
5377  78
77841  41
6942  85
1028  64
72330  41
66203  36
11|13
66203  81
1584  92
1210  100
170  76
1438  86
648  78
1918  66
493  84
10  89
457  86
1693  71
150  77
1923  79
12|7
1923  72
2100  95
838  95
2072  72
1876  87
2581  85
6942  90
13|7
6942  77
3624  63
3798  73
2174  69
47  94
3893  71
305  76
14|10
305  55
477  66
110  68
540  57
597  76
153  50
592  72
4  37
539  74
105  45
15|20
105  81
7438  84
111759  54
2329  62
1  72
1909  44
1240  71
115713  97
1200  71
293  52
2571  84
3949  73
120466  66
1198  67
2028  63
2011  67
158  65
160980  73
4306  85
4022  68
16|20
4022  70
78499  75
913  78
1136  75
1299  69
1617  79
1203  77
3429  79
2858  74
608  70
3683  70
4002  76
1199  76
912  77
2707  73
5782  72
1260  69
319  62
27773  70
2109  64
17|20
2109  86
64839  88
296  89
5952  91
527  93
1193  86
3681  82
1240  86
2717  67
2858  87
1093  80
81932  87
5618  89
50  90
5971  87
2959  90
1201  80
541  84
82459  78
1  86
18|20
1  62
65596  62
88094  62
145283  62
157110  62
166015  62
171023  62
103253  64
60684  77
44199  75
2  71
86628  75
59784  71
2918  76
109374  83
4226  86
53129  85
139385  74
47  82
1291  79
19|20
1291  44
3662  51
54  30
2733  38
1702  54
1240  60
1270  73
3712  53
1881  45
216  51
3  59
1834  83
2184  74
3017  47
2044  39
2354  40
2005  79
3146  35
3387  60
2694  46
20|20
2694  77
5419  60
4014  74
2140  92
586  100
661  64
3189  82
5014  65
1333  95
4161  62
3784  91
1030  62
5313  42
2804  83
2054  74
34  75
1097  99
6358  38
4519  54
1722  54
21|20
1722  48
117922  48
140301  48
57640  72
2985  58
2990  46
2717  56
5418  77
31433  56
112175  91
7153  82
30793  57
4446  83
52973  62
45186  61
2023  84
79185  58
1721  78
102125  62
5459  48
22|20
5459  58
2723  40
60950  24
64575  53
1193  77
70286  62
4993  54
2160  64
39183  46
7147  80
3996  100
3481  46
55765  74
48780  46
7361  100
51540  42
6711  45
2968  41
3949  92
48394  100
23|20
48394  58
3996  82
293  68
1206  78
1136  74
1960  71
7587  72
3424  70
3181  69
2467  72
1248  80
1617  79
6807  71
1952  69
6440  72
1258  68
1243  71
1080  66
8228  97
1711  54
24|20
1711  74
2617  75
111759  78
134853  77
58998  77
1265  82
1198  84
3147  75
1197  81
1220  74
2424  67
5418  73
72011  69
54286  67
27773  79
64957  64
356  83
44191  74
1682  75
68358  76
25|6
68358  97
60069  95
74458  89
79132  96
527  92
260  100
26|21
260  66
34  59
47  67
150  70
153  62
165  66
185  62
208  60
225  69
288  57
296  69
300  63
344  50
349  65
356  76
380  65
434  62
454  65
457  74
592  63
593  74
27|20
593  86
2478  62
2640  64
3508  91
3555  63
1201  96
3519  52
969  68
2080  54
673  67
2886  32
2529  91
1387  79
1101  67
1947  51
1250  100
1276  78
3114  59
1083  54
3809  72
28|20
3809  46
60943  46
61011  46
63033  46
5617  66
59369  67
60046  46
507  52
3300  65
55094  52
59018  46
26695  46
2951  74
3006  55
2231  67
5418  73
26812  52
2058  51
353  74
61167  46
29|17
61167  85
7379  75
1250  87
1201  90
111362  77
48516  82
1100  72
26554  83
3441  67
4327  87
2872  78
2301  79
1617  85
3681  84
55820  87
4223  81
99114  79
30|7
99114  97
108932  86
1200  100
91529  100
116823  98
112852  99
1198  100
31|10
1198  83
1200  74
648  81
1363  65
1073  85
1036  82
1197  98
377  75
1246  75
1270  90
32|20
1270  72
314  67
1356  91
357  61
224  71
627  100
1079  89
1084  84
318  90
761  66
1197  86
849  71
912  80
880  53
1198  88
58  78
203  77
608  82
497  82
410  71
33|20
410  70
17  82
2396  71
2272  54
448  60
428  66
265  70
1280  95
1177  81
1617  89
50  89
261  71
11  72
452  47
345  61
608  97
150  68
1188  94
800  93
2690  80
34|18
2690  57
2273  73
3717  56
26606  68
45499  93
3996  71
4310  57
3624  62
31685  54
1721  87
5146  59
7090  66
70  77
2006  100
3000  52
4306  88
27728  46
3997  21
35|5
3997  88
185  73
595  94
21  69
300  100
36|12
300  52
3066  56
552  44
4025  41
1262  67
2735  35
2359  43
1372  40
1278  73
2194  58
3347  65
1704  64
37|5
1704  63
356  86
661  72
329  84
457  97
38|16
457  51
39  58
223  65
161  73
246  90
168  58
273  44
480  72
356  75
457  78
364  77
50  83
500  60
300  63
551  74
21  62
39|20
21  81
2391  66
1921  81
1862  61
1219  87
1907  72
2081  62
2459  58
924  81
2529  76
1729  74
47  98
260  87
2080  57
592  64
296  97
3213  75
610  62
589  92
596  61
40|20
596  72
454  95
588  80
339  77
158  66
432  54
431  80
186  57
616  71
514  75
21  73
592  68
1  97
223  81
585  59
216  76
104  80
371  95
111  83
267  63
41|20
267  84
64839  70
122882  68
6287  50
1569  78
106920  70
86781  77
3160  81
1721  66
2028  68
6763  65
5418  61
53519  46
122904  67
55247  90
924  64
4011  67
2324  81
35836  54
5995  60
42|20
5995  63
4654  64
1021  51
2423  75
3248  38
4477  26
2500  86
1431  56
195  75
3326  59
2407  62
1090  83
2735  51
3693  54
1020  64
4545  69
4132  53
2263  79
3535  89
2805  61
43|20
2805  91
296  100
596  80
588  91
587  98
420  80
158  86
631  77
5  85
597  96
168  91
355  78
47  94
367  85
519  77
594  90
236  94
1  97
60  88
259  90
44|10
259  83
663  47
12  34
661  100
94  78
1  71
104  100
112  60
494  75
889  49
45|20
889  76
1036  85
2028  99
1653  89
1682  91
2396  92
3249  67
261  100
4308  74
329  82
1367  68
2890  92
593  80
1127  85
2431  78
6377  100
569  67
1197  99
1060  100
2858  87
46|9
2858  96
588  79
315  68
208  63
1  79
432  61
225  86
434  72
339  84
47|20
339  52
68932  49
72395  59
2420  53
597  57
148626  95
5989  53
96588  58
69122  52
6155  59
4975  43
30749  67
106100  94
45950  46
2028  72
4018  61
1259  86
6373  47
33166  80
2407  58
48|7
2407  98
1320  79
1527  86
1193  100
3793  100
48  85
1653  84
49|5
1653  85
1214  87
139385  88
318  95
527  90
50|20
527  36
114335  36
136564  36
142074  36
171759  36
175693  36
179073  36
175707  36
71264  58
82848  36
1377  44
44555  72
8157  61
6807  75
95543  46
8253  35
96610  49
924  64
32875  36
4896  55
51|20
4896  42
5620  66
2613  53
4437  61
2023  81
1500  85
522  70
858  100
4508  69
2951  82
1014  80
1407  76
2282  50
2420  84
3388  45
260  100
3186  100
3994  88
3501  47
2371  73
52|20
2371  97
51255  95
74458  86
1923  86
7438  95
40583  77
59784  82
55765  94
112852  98
86892  91
55363  97
112138  86
49272  91
52245  91
69481  91
50794  70
1704  92
54736  79
44665  85
47200  85
53|5
47200  89
1100  75
249  100
1125  97
916  100
54|7
916  63
593  69
639  62
1  65
205  51
161  58
500  64
55|5
500  26
673  13
3275  83
2890  53
4011  73
56|10
4011  62
253  75
165  75
110  90
589  89
370  77
434  65
410  73
69  83
185  65
57|20
185  85
942  87
920  100
3175  67
1784  64
3429  86
933  82
1193  78
3446  34
160  43
1499  34
2640  60
892  68
11  71
2947  79
6  80
2478  52
2291  76
1688  69
2301  70
58|20
2301  82
282  100
185  73
419  55
367  54
277  50
48  85
280  100
337  69
345  83
3  83
357  100
527  96
587  80
218  75
500  71
508  84
368  65
364  90
353  68
59|20
353  50
6460  100
3489  100
1188  55
1222  75
2076  91
3448  75
1263  100
1247  90
527  92
1244  90
904  90
903  83
965  70
2616  55
1953  81
608  100
105  63
912  92
3471  82
60|5
3471  72
58559  81
805  72
455  57
858  76
61|8
858  84
1101  83
7438  82
173  65
555  83
2012  78
4878  84
3949  80
62|20
3949  93
176371  94
3793  84
56757  76
73017  85
30793  76
179819  76
68554  77
185135  93
168248  95
5903  85
4878  82
2028  92
5502  83
6058  73
344  67
1721  76
45499  81
41566  89
78105  62
63|20
78105  61
4246  62
48780  80
500  70
6016  77
31658  80
2858  77
64285  74
85414  68
1221  79
106696  51
4963  72
50  81
1097  78
260  83
110  82
1222  67
4979  86
5952  75
77561  78
64|20
77561  82
3101  73
2640  71
2959  89
8784  84
2054  63
4239  83
4025  59
5026  85
40819  82
266  70
2699  65
27266  85
3969  69
1805  57
6296  81
4776  74
3148  73
4262  81
356  84
65|7
356  74
33660  84
7458  70
2329  82
4993  85
91542  77
3147  90
66|20
3147  96
47  84
5418  84
922  93
2139  83
2956  75
3745  78
1956  85
4581  65
5349  78
1210  85
1094  82
2001  73
380  71
6539  85
671  94
1  89
6378  81
7766  91
296  99
67|8
296  85
4306  80
27193  67
79132  88
60069  72
2012  63
4886  81
4993  72
68|20
4993  55
95218  55
6534  65
48696  65
67267  77
30825  63
1799  66
3556  60
8622  65
4351  64
63113  72
58295  64
7151  73
2413  71
6287  50
653  50
41566  68
5541  61
260  77
48043  70
69|10
48043  81
4848  87
3671  100
2476  92
1193  94
356  97
553  89
4022  86
260  100
3994  78
70|13
3994  91
1097  81
1914  81
1269  88
4995  83
318  94
8949  84
1968  90
1210  80
89492  99
1250  94
1235  87
2366  71
71|7
2366  82
647  81
736  63
95  56
733  78
589  90
7  49
72|9
7  78
150  85
858  88
2490  85
1357  86
260  92
50  88
1198  91
1196  86
73|20
1196  93
45720  81
105037  55
6333  80
59315  76
76293  67
138204  73
2706  76
152081  79
45221  47
68135  96
150  69
8376  81
93510  71
59784  75
116823  71
106072  62
1682  73
52245  46
35836  89
74|20
35836  62
2594  84
2908  86
30749  91
6870  82
3006  78
52281  75
49772  71
55118  93
2997  98
6305  100
608  87
4546  87
41863  94
27773  86
6001  94
1251  100
6552  78
46976  80
44555  89
75|14
44555  66
1240  70
5952  65
2193  67
6870  55
2529  57
168  54
541  56
3176  51
1962  56
2078  73
1889  75
1266  64
1374  71
76|20
1374  34
5956  52
2918  52
58803  58
1247  71
74458  89
7669  73
79132  51
8957  35
858  63
55820  93
1258  100
63436  52
1201  76
1208  47
48  69
288  53
34405  50
1  60
1196  63
77|6
1196  67
4973  75
7361  81
8636  75
3578  95
33794  86
78|13
33794  84
165  77
3809  69
589  69
546  33
27904  74
260  90
590  58
480  75
68791  85
344  57
44974  100
380  68
79|13
380  89
3029  92
589  87
1916  96
307  83
4005  75
260  91
1189  84
1345  76
2000  72
1374  74
2659  58
2076  85
80|20
2076  81
96691  81
84189  77
91630  83
49530  84
8950  91
6539  92
4223  91
5630  79
3527  88
76251  86
80363  71
52604  91
6502  89
34048  80
1221  87
60684  86
6952  72
5989  90
77561  82
81|26
77561  66
32  67
47  67
110  75
150  70
153  62
161  65
165  66
208  60
231  57
288  57
296  69
316  64
318  79
329  65
344  50
356  76
364  72
367  58
377  71
380  65
457  74
480  65
588  65
589  70
592  63
82|20
592  71
2381  52
2378  64
6566  58
368  69
6536  75
3253  62
4310  73
1608  69
1372  66
145  59
356  79
6708  70
1485  66
4369  69
6564  60
6888  51
5803  59
4015  60
364  75
83|20
364  62
7143  63
7323  49
6539  61
161  64
586  45
2115  66
1270  71
6874  82
2324  96
1537  71
7153  91
68954  64
48774  69
30749  54
8014  58
1222  84
3753  48
1223  75
64983  77
84|20
64983  59
987  59
912  82
1096  86
420  57
1227  81
113  53
580  55
5060  83
1293  68
900  70
1097  78
62  69
368  80
1305  79
1247  90
1296  94
11  82
1073  82
1094  70
85|7
1094  43
1624  39
1140  43
1694  49
1643  91
1747  79
1635  87
86|14
1635  83
4310  67
6947  74
2411  69
457  86
5418  88
3996  72
4901  76
1835  70
33794  83
1196  81
3555  76
1097  73
2687  68
87|5
2687  60
2009  78
3504  92
671  74
2139  85
88|12
2139  51
74795  81
4993  91
68157  89
5952  89
1193  98
223  79
8665  81
4262  81
56782  100
8677  42
58559  98
89|104
58559  39
32060  39
44851  39
53280  39
53578  39
67888  39
69211  39
81087  39
84246  39
103602  39
108078  39
109596  39
118894  39
121007  39
128089  39
128944  39
131098  39
131439  39
134847  39
140481  39
146684  39
148632  39
150554  39
164226  39
30793  43
169912  42
87869  51
1923  59
4015  32
950  68
173253  39
2324  57
27826  39
92259  92
11  62
3977  56
86298  45
8154  73
77688  39
2997  90
170837  39
49274  41
157775  39
1  53
142196  39
99117  45
62008  39
72624  39
108156  47
3752  43
2059  35
128520  67
3175  52
133879  39
48649  39
126088  39
5529  39
65588  39
99130  39
40962  36
1732  63
68659  42
91666  39
2683  37
3751  51
750  85
6650  82
149508  39
2395  48
51575  40
65230  41
171751  39
85881  65
139157  39
6863  82
4246  44
108949  65
1230  60
160567  59
73319  46
177185  39
130520  40
5220  32
121338  39
153386  39
50872  63
149566  39
145491  39
4890  55
129354  54
32243  39
84944  83
6402  39
1288  59
140133  39
119141  33
947  81
176621  39
4973  77
158398  39
69469  39
54503  53
141928  39
102481  59
90|11
102481  56
1144  56
581  92
81  78
892  75
1073  96
116  64
896  55
17  66
7  67
613  50
91|20
613  49
6395  49
8147  49
7153  76
3360  74
2791  75
3897  84
1080  64
4850  57
3429  76
7000  73
2060  70
2916  67
1391  78
2100  68
318  89
2146  73
1225  76
1246  72
8501  71
92|5
8501  81
2114  84
1015  79
2454  95
1801  88
93|20
1801  88
1917  81
552  83
1721  87
539  85
480  87
1372  89
368  83
2355  90
1923  89
2193  93
2006  77
339  84
1097  90
1591  79
260  99
2968  96
1676  79
593  100
558  80
94|12
558  45
377  64
367  66
364  84
288  35
19  57
10  64
586  43
590  59
380  69
589  69
318  95
95|20
318  84
4878  87
6979  81
4732  61
3019  84
5246  55
32  87
2952  76
1247  90
1198  99
5283  70
3361  95
1513  74
2009  77
539  76
122  62
1584  91
1240  93
4262  89
5349  85
96|16
5349  79
1094  52
272  58
3819  100
150  78
2021  56
2571  100
1214  100
2058  91
1220  62
733  58
2340  94
1721  72
2396  89
367  58
1291  86
97|8
1291  79
4306  92
3578  97
4993  94
4963  94
4299  74
3981  85
4161  77
98|19
4161  87
8961  73
122912  91
5299  65
63992  84
187541  52
56152  94
134853  89
69644  69
6863  62
5618  99
56801  54
3499  88
134130  90
74789  54
82461  79
1258  100
88810  99
79132  68
99|11
79132  95
161  100
420  81
592  83
196  62
122  73
145  100
150  100
316  96
236  72
588  92
100|20
588  84
296  83
1393  81
95  71
592  74
605  68
6059  83
28  88
2245  76
62  79
4308  77
1777  79
838  80
2125  84
1288  83
234  60
1197  89
2005  79
4014  83
4623  76
101|13
4623  76
3285  99
2723  72
2700  87
2908  100
2390  79
3175  100
2395  70
358  52
2702  79
3394  59
2997  79
2502  94
102|12
2502  63
588  82
150  73
592  72
253  72
480  77
344  88
539  72
553  100
593  92
586  66
223  83
103|20
223  62
1954  82
60040  67
1968  83
77206  62
2161  73
1732  95
81834  82
608  84
2384  63
4254  51
104  62
139642  70
56782  92
2096  75
101  88
6534  53
374  44
60069  89
30793  71
104|20
30793  62
743  48
5218  79
8643  69
1288  88
47997  76
468  67
76251  72
8533  77
4018  74
38038  91
1566  68
7361  77
6060  65
3034  67
1641  72
4641  78
108190  70
616  61
7034  70
105|20
7034  68
69685  68
95311  68
95313  68
110586  68
141816  68
141818  68
170597  68
172587  68
172793  68
173351  68
173535  68
6433  70
4974  64
70286  78
108981  68
95175  68
69122  79
1243  77
3916  85
106|7
3916  98
72998  76
59501  78
86880  77
5349  82
53125  72
59784  87
107|7
59784  68
253  77
590  82
165  77
434  73
208  68
318  99
108|16
318  78
6022  48
4995  100
2585  81
5316  77
4975  63
3978  94
5349  84
2926  53
4246  95
4878  100
4994  76
1968  72
1684  76
497  100
5380  74
109|20
5380  64
1033  68
231  61
364  72
589  70
480  65
62  62
31  58
587  67
1032  63
586  54
778  75
540  50
256  55
163  68
252  57
223  73
553  67
537  55
168  53
110|11
168  81
2468  51
1198  80
1089  81
1222  83
1208  90
4881  83
47  81
527  93
1193  82
2428  59
111|20
2428  43
162602  43
171251  43
2145  53
96588  63
65088  52
66203  67
84772  49
2081  69
91529  82
6365  72
45666  35
3255  57
1282  66
6539  57
86833  66
122882  77
59143  65
86911  57
5283  48
112|13
5283  42
161  58
1917  55
16  84
21  81
208  68
434  70
39  49
3717  50
19  41
110  71
32  91
70286  60
113|20
70286  36
39  46
3168  83
932  88
2331  40
3359  76
1086  64
3504  83
1339  76
904  83
3546  36
4063  29
4062  82
1077  82
1589  40
2475  48
3831  98
46  45
1733  94
4007  84
114|7
4007  55
54001  59
2291  74
167732  55
122886  61
8961  72
3147  68
115|20
3147  91
2804  94
1387  100
2792  41
3146  62
3273  49
3052  88
2841  66
2719  77
595  85
2700  78
383  50
2027  35
2148  46
2770  52
3785  63
2916  86
3175  59
588  85
1377  64
116|18
1377  64
858  77
1299  72
62383  66
1339  49
1276  77
597  62
1029  82
1101  63
2797  69
2657  58
1961  87
1407  54
5995  75
1704  81
165  77
2115  73
8360  78
117|20
8360  67
587  71
589  74
151  66
36  67
1036  78
595  73
288  62
596  59
48  59
315  58
454  71
353  65
474  72
10  68
60  60
805  75
491  60
616  67
485  60
118|5
485  84
1625  68
153  61
1961  77
1810  75
119|20
1810  66
117176  89
1092  70
91529  87
74458  87
4387  88
79132  85
168252  92
44022  83
78499  86
122904  84
106782  91
442  80
4993  90
31685  76
6365  77
141004  74
4148  77
88744  80
8644  83
120|5
8644  92
32  77
5  81
631  44
52  66
121|12
52  86
440  66
161  64
527  82
292  64
344  57
186  52
316  67
1  75
19  49
163  71
337  73
122|20
337  93
69784  89
7022  100
148652  81
4816  92
56174  88
94959  100
81591  91
71535  95
30810  92
2997  97
1732  99
108932  95
780  87
1090  100
3253  95
106782  94
72226  100
1200  96
1214  94
123|12
1214  77
115569  83
79132  81
109487  84
1196  83
4226  84
296  82
7153  87
143458  69
47  81
96829  87
2858  78
124|10
2858  75
2161  84
260  91
175  79
1358  90
6377  91
4226  84
3147  88
608  85
1223  85
125|20
1223  56
86721  56
110330  56
54503  85
72011  75
162578  88
119145  65
176371  75
55247  73
1240  84
86332  76
68157  82
112623  64
4082  50
160567  79
3342  77
109487  74
88140  67
98607  56
81562  78
126|8
81562  71
349  65
231  52
380  63
410  75
300  54
253  55
457  77
127|5
457  62
903  97
55276  100
5060  58
272  87
128|7
272  89
965  85
926  90
1066  86
1721  75
1080  67
1198  83
129|20
1198  77
480  77
3698  72
2692  87
2138  83
1968  81
8368  83
653  68
7143  84
316  70
6874  82
239  70
2916  74
733  80
4896  78
2028  81
3977  69
3000  82
1907  75
31658  86
130|6
31658  59
316  67
292  74
110  94
590  70
296  78
131|14
296  60
6947  62
58559  76
908  75
4878  73
89745  69
7256  70
68237  72
2722  58
2028  70
48516  78
3178  65
64614  74
969  67
132|20
969  54
3275  69
4995  64
2987  61
7444  55
3262  56
4168  53
31658  67
44191  66
1089  68
3967  68
5502  57
50  70
58559  69
5992  62
2108  59
1844  66
2657  47
47  61
2470  53
133|7
2470  52
356  71
589  65
150  65
153  52
380  63
527  75
134|7
527  70
595  77
349  70
380  72
367  69
509  69
296  86
135|20
296  72
4084  63
893  61
3994  74
2004  73
608  85
1358  86
3852  79
3489  74
1614  47
1198  84
4128  74
1883  70
2302  60
1291  85
410  56
1261  85
4022  80
4881  92
1077  88
136|20
1077  67
193  46
585  44
338  65
277  100
380  73
181  44
337  81
437  44
165  80
611  60
151  66
340  69
252  57
432  47
552  57
350  54
280  79
273  100
150  69
137|20
150  82
2716  78
1198  88
750  93
919  78
1270  85
318  87
150  77
2997  85
1200  85
6986  57
7153  89
1242  81
110  78
33493  67
1197  89
2959  88
1237  89
903  82
7762  93
138|5
7762  60
1960  100
1959  61
849  54
3996  62
139|20
3996  38
7445  44
60684  47
4865  48
68319  34
7090  54
5502  36
260  49
8371  34
53953  42
58025  39
106782  48
6957  40
7163  29
3827  37
3624  33
52722  31
54259  39
4367  37
115617  45
140|20
115617  58
5299  67
1393  70
356  86
609  61
32596  57
4795  63
34072  63
1617  77
5256  59
5943  51
1084  73
4337  58
3108  92
43396  73
4719  60
1005  48
4321  65
5812  72
4259  73
141|20
4259  73
54503  73
4963  73
2478  61
71535  75
317  66
68954  75
54286  72
6365  69
54272  69
4447  64
5502  65
6377  83
6373  65
1265  73
91529  74
2502  78
441  71
1517  67
48516  76
142|8
48516  58
384  73
588  74
50  77
527  87
356  83
337  69
377  72
143|15
377  83
61250  66
6942  47
7169  60
8533  72
106696  59
3421  55
87232  82
78316  61
69069  43
59421  34
2144  50
96821  70
7173  94
500  72
144|20
500  80
541  78
8368  79
597  71
590  79
410  64
1246  78
527  77
356  82
500  69
19  60
2700  71
434  68
733  73
780  72
1036  79
5377  80
552  68
586  73
2081  74
145|5
2081  50
339  65
380  71
318  97
588  75
146|7
588  71
3257  54
32  82
1367  54
3686  51
410  62
47610  73
147|5
47610  80
168  100
552  59
555  67
2395  71
148|10
2395  68
5618  97
108932  86
81847  68
72998  64
5816  64
8368  75
7153  69
81834  76
4993  75
149|12
4993  70
1374  49
1831  41
1527  57
260  75
173  40
1206  87
1200  87
2021  68
1580  54
1391  79
1375  37
150|6
1375  82
1356  98
5  56
95  67
733  78
1073  73
151|12
1073  75
562  99
780  87
837  70
747  57
1265  100
828  77
1073  100
1  95
648  88
1393  91
1359  100
152|13
1359  85
2959  88
116897  85
89492  74
1193  79
69481  75
85774  59
115713  80
111  85
92259  89
1234  80
79132  77
318  87
153|20
318  60
1732  75
8533  28
4014  78
81456  36
106782  91
8528  57
6863  17
87194  27
2617  21
1246  55
106100  56
1954  56
7458  21
4226  64
89904  78
72998  38
133780  18
586  45
36535  49
154|7
36535  95
119145  82
81834  96
122904  96
106072  70
76093  93
77561  72
155|10
77561  71
3286  51
1200  78
260  88
141  67
2355  72
2384  60
2948  65
432  60
2959  82
156|20
2959  51
31038  51
1230  69
1711  90
3341  82
6296  71
762  43
2361  82
2076  86
4784  63
661  74
2926  96
8571  51
47  71
3176  67
58  71
848  67
866  90
1485  66
923  74
157|5
923  47
3617  100
2720  28
2770  72
527  77
158|6
527  63
2605  79
2872  72
2723  59
2428  71
66320  61
159|20
66320  73
60069  86
45720  87
597  73
4022  64
89864  53
49286  59
140110  45
84954  47
4447  55
1197  67
68954  80
6942  53
1961  63
106696  65
480  97
539  50
166643  76
40819  62
63082  70
160|20
63082  14
1371  45
1198  100
196  36
3408  52
5349  48
3213  61
2408  28
839  12
3593  17
2748  6
533  44
1975  20
1676  100
3745  51
2011  54
733  48
3826  28
778  59
2840  39
161|8
2840  98
7247  100
47610  90
1223  82
38038  82
3429  95
2144  84
2336  100
162|8
2336  95
225  91
168  92
50  100
300  84
266  81
31  64
62  100
163|5
62  60
1810  71
1747  43
1777  61
1837  52
164|8
1837  89
2916  84
110  97
589  90
3527  78
1101  81
1201  97
2167  75
165|13
2167  71
3624  62
110  81
5505  63
5527  76
3256  70
5956  65
5418  81
5530  52
5450  77
1127  78
3409  61
5881  55
166|20
5881  82
1721  71
4011  89
5378  69
3481  79
49530  83
2353  77
47644  65
54272  80
8961  91
1198  89
2542  88
1036  86
608  86
434  68
5219  73
5418  86
2396  82
349  77
2324  91
167|20
2324  60
4886  74
778  85
3052  76
7147  70
6857  99
45501  54
6480  44
1682  66
2231  63
784  94
33794  67
2083  72
2413  75
6333  56
8961  74
2139  72
150  76
6773  66
35836  67
168|19
35836  85
1248  100
1201  90
1089  93
296  100
923  95
1222  88
5291  89
3543  93
1302  75
3362  91
1148  93
3101  72
57669  85
2076  90
1729  87
908  100
85354  75
80463  87
169|20
80463  93
2028  91
364  92
953  97
4886  93
5400  76
8644  90
524  78
2795  85
1022  79
3114  92
3967  90
1517  85
1035  94
8641  86
6365  92
661  86
457  94
3287  66
1416  79
170|10
1416  83
296  90
586  61
377  68
34  57
592  62
277  56
500  63
266  63
588  66
171|17
588  82
1220  91
1025  83
801  80
1259  99
1079  91
828  84
317  78
869  90
380  79
1136  99
1225  97
661  84
318  100
47  90
1198  90
1208  91
172|6
1208  60
3578  78
7438  78
2072  65
3793  86
2762  78
173|5
2762  62
329  57
586  46
597  72
588  72
174|14
588  93
520  82
224  67
648  74
161  84
317  68
158  70
780  89
315  80
485  84
282  88
440  73
350  76
10  71
175|5
10  57
8911  30
43904  19
38388  54
8362  34
176|8
8362  80
434  60
39  68
368  86
380  76
780  76
47  83
471  69
177|20
471  53
91542  73
6332  60
3668  71
45672  62
783  75
27706  56
2657  48
114662  67
1206  77
83132  77
5218  58
508  73
3114  73
1321  81
2176  86
8798  61
88140  70
2012  65
339  75
178|16
339  92
527  100
2329  86
5995  80
6502  76
4235  89
1198  79
208  67
6539  79
296  99
349  76
10  74
4226  97
1240  92
2579  85
318  96
179|14
318  69
589  87
161  80
231  66
288  65
743  57
1061  78
317  72
786  69
592  74
671  76
296  79
434  69
364  90
180|5
364  85
260  84
1748  83
1242  77
2140  76
181|20
2140  56
593  68
596  81
353  54
539  71
516  61
132  62
169  35
25  52
31  74
542  60
6  61
707  54
185  55
464  62
502  39
415  60
480  90
592  59
344  48
182|20
344  43
6969  43
3911  62
2728  91
4313  61
8042  86
1291  82
3113  53
3578  67
1590  42
161  67
4452  63
224  61
4980  52
4262  66
2353  65
2890  81
1127  79
541  93
6041  61
183|12
6041  79
380  84
1196  86
2951  73
2534  52
4085  74
1287  78
2194  93
3247  59
1233  83
2662  68
1408  90
184|20
1408  45
181413  45
193565  45
97304  77
74754  100
168250  88
191005  45
106072  66
166291  79
127152  84
86332  77
80463  100
5816  66
122898  64
81845  90
5810  89
170813  70
174479  45
112852  91
148626  80
185|10
148626  56
2396  68
5377  79
1721  55
5952  74
1393  62
595  75
2085  71
4995  74
899  86
186|20
899  84
1214  86
1291  90
3745  88
1269  94
2527  81
2532  69
4361  85
1307  88
2968  81
4306  89
2541  84
1702  76
480  82
1097  85
3977  66
919  84
3527  85
593  94
1196  87
187|20
1196  37
3949  66
49272  81
231  75
1206  92
6874  84
1729  62
1209  63
48394  85
6502  64
2701  31
4027  74
288  100
2542  64
7153  75
39427  53
6890  83
1222  81
8949  66
1748  85
188|10
1748  75
1212  95
594  79
1282  89
3469  91
2396  90
1091  65
3341  82
1264  84
2206  92
189|5
2206  82
4993  81
79132  80
2959  87
58559  83
190|14
58559  86
4776  85
8784  89
4995  79
5630  80
4306  79
30749  73
1221  83
4975  63
8961  86
858  83
8464  81
69844  83
7438  79
191|17
7438  31
21  82
72  45
175  84
494  58
417  100
17  86
6  97
85  75
292  45
314  58
58  100
235  67
213  82
161  74
160  36
162  97
192|5
162  79
288  50
316  65
349  82
432  52
193|7
432  70
55442  80
4878  65
6016  66
307  100
1270  62
5618  67
194|5
5618  84
1396  73
1500  69
1288  72
5060  78
195|20
5060  83
2770  41
1041  87
1653  71
1923  57
3160  60
4723  49
1863  53
2336  100
2166  78
4308  68
1909  59
260  81
2028  82
3252  68
2908  62
1392  88
1365  72
70  76
190  76
196|7
190  66
3578  83
59315  78
58559  78
364  85
1214  71
110  88
197|7
110  61
1240  81
1882  47
786  72
2167  75
153  60
1784  74
198|20
1784  41
3499  71
920  100
1213  76
3949  71
1994  63
1485  45
2572  64
4019  84
1089  84
110  66
593  97
4128  61
1270  99
4886  83
1079  99
2117  68
912  87
1573  49
1682  72
199|20
1682  79
2165  68
2280  39
736  58
5673  88
349  67
5502  40
482  68
8532  42
1172  66
300  55
50068  65
4881  67
3175  61
7445  50
2973  68
34338  90
41997  88
1956  100
377  66
200|20
377  69
7022  82
50802  70
3968  64
2485  70
500  73
5610  66
590  73
1029  82
53996  65
2572  81
4993  88
4041  100
57640  85
1302  71
1784  70
6383  50
1653  86
1569  67
1517  72
201|20
1517  99
1527  73
1584  75
2858  84
339  95
589  94
2717  61
994  100
788  82
1196  96
2797  83
733  82
1259  85
2174  95
1198  100
2455  100
1569  80
1213  100
160  70
24  82
202|20
24  59
924  81
29  87
2289  80
1197  92
1196  88
2966  76
161  81
608  82
1209  84
1296  78
3194  76
1784  74
469  78
923  76
2000  81
1587  52
1719  91
3147  87
32  82
203|9
32  78
8665  73
2407  63
5952  90
590  71
49272  82
40815  80
333  72
296  81
204|17
296  77
3949  78
33794  77
48394  66
27075  47
1080  70
79008  85
6104  95
8874  90
81591  70
4878  83
91658  73
711  69
2313  87
86320  74
55820  89
5218  75
205|6
5218  87
99114  74
91542  77
5816  71
95167  71
96079  67
206|5
96079  100
608  100
733  79
140  75
141  74
207|5
141  100
2428  34
2707  100
3740  43
100  76
208|6
100  100
2628  73
380  57
2353  92
2278  90
2762  73
209|7
2762  78
1291  81
68157  75
74458  71
185029  86
122886  80
88125  73
210|20
88125  66
34405  84
166203  66
3147  92
31696  79
7649  80
58559  100
2105  85
6365  78
34397  66
4625  60
84772  68
122926  91
76093  90
62836  66
33493  81
1584  90
47610  92
108932  74
122918  89
211|18
122918  86
63113  77
90405  70
57669  83
60684  76
7153  85
73017  81
2105  75
4367  66
356  88
2642  62
1556  47
318  88
44665  83
85414  75
1198  86
1136  85
260  83
212|20
260  72
122920  68
122892  63
2571  76
5218  68
48394  66
3578  72
1196  75
135143  69
74795  68
179401  76
79132  77
77800  73
108932  63
110102  73
96821  69
8874  76
65261  76
59784  69
2291  70
213|17
2291  70
87520  58
80363  71
76251  84
8957  64
2860  72
1234  80
5419  75
51935  84
69844  82
39446  70
4132  62
858  84
69526  63
4558  67
49530  78
58559  86
214|5
58559  55
628  54
743  46
1363  57
802  60
215|20
802  90
4973  80
63082  90
1291  74
2028  88
3252  66
3210  64
1968  80
1247  79
49272  74
1089  71
72407  50
5650  81
318  91
1208  85
2000  74
1197  85
1196  83
1297  65
4019  87
216|20
4019  95
21  74
3996  100
3946  54
2946  67
3993  72
3897  71
2599  79
34  75
3994  70
4034  82
3363  72
1965  58
3422  75
3555  79
3253  56
2087  74
3986  50
2018  87
1923  84
217|20
1923  50
3434  50
1275  66
2468  47
3197  84
1912  76
2302  53
1876  54
380  67
1221  72
2471  45
1918  57
1385  52
3165  61
1590  52
1562  35
1703  52
2056  50
1831  38
160  47
218|6
160  40
2692  79
1380  48
1198  100
6934  58
5349  66
219|20
5349  49
2115  57
59315  74
6539  69
442  49
30707  72
1704  66
180  70
1219  70
1005  33
27773  100
56156  66
6188  85
6721  70
30825  52
2997  92
1552  52
1500  64
2890  77
1921  100
220|20
1921  82
733  79
1198  93
3994  75
6539  89
1258  76
1917  79
4545  70
33794  90
165  82
71264  93
4623  83
53464  72
5218  84
6365  98
3751  76
32  76
1036  91
5502  80
1591  54
221|20
1591  61
7013  86
8529  76
1080  79
3246  95
2871  89
1208  85
7063  92
2702  60
4029  93
5954  79
2352  74
922  88
2997  83
1278  82
2858  85
1212  90
1959  76
1961  85
3671  85
222|20
3671  53
100498  39
48516  80
1249  76
99813  76
91529  77
59900  73
93287  73
1721  64
2706  65
3273  45
2411  59
64622  69
7143  68
87869  66
778  70
30825  66
42011  47
673  56
64839  67
223|15
64839  53
6711  67
1  81
736  53
1961  80
457  74
2716  63
48394  69
608  57
8784  61
48516  64
3863  52
4306  75
260  68
2683  43
224|11
2683  42
3044  82
356  100
2915  74
289  51
3668  72
1270  84
2797  86
1721  72
2716  89
1259  75
225|15
1259  79
1285  61
588  79
1717  61
2791  76
1321  53
1136  95
1197  100
1753  61
2004  55
2371  83
1407  69
785  77
1060  69
3024  62
226|20
3024  54
32666  54
3552  80
542  47
1240  93
3098  74
2804  78
3668  68
3653  75
2231  71
145  62
2253  42
3052  73
2628  67
762  56
53129  100
4816  68
16  75
2144  85
46948  87
227|19
46948  84
52319  82
81845  86
109487  88
134130  83
215  82
48738  88
47099  86
1196  84
32587  83
912  84
55721  80
1682  82
750  87
778  91
40629  81
97913  83
70286  78
150  81
228|5
150  86
1373  72
362  94
318  88
3113  90
229|13
3113  85
589  85
377  82
45  82
587  81
5  70
475  96
442  73
597  81
364  87
213  100
110  82
527  96
230|20
527  53
52715  53
47  51
7438  69
527  52
3147  57
45499  55
6537  58
2291  68
1387  62
6863  59
1485  66
595  71
4022  63
2096  51
588  60
4034  58
1676  44
8644  51
2641  57
231|5
2641  78
858  74
593  83
1198  79
109487  97
232|20
109487  58
41769  58
57526  58
70336  50
8644  80
1586  58
44972  46
4019  82
43928  40
30883  43
65802  57
8376  75
39292  81
1035  78
66198  61
66097  67
32011  54
6564  72
7451  70
33164  51
233|20
33164  58
3751  71
48516  77
1721  55
356  71
106100  65
162600  64
608  71
7153  74
134214  74
57669  76
122920  59
2329  77
4239  69
7371  64
3977  41
3147  73
3948  63
49272  72
5418  69
234|20
5418  60
2140  83
172  39
126  44
1562  46
4519  100
153  61
2710  44
3624  68
3483  94
1391  49
438  73
1460  70
2987  74
65  43
260  100
1359  55
3175  69
588  73
2080  100
235|13
2080  77
736  65
500  89
454  61
592  71
235  72
595  67
32  80
527  86
648  72
223  91
588  73
377  73
236|30
377  69
1278  69
1345  52
1350  69
1387  66
1388  61
1982  60
1997  64
1998  52
2447  61
2459  57
2490  67
2496  64
2502  71
2505  60
2542  72
2572  74
2580  79
2596  68
2598  60
2606  63
2657  57
2683  52
2694  61
2718  66
2770  57
2806  56
2858  68
3024  63
3052  58
237|10
3052  67
4254  45
94959  69
293  71
1371  50
1193  64
7361  72
7980  76
43936  61
1374  65
238|9
1374  69
3528  66
4265  61
4901  62
4238  80
593  78
4499  80
4957  55
1193  79
239|20
1193  94
5459  68
4085  73
380  74
95  68
7445  76
608  82
7147  83
6378  81
2115  79
4896  82
36529  78
3994  83
33679  80
47  89
590  79
4022  83
208  66
733  75
51662  79
240|20
51662  73
543  63
480  80
367  83
810  50
500  80
546  59
110  98
173  64
1  77
542  67
104  85
34  83
174  60
204  60
225  94
383  75
262  89
434  67
420  88
241|16
420  58
71899  85
527  69
1206  73
1193  73
99114  81
100714  92
8981  79
53123  100
116897  81
56367  73
3910  72
106782  83
115569  75
4235  82
48780  81
242|7
48780  64
380  66
231  60
457  75
592  67
454  68
111  74
243|8
111  76
353  83
62  80
588  83
193  67
586  89
181  63
376  77
244|19
376  100
1049  49
110  87
257  57
165  65
151  73
1090  87
3755  83
2278  68
648  78
1580  88
1957  67
1610  82
1196  100
3256  78
1573  63
1242  89
3753  65
2243  51
245|5
2243  63
2739  75
3114  54
3274  47
1361  59
246|20
1361  85
616  78
1680  100
6016  92
3081  79
44191  94
60684  93
4973  92
1732  82
1298  96
53125  86
2291  90
2692  92
293  90
4011  90
5013  88
60069  88
48082  91
82202  62
95167  78
247|20
95167  77
593  77
2858  80
49272  73
1961  74
44191  86
527  76
116797  82
68358  71
122886  85
480  72
223  76
1265  75
2078  70
1198  79
1682  74
6377  82
1089  79
953  80
919  72
248|11
919  79
1198  75
166528  66
176371  74
316  65
147374  63
102903  63
189333  75
122912  65
58559  79
5218  68
249|20
5218  64
102903  67
2167  76
94959  91
84601  73
2395  90
97306  78
3408  80
89047  64
91500  74
91542  78
40815  82
69844  82
904  89
46723  75
3826  59
68791  77
88812  69
67695  62
50  89
250|6
50  89
2407  79
318  99
1597  64
1246  93
8880  82
251|5
8880  100
293  99
356  100
318  100
1089  99
252|8
1089  83
89745  93
6377  90
164909  92
1682  90
166643  100
143355  88
78499  89
253|10
78499  95
916  92
608  96
2300  76
7099  97
4217  85
26366  67
1192  100
4642  100
3363  90
254|20
3363  88
44195  89
207  72
49278  78
6333  73
780  78
110  78
1210  77
49272  84
27846  80
32587  75
2571  87
44929  82
47  76
293  81
1580  75
5995  81
32  79
592  69
48394  83
255|9
48394  87
4467  43
2023  100
3501  28
1663  68
1394  38
3392  100
2542  50
2915  100
256|20
2915  75
88744  78
377  81
4973  89
53972  74
118696  74
95441  66
104841  76
71535  82
2953  69
81229  84
53121  69
30707  81
2571  89
68791  83
170  74
6942  80
90405  75
6537  75
33493  82
257|5
33493  77
594  61
2502  73
494  100
2406  73
258|5
2406  74
7147  82
72641  54
76093  63
47099  71
259|6
47099  53
5945  25
1784  46
4886  74
1356  51
1584  47
260|20
1584  80
3556  83
162  82
903  87
5690  100
6337  73
4878  78
5617  94
342  59
5219  47
2997  79
8011  71
1206  89
3317  71
6709  52
8874  72
2348  79
3822  79
2959  89
8645  81
261|11
8645  80
16  93
2060  75
296  90
2723  59
1682  79
4085  69
2194  100
7361  88
4238  54
58559  79
262|12
58559  45
539  57
457  73
322  64
339  68
85  52
26  61
17  79
213  35
273  44
593  75
728  52
263|20
728  73
150  74
500  70
2987  73
2953  53
110  83
4226  85
8370  83
1197  86
7458  70
708  74
1111  100
2125  80
6942  75
5013  71
163  66
457  78
8636  73
1967  76
2085  72
264|12
2085  98
1376  70
151  61
5816  76
1907  84
1320  63
1917  64
150  78
3578  85
1090  88
253  62
1876  51
265|20
1876  60
316  64
253  62
1302  73
724  63
1240  71
3504  73
230  66
3831  66
1956  81
3098  78
529  73
1270  73
3791  70
1177  80
2322  62
1488  68
2474  79
1198  85
1962  74
266|20
1962  27
2812  27
2700  61
2278  70
24  63
2770  40
2702  33
64  35
1405  74
2580  75
1527  66
2167  36
457  73
1580  67
2300  86
1923  77
2094  47
132  64
2571  78
2097  33
267|12
2097  70
593  79
1175  76
3006  71
1302  98
3999  44
3113  83
1093  77
589  96
2571  89
923  72
3996  91
268|20
3996  67
587  58
1125  47
1911  38
2802  82
1036  76
1370  56
50  72
2064  73
1784  51
1912  66
1966  55
454  64
1234  94
2247  59
1394  71
2829  42
802  44
260  90
2858  91
269|6
2858  72
743  52
95  67
1  87
63  59
648  68
270|8
648  59
62  54
79  43
628  70
14  83
1356  90
141  57
25  74
271|9
25  69
32  66
2791  62
969  81
6787  65
2858  73
55765  79
1320  55
2288  71
272|7
2288  65
1240  79
51662  71
122922  71
49272  77
158238  81
6365  67
273|11
6365  89
593  88
500  74
608  85
223  80
111  100
150  87
21  76
466  63
235  100
520  77
274|20
520  59
2947  83
3037  80
1645  60
4951  65
2036  58
1359  52
35957  65
553  76
76293  65
3918  59
1503  54
45431  68
4816  84
54999  77
5667  59
4876  65
56805  70
1921  80
54004  73
275|20
54004  74
2289  77
5884  47
1171  86
357  93
1912  79
2539  69
235  67
4886  82
2572  66
2355  77
3253  90
1192  100
926  100
111  86
2100  60
3089  66
1393  66
1719  82
1392  86
276|9
1392  84
356  100
466  73
104  83
631  71
648  86
2  84
1367  75
344  88
277|6
344  62
736  67
656  60
1  96
780  69
260  100
278|5
260  78
1347  65
4002  100
318  99
2369  66
279|20
2369  85
1101  73
166528  72
90405  57
61132  68
79132  84
56782  82
97913  68
1608  64
4226  78
59315  71
88129  65
54286  64
1258  80
8665  79
58559  80
4993  81
8376  63
107406  60
1200  80
280|20
1200  83
344  81
262  82
3146  63
4239  84
4447  68
8638  79
919  77
72641  75
86817  64
8368  85
49530  85
6863  74
35836  74
55052  69
54503  90
4246  88
48516  94
1911  63
3916  77
281|5
3916  69
8361  59
35836  70
3897  73
3861  57
282|20
3861  88
3977  61
3263  71
25  75
6708  82
2683  66
4718  68
6711  86
5481  69
6863  75
5669  85
3752  73
588  82
80463  92
1921  82
1193  85
4369  71
48322  86
1194  72
784  75
283|7
784  61
39  59
1704  88
356  84
586  52
2082  47
805  74
284|18
805  76
173  66
2  83
296  100
15  61
348  100
248  89
318  100
47  88
353  97
275  44
44  69
339  77
367  75
276  69
165  74
637  55
235  81
285|8
235  81
949  80
1247  86
6978  71
113207  55
4447  65
441  69
296  82
286|20
296  77
778  85
5989  76
1333  90
165  80
500  63
7438  81
2294  70
4993  95
4995  76
7361  95
70  75
4980  59
1258  99
4963  79
1097  71
4848  92
539  66
377  76
110  93
287|20
110  98
3578  40
223  62
2633  51
1059  61
586  49
3005  34
532  52
1193  66
2599  78
2028  59
1485  49
3826  23
2081  40
8949  48
2012  41
101  74
4034  69
2422  36
2115  63
288|20
2115  48
4966  48
1008  48
2867  74
42015  64
141  60
2571  78
13  77
53519  71
2407  71
5418  73
3916  58
2347  61
2528  53
30810  72
575  42
32587  77
587  67
2517  59
8361  46
289|24
8361  61
16  68
235  58
266  60
594  59
708  64
750  74
1080  64
1101  61
1208  69
1220  63
1258  68
1917  65
2012  66
2174  63
2710  43
2797  65
4322  72
6125  70
6327  71
6453  70
7025  70
7028  64
26704  70
290|20
26704  86
1299  95
2494  86
2739  88
608  82
2130  77
908  96
341  62
1447  71
342  66
1056  60
1719  96
953  90
928  89
1394  88
2648  73
475  93
2731  84
1357  81
2385  56
291|7
2385  100
122892  81
106489  88
134853  89
7153  88
88125  98
1  97
292|20
1  66
103339  68
122900  67
4896  74
2291  71
474  75
85056  69
46972  60
95167  72
164909  70
3176  68
3476  70
1608  71
31221  34
1101  83
3985  67
3984  79
1017  62
69844  80
231  55
293|5
231  66
1673  60
344  41
1617  64
1097  54
294|20
1097  78
3869  49
1064  49
2794  53
610  43
2133  56
1391  26
3868  40
1129  46
520  34
3387  27
355  31
2378  41
3693  45
785  43
2193  59
2367  69
2458  31
348  77
3501  41
295|9
3501  100
3198  73
1287  100
1213  100
4351  67
1198  82
858  100
318  86
2329  86
296|6
2329  45
2028  77
169034  45
4144  85
50  89
2324  90
297|15
2324  34
543  55
1645  49
111  65
454  71
1089  77
6  55
1249  71
1047  83
1370  46
1488  33
150  56
170  49
1092  39
866  67
298|20
866  48
95510  35
6811  42
8370  43
8807  45
63131  52
6881  52
3785  38
122900  59
103042  45
6294  31
2167  40
2005  44
6006  48
653  56
55995  44
3018  57
69757  61
103772  38
3825  21
299|5
3825  80
1387  90
188  76
1198  86
1214  87
300|32
1214  79
356  76
527  67
593  74
1172  65
1704  75
2028  69
2324  74
2329  73
2571  76
2762  71
2858  68
2959  75
4848  72
4973  76
5995  68
6016  76
6711  70
7361  74
8950  73
48394  62
56174  70
63082  68
79132  68
81591  65
92259  73
99114  69
109487  71
112183  54
112290  71
112552  68
112556  69
301|20
112556  73
357  56
2490  80
6711  92
589  68
8949  65
837  58
3948  56
364  71
527  78
5989  66
4963  68
608  95
292  59
3578  62
3897  87
4226  91
3753  51
1393  66
1792  69
302|7
1792  90
14  72
3  94
25  73
648  69
707  73
110  78
303|11
110  76
3703  92
1127  76
5544  76
1196  88
3471  71
1580  85
1394  67
2683  51
920  66
1358  60
304|20
1358  83
2571  84
2433  78
10  77
1376  97
480  90
1373  71
1777  70
1270  89
1517  69
151  67
356  96
208  65
474  90
1214  79
1375  85
640  56
1722  75
185  66
2701  55
305|20
2701  56
140627  56
87869  93
919  82
1197  84
106100  85
138210  68
788  55
7482  89
80590  69
103075  59
903  85
6537  79
93840  87
54736  76
592  67
2288  95
58803  72
55276  100
1272  92
306|20
1272  48
68954  70
69644  71
6377  63
95543  57
81847  74
111743  48
85367  68
168418  98
167018  67
72998  59
122904  63
69406  79
85788  53
4963  70
115664  61
134368  66
112852  81
161634  58
133419  59
307|20
133419  34
4181  34
31424  34
49314  34
5010  60
7845  57
3392  45
1220  73
6793  47
6483  5
2332  21
56003  39
1991  38
3273  58
4876  47
3421  65
1409  54
413  45
4447  37
52867  34
308|20
52867  36
45517  35
96821  27
72998  66
318  42
2  27
904  58
589  44
8961  42
56152  42
56367  34
5618  39
36  25
410  23
79132  51
4993  95
8464  85
1221  47
2248  51
6  45
309|20
6  90
1645  62
898  84
1682  74
296  90
1089  91
1269  86
7153  78
6947  97
8340  86
1104  84
7218  57
25886  81
1219  77
8154  77
971  65
1944  73
6365  68
1262  78
2762  80
310|13
2762  81
6947  44
1101  66
6503  51
2524  100
2457  64
5899  62
733  59
246  79
3254  50
1223  89
1080  59
2671  61
311|6
2671  31
5992  40
1517  29
6461  45
1407  34
2706  36
312|20
2706  74
1375  61
3499  82
589  77
2454  75
1358  85
4878  79
4103  73
3793  78
2028  89
1371  59
4121  54
2366  85
2747  70
4105  74
5446  66
2699  53
2529  76
1350  88
1356  77
313|20
1356  38
170  86
3917  100
2455  73
5544  70
541  70
2193  53
2000  66
6  71
1968  68
1089  88
1301  91
1240  65
3175  72
4865  89
2005  59
2167  39
1375  50
2087  72
2530  46
314|20
2530  53
1042  58
44  41
165  57
457  72
293  71
597  65
329  58
442  57
26  64
830  55
728  59
618  57
107  53
536  53
10  57
1376  79
153  52
208  51
150  69
315|7
150  65
2729  62
2529  66
2067  69
2553  67
909  69
902  67
316|11
902  63
253  64
3968  59
158  53
5445  60
3751  64
7438  75
6874  69
48  51
3882  55
2572  68
317|20
2572  48
73321  58
91529  76
74545  81
7445  57
1213  75
48774  93
4262  75
1884  100
5989  78
3578  71
4011  85
68358  67
1208  93
72011  70
3897  68
3499  74
96829  94
116797  69
56782  100
318|20
56782  65
81191  65
90245  65
111817  65
127180  65
145080  65
150696  65
7445  72
1090  73
116799  74
82459  79
48385  60
2294  65
64839  78
88125  72
109487  82
4021  77
33794  75
54286  78
89753  83
319|7
89753  89
6377  97
356  99
136864  62
1221  97
122904  88
110  98
320|5
110  59
71535  73
31184  77
59315  70
1013  75
321|12
1013  78
356  84
160  68
592  75
597  73
780  72
339  76
355  58
410  71
3  89
500  75
457  80
322|20
457  52
1968  81
2542  64
58559  76
2788  75
2146  73
2617  89
2918  88
778  72
2599  44
4027  88
4993  72
1230  69
51540  61
1  84
1617  76
1923  75
4010  59
11  71
1035  69
323|20
1035  64
480  63
356  76
1094  64
161  61
115569  70
1198  76
29  64
551  66
22  60
318  80
112183  63
253  62
111659  40
3257  57
260  72
150  64
329  57
342  61
266  70
324|5
266  80
3972  70
3864  39
3949  62
3897  74
325|20
3897  47
235  82
2986  47
262  76
1573  70
2596  78
1584  65
1217  90
1676  85
4714  42
3770  46
3261  84
2894  47
2155  94
1279  100
1614  54
3994  72
2268  60
2915  54
5008  91
326|20
5008  79
47610  81
20  68
2858  87
86882  97
5418  75
4973  86
133771  76
48774  66
2324  96
1293  96
2692  86
72605  58
70159  69
54286  75
5446  92
6591  88
4226  98
105844  94
31410  72
327|10
31410  100
150  78
858  100
1923  99
51255  79
48516  88
1304  91
765  74
6888  51
2706  83
328|20
2706  70
112852  65
70286  100
1196  60
457  72
364  78
80463  75
3489  66
318  78
595  49
5349  49
2542  62
1219  71
35836  86
3751  81
79091  50
7153  65
596  50
2398  47
1148  100
329|5
1148  19
136850  19
858  75
1884  42
750  34
330|20
750  50
316  60
1639  69
2918  76
919  75
3949  90
3535  74
5349  65
380  63
1676  90
2502  78
3703  75
1682  75
2683  69
1206  87
1721  64
2791  89
2081  70
8874  72
592  64
331|20
592  87
6157  56
88125  73
6539  74
3897  81
4446  72
7361  91
50872  68
4995  71
4306  71
6874  86
5502  76
3911  88
608  75
4447  49
593  78
3751  76
8665  55
4367  56
2959  90
332|20
2959  75
1653  75
1258  79
316  63
8983  72
431  78
97757  59
2291  77
1835  71
356  76
5502  68
4308  77
1203  80
1682  71
1249  88
76251  72
2905  87
318  86
2294  62
32  81
333|5
32  53
3752  50
3616  63
3615  64
3646  19
334|20
3646  68
1196  73
1580  71
1291  73
3996  66
589  73
30810  58
4027  68
1  73
64957  66
1625  68
50601  46
44195  79
27416  69
6867  70
2997  75
293  70
480  67
5378  56
51935  68
335|6
51935  68
592  67
356  82
296  70
2699  74
2001  59
336|12
2001  94
1  85
38798  71
33660  97
1784  85
2001  74
2268  82
293  86
1625  89
4886  92
50  91
150  85
337|16
150  96
47  92
16  84
805  93
1393  95
266  100
667  71
168  77
784  70
65  63
110  89
708  77
25  87
1356  89
277  75
786  86
338|8
786  36
190207  36
190215  36
190219  36
7153  57
593  78
187541  43
185029  84
339|20
185029  80
5445  77
84152  95
96079  76
106072  72
69122  88
5617  82
41285  87
56869  63
48322  84
65216  92
91630  79
86504  81
91529  89
83613  66
4993  92
3470  87
102407  84
2028  83
5952  89
340|28
5952  66
110  75
150  70
153  62
161  65
165  66
185  62
208  60
253  66
288  57
292  66
296  69
316  64
318  79
329  65
344  50
349  65
356  76
454  65
457  74
480  65
589  70
590  69
592  63
595  68
648  68
780  72
1356  75
341|11
1356  78
3624  68
130087  72
1370  72
135137  64
117529  68
5459  66
45672  59
1  88
47099  88
4025  76
342|14
4025  66
2598  51
2881  56
2369  47
1268  64
2605  60
2599  57
1198  77
3157  38
3826  51
2428  61
2827  51
3863  57
1959  85
343|12
1959  81
3000  84
48394  75
4226  85
4878  93
3993  88
2571  86
1617  84
31658  87
55363  75
55820  77
296  80
344|14
296  76
380  95
316  75
2628  57
4226  97
2571  65
4014  73
2012  71
4034  73
260  63
2541  60
4973  73
5418  61
2712  54
345|13
2712  83
2539  63
926  76
5902  80
8810  55
344  76
5707  71
2366  77
56949  69
3649  62
6658  76
3489  81
412  72
346|20
412  65
778  74
608  83
6711  82
6286  78
306  88
7323  71
307  74
3535  75
1212  70
357  62
3949  76
714  73
7937  80
7396  82
5878  80
1120  71
1131  74
3627  71
7115  65
347|9
7115  61
590  73
39  75
150  75
454  76
380  67
587  73
317  66
457  83
348|11
457  100
2324  100
4368  65
1213  96
6016  99
2959  100
6893  89
4973  100
1221  97
1960  91
2019  100
349|8
2019  74
161  82
589  88
381  97
349  74
231  96
588  76
509  66
350|8
509  70
7  69
637  55
648  84
733  76
12  49
858  75
661  65
351|20
661  63
87222  67
73344  84
52579  62
2231  83
88744  69
43836  56
79132  81
597  71
58559  82
12  49
8914  61
8950  77
63082  84
6214  85
90376  73
84152  84
480  71
4878  87
1193  76
352|20
1193  89
71745  57
1801  72
34319  61
2600  79
65682  82
1080  64
79695  71
110730  51
38038  71
130490  78
97752  78
1214  76
94864  69
41566  79
56587  77
44191  82
114935  82
59315  85
47610  73
353|18
47610  66
25  88
267  41
216  79
367  83
288  78
144  82
186  63
333  77
266  71
112  75
198  97
234  39
145  70
293  93
158  63
163  74
296  82
354|20
296  73
4306  82
2692  86
3147  86
47  78
903  77
733  80
3977  56
1225  84
35836  71
648  73
44191  81
8665  74
1917  66
7147  82
1923  74
589  81
2959  87
4718  62
1196  79
355|6
1196  74
1580  72
3035  85
3175  82
317  82
916  84
356|20
916  75
52435  76
52975  76
7122  63
44889  63
1641  93
2706  74
4011  84
802  70
7323  78
2502  88
56367  83
1223  95
55118  90
3949  84
3996  76
1246  92
1466  77
223  92
7153  84
357|20
7153  65
8998  65
27329  65
2804  81
595  79
529  87
4663  52
4091  74
1224  74
1242  88
34  70
208  62
58559  83
6296  72
30793  69
1042  75
2100  67
551  74
471  70
2067  87
358|9
2067  32
605  40
5066  52
52328  96
2226  32
42728  50
7361  95
69844  62
36525  27
359|15
36525  49
1092  64
1101  61
51412  67
648  55
296  100
1097  79
2396  73
2424  57
593  82
2701  36
2942  51
1682  67
2530  54
4995  77
360|5
4995  100
1620  64
1488  67
1711  49
1414  40
361|20
1414  67
1580  65
377  69
1552  65
49272  69
1263  62
53125  61
589  69
49822  68
8360  70
318  78
2529  69
5218  66
6188  54
2422  49
3082  64
1732  64
1370  67
46972  66
7458  62
362|20
7458  91
592  78
6539  87
51540  89
5989  86
637  65
70  92
7153  100
1252  92
44665  81
407  83
6874  88
2959  96
1196  90
1208  96
8961  86
48516  92
7438  84
356  91
1201  86
363|6
1201  47
1732  53
1517  65
296  74
653  50
318  76
364|5
318  80
9  78
783  68
376  54
1  77
365|20
1  62
81229  46
128975  49
6874  62
90345  60
158872  100
129354  50
103075  32
135536  30
70286  59
112852  60
76077  74
112818  68
1777  62
6502  60
155820  26
541  60
95720  24
93270  44
135569  61
366|7
135569  80
59315  79
33794  75
91529  87
2028  83
122882  80
7438  79
367|20
7438  78
3061  100
1270  93
1287  78
486  58
3536  69
3824  74
2384  51
3072  68
898  100
3618  82
3225  55
2248  82
3157  57
3969  68
3717  80
1259  87
4023  100
1196  100
1258  89
368|20
1258  63
2112  54
1944  68
2986  47
3869  55
1214  64
2947  66
415  42
3035  76
832  56
50  80
2819  72
1801  72
2490  60
1917  47
1391  56
2193  65
225  63
161  60
2881  50
369|20
2881  53
785  65
47  69
2706  63
839  56
377  70
52973  66
743  47
4214  66
5418  72
3863  62
1372  61
27904  69
60069  72
2857  64
1967  68
150  72
2011  71
1580  68
3174  70
370|19
3174  76
4878  75
8961  73
6377  79
2628  64
1748  73
2116  69
589  72
2329  78
7438  72
3977  59
1676  60
593  79
4973  79
4226  78
1240  71
1089  76
8636  69
2716  69
371|9
2716  100
112512  74
1258  100
4090  89
56715  100
3000  89
4226  96
4993  95
1748  100
372|20
1748  46
924  65
318  77
1603  54
1479  63
589  82
81  80
387  38
616  62
337  79
1220  70
1201  78
165  65
1243  82
1258  90
377  71
1401  68
450  52
1206  63
1306  90
373|20
1306  51
60  52
169  42
350  53
585  46
44  26
371  76
163  76
616  76
198  57
265  63
25  56
6  78
733  49
47  76
2  57
736  42
305  30
357  46
141  77
374|7
141  91
208  58
1219  73
480  66
592  71
1258  94
1339  77
375|7
1339  69
1027  66
32  95
2628  64
3256  78
4226  85
500  67
376|20
500  72
2002  69
1214  82
1101  81
2916  86
33794  91
1198  86
349  83
1371  64
376  64
1240  83
1375  79
4993  85
858  78
457  87
4226  85
5952  86
344  58
2763  89
2797  86
377|20
2797  56
2793  77
1262  95
2791  94
748  76
1345  70
5027  65
5113  72
27692  56
3421  75
6021  56
3364  80
2072  74
8641  78
2163  54
92760  56
2858  99
1503  55
2124  63
2015  67
378|10
2015  79
7153  84
48516  84
3114  74
858  81
68954  78
91529  84
71535  81
90600  77
364  79
379|8
364  84
377  70
19  44
292  79
480  82
367  69
597  71
344  56
380|20
344  55
172875  55
172881  55
172887  55
355  54
6979  87
5476  38
2735  52
68194  80
63433  63
72356  100
105731  47
1833  77
551  82
6731  78
27831  71
1665  65
393  73
140956  74
2791  100
381|20
2791  79
1088  70
3253  79
185  63
317  65
27808  77
1240  79
19  46
3753  71
4321  77
72011  80
3082  71
333  70
2140  70
1385  62
2273  65
1208  80
457  77
104  71
2716  73
382|20
2716  100
142372  45
135532  71
1201  95
112171  63
1198  94
912  100
81847  98
4638  54
63540  23
1681  53
170289  46
103042  72
72737  100
2496  64
357  79
81537  86
59501  69
101362  49
4890  75
383|7
4890  86
2541  70
2496  68
1584  83
2558  41
1246  85
903  78
384|14
903  96
1388  73
2683  58
2502  71
4333  100
3098  76
4396  55
457  82
358  33
968  67
2724  52
296  59
3991  40
1204  91
385|20
1204  63
1080  72
249  80
1219  80
1036  81
1136  69
282  58
1073  65
1200  71
1228  74
1022  66
1007  50
1201  77
1246  80
344  84
589  73
1023  63
1287  96
594  73
1303  73
386|14
1303  63
410  46
112  49
165  51
223  57
648  62
185  52
608  65
485  50
305  46
44  39
585  43
349  59
10  51
387|20
10  46
5156  46
5780  46
7336  46
26124  46
40966  46
2712  59
5062  68
1247  80
5489  46
4195  60
7132  80
2946  67
1387  77
3000  76
51939  49
4995  74
912  81
7938  46
1783  55
388|6
1783  52
63239  52
33615  57
86298  50
62999  71
8360  60
389|7
8360  92
140  76
628  84
762  60
743  70
95  78
32  98
390|17
32  52
64957  65
4239  82
5220  57
1193  74
2571  90
9010  81
2291  83
5296  55
4226  71
7254  75
6377  84
63062  66
1206  78
2329  84
4014  69
1784  64
391|20
1784  34
500  69
3994  72
1213  93
516  47
199  68
4027  73
150  73
1408  91
4014  76
1527  73
1059  81
2916  88
4973  80
357  100
555  62
5026  80
4936  100
1210  85
3067  96
392|5
3067  37
2858  89
707  50
1198  71
1125  81
393|20
1125  100
102125  71
48394  38
36517  35
8636  83
110102  59
44199  60
5388  48
54259  55
4848  47
5669  77
1291  60
68848  61
86190  96
2571  100
1206  95
122892  61
106642  56
1625  38
106489  54
394|5
106489  64
316  58
344  53
225  60
457  70
395|13
457  63
1025  67
296  72
160  60
208  54
173  59
485  58
355  50
520  58
595  68
126  59
48  51
367  59
396|6
367  81
1597  55
1777  70
44  70
204  29
2081  66
397|5
2081  98
8645  69
1701  94
8228  86
6993  80
398|10
6993  56
1197  88
5971  84
7022  76
1198  91
60069  88
2455  87
1136  82
48516  88
82459  79
399|8
82459  77
110  90
5445  74
1196  82
593  82
480  72
1270  71
2194  80
400|9
2194  89
356  98
2571  92
2959  91
7153  89
1221  97
3578  93
858  98
59615  67
401|15
59615  73
6297  68
55768  66
48982  70
166461  68
49274  40
50872  84
32031  68
79091  71
170939  60
38038  62
8360  71
3114  71
33615  64
1136  72
402|10
1136  100
597  83
52  74
329  65
296  85
586  82
315  83
1036  88
434  79
527  75
403|7
527  81
2427  89
3210  83
296  87
61465  64
1663  76
180  75
404|12
180  55
349  66
474  70
34  64
364  78
508  71
105  63
593  76
509  61
277  61
315  61
185  61
405|20
185  70
293  82
7254  79
37731  79
2959  94
345  71
1213  84
7134  70
64614  87
6023  73
1241  92
2329  88
1247  95
3052  72
68237  80
1199  82
27592  87
27664  76
3418  76
1215  86
406|5
1215  52
135  40
56949  61
46972  52
724  41
407|5
724  86
2959  88
6539  83
1240  78
54286  79
408|20
54286  87
122904  98
44840  77
165101  60
6618  80
1291  87
1210  84
89745  89
1278  95
7324  83
44  76
8641  82
115210  89
103596  62
68554  88
2571  94
109487  88
63131  73
80489  91
4649  75
409|20
4649  55
2490  80
2028  89
3812  89
1278  100
2997  100
296  94
1078  54
3016  62
1073  86
2683  62
2289  85
3846  86
912  100
2013  77
1911  50
2352  90
1230  79
2541  78
3174  89
410|20
3174  54
3224  91
318  87
2302  66
4002  82
1060  89
4297  68
3263  72
1859  67
111  94
58  81
2145  80
3255  83
2321  66
3504  80
3948  76
11  66
4019  87
3  75
597  69
411|20
597  86
261  84
586  70
432  54
353  62
431  58
194  70
318  92
272  80
515  57
356  78
266  62
257  67
349  77
10  62
31  64
344  78
227  49
455  50
122  57
412|20
122  30
2384  98
2915  71
903  94
608  85
2720  57
2858  88
1883  75
1307  73
1214  68
1784  73
2239  100
1  91
930  84
1136  76
2710  80
915  95
2398  69
17  56
1079  94
413|12
1079  77
1198  100
3753  88
2424  71
593  100
128360  77
4993  87
16  85
5574  90
3948  78
64957  82
2959  100
414|20
2959  47
4666  47
5285  47
5635  47
6033  47
6493  47
6563  47
6628  47
6797  47
48319  47
58879  47
169992  47
3802  44
3599  67
1600  75
8666  23
4975  76
7444  57
4081  40
177593  100
415|19
177593  83
1213  89
4321  76
3507  88
4308  82
47  85
1021  59
111  86
2617  71
1276  89
3861  67
4369  70
99114  83
1221  85
63082  84
1234  83
45722  78
1197  89
175  85
416|11
175  40
5951  26
531  47
1296  54
1199  100
1721  64
830  35
1206  51
7323  29
4848  45
3677  47
417|14
3677  91
4995  93
4975  85
7254  93
1198  93
106782  93
27773  90
168250  100
1625  86
7153  93
74458  94
110102  79
48394  80
4878  93
418|19
4878  64
296  100
63082  80
104374  72
1276  100
1136  65
117176  83
1573  67
137337  78
1682  67
5816  47
88125  56
74458  61
367  74
89745  81
45672  64
87869  76
7361  80
54001  45
419|20
54001  50
111  91
46976  63
27822  85
2858  90
319  83
6287  58
3578  82
1213  98
64969  70
47  68
79592  93
34319  70
89580  50
60756  61
27704  50
90943  50
2412  38
1240  80
52245  45
420|20
52245  81
4993  86
45499  66
923  80
26693  68
48385  63
1927  85
5608  85
2052  61
6934  70
7022  80
3979  54
59295  68
2329  82
54259  77
1131  78
2762  80
4973  84
5669  76
527  86
421|8
527  83
909  78
5008  83
953  86
1178  96
2313  87
2478  64
1203  100
422|19
1203  67
2710  47
4947  67
4971  61
5039  79
4925  45
2581  58
4916  50
1265  72
2804  68
3053  79
2665  45
1283  93
4835  76
2908  92
3943  100
1213  99
2670  62
858  77
423|5
858  96
110  93
2194  76
5349  81
1320  72
424|20
1320  83
141  68
2804  81
40278  77
608  79
108729  71
293  75
69122  70
1092  65
54503  69
58559  90
3186  67
66097  74
778  83
5679  66
3176  72
2288  79
2174  68
71668  83
112556  71
425|20
112556  71
377  73
2329  78
733  73
6  75
1645  67
8368  74
2081  68
4306  75
1680  76
1909  68
367  62
46723  74
1625  75
1036  76
4901  73
750  78
2353  75
1342  62
145  60
426|18
145  68
150  63
471  44
337  61
54001  100
1197  100
6378  69
72641  58
4886  92
8644  70
37729  55
597  80
5444  88
91325  37
588  77
3247  57
4022  62
79091  77
427|17
79091  38
5463  90
5015  69
110  100
58  84
5528  75
6348  46
5312  55
2710  74
5696  46
4993  93
5266  75
2683  64
5400  66
5816  70
1208  85
5574  58
428|20
5574  37
2762  62
3827  41
1089  68
2953  46
2916  59
1380  45
1997  64
3440  46
4022  69
317  41
4255  60
1208  65
1391  59
6377  68
2581  50
260  74
3285  55
588  57
653  49
429|12
653  77
421  73
150  100
225  85
165  97
266  100
329  71
252  88
279  60
317  84
237  100
204  87
430|12
204  80
2987  69
3745  67
6287  74
2858  84
6365  57
2571  94
4447  70
4014  100
329  74
2076  100
4446  69
431|5
4446  38
1625  48
1376  43
3948  45
802  48
432|20
802  56
5630  71
6870  71
8640  55
6539  79
3916  85
5989  74
84189  60
110  84
35836  57
4886  75
2762  69
1206  78
49272  76
19  70
318  83
58559  81
69481  77
7158  67
33660  91
433|5
33660  57
1089  76
50  68
5299  61
110  64
434|20
110  95
3147  80
1090  85
1265  88
5989  85
1101  60
1779  66
586  67
344  64
3863  68
1208  84
3160  90
589  76
780  60
6796  75
2791  86
4226  97
2194  73
8665  71
1291  81
435|9
1291  79
44191  89
485  69
3510  71
34405  89
2302  70
158  64
82459  97
48780  89
436|20
48780  48
435  41
440  66
432  52
161  70
480  69
377  65
531  67
536  53
502  47
364  77
235  72
371  66
344  59
2  64
585  53
450  62
587  67
437  47
227  56
437|20
227  77
318  100
5  54
640  39
1299  81
1120  80
1396  79
1246  91
454  77
1171  81
1225  83
1183  72
1097  80
1307  89
1268  86
592  77
198  87
155  53
112  73
246  100
438|20
246  57
2501  95
8966  76
27801  78
1527  78
6711  79
3898  42
1784  69
8644  73
6367  70
2424  72
3889  46
223  79
1517  64
7361  79
2641  60
5009  72
2617  67
3753  73
2393  60
439|5
2393  81
4022  76
7153  82
78499  80
1240  74
440|7
1240  68
541  88
29  74
1653  82
1274  74
3174  77
1235  87
441|9
1235  97
2683  73
2959  100
4306  89
260  100
296  97
51255  93
47  100
68358  83
442|5
68358  19
2881  23
1186  13
3752  20
4361  23
443|8
4361  78
79132  88
296  90
48394  86
106487  94
108190  94
7153  77
63082  74
444|9
63082  81
592  73
208  55
21  70
111  93
110  77
235  79
296  86
344  59
445|16
344  89
590  90
34405  90
47  86
116897  76
780  68
4011  81
899  73
593  82
33794  74
1080  81
45722  74
17  71
1230  86
306  100
2710  57
446|17
2710  60
339  60
300  79
296  82
480  78
368  68
288  53
172  64
17  77
16  68
357  60
150  70
434  50
153  46
648  67
593  80
337  76
447|16
337  76
293  91
337  83
531  74
382  65
589  93
552  76
253  98
362  80
532  67
292  73
31  69
474  73
540  74
442  73
160  66
448|373
160  41
3284  41
3933  41
6302  41
6476  41
7245  41
48262  41
49688  41
75803  41
75816  41
78116  41
79590  41
86593  41
92198  41
98908  41
100326  41
102819  41
104760  41
108715  41
109191  41
111680  41
113416  41
116207  41
116985  41
129657  41
130083  41
133377  41
136654  41
138546  41
142424  41
151777  41
152658  41
157130  41
158022  41
161290  41
164375  41
53996  71
136778  41
5418  88
288  42
88356  34
2580  66
155358  41
2889  63
4034  89
148888  41
81156  78
2713  37
103335  51
95441  59
34048  57
80126  37
3057  41
1057  88
2794  43
33830  81
8665  70
6059  61
110553  49
90374  78
151501  41
3764  66
6143  63
103819  29
4361  100
104913  85
3986  43
5528  43
1196  89
105351  38
83349  43
3276  41
1090  84
5349  71
587  57
106330  31
4677  54
95508  41
109895  31
110611  41
671  68
2289  72
152077  53
80693  64
111360  72
170  51
87444  54
94323  45
8493  100
3671  78
91653  55
4981  41
2991  63
78034  41
119145  69
5099  48
4299  51
2567  50
6996  22
109864  29
6582  40
73017  72
370  61
543  50
115617  73
590  88
154065  41
5553  59
41569  62
3286  33
6645  79
589  68
1920  43
2857  86
111663  59
78499  76
2657  69
6537  62
1148  99
46974  40
48516  73
80241  52
445  48
4262  80
3689  26
114935  84
6428  60
127194  41
109673  37
127096  64
89388  41
4156  41
3793  79
33679  54
2014  49
64285  61
3968  61
49530  83
3450  69
160563  58
5502  47
8169  68
6314  35
122490  41
3386  90
140725  49
4896  73
2642  37
127136  82
2763  58
2520  41
457  74
48783  48
3263  54
5400  53
5541  51
4011  81
58351  41
127132  41
152091  48
3698  76
435  31
4799  64
84152  76
3401  34
2858  98
3174  64
7076  80
106542  41
6218  44
2860  41
1283  73
3618  76
2616  73
90439  71
2404  38
4660  41
2530  42
26386  41
4327  70
3030  66
71464  49
32  91
91529  69
4158  40
99114  76
98585  60
93326  46
2268  54
80489  82
130576  29
105504  100
2791  66
50601  68
7007  66
4234  48
3623  43
80727  85
78467  25
8641  68
4128  100
106782  65
2537  25
112138  53
3247  47
112818  59
2027  28
3101  82
5779  41
82202  35
1704  81
98296  41
6863  51
89305  52
4203  51
1201  98
6212  75
637  54
84954  52
6814  41
94864  59
67695  35
159077  41
92439  80
6812  35
3156  58
802  66
118354  41
134130  71
138036  74
65135  41
52975  56
4368  26
90717  39
45722  78
79259  41
68157  77
4233  39
74458  62
3258  46
1262  82
3949  80
101025  34
69526  76
1831  34
1083  53
1884  86
1476  75
156609  34
3755  46
111659  93
4734  58
161  66
95201  41
135887  59
2598  58
87232  81
4634  79
5334  40
5459  49
146730  41
72694  41
157432  41
132488  41
4558  62
1375  58
6424  41
71518  46
2716  92
94780  39
3593  19
129354  44
158  55
1409  45
6514  41
2881  44
51662  54
90522  48
68554  56
2126  45
122932  41
93510  54
137857  58
125916  21
2953  50
2090  78
1760  21
480  79
58803  63
2109  87
50792  35
46062  25
85510  62
80864  41
112171  78
122900  66
2587  50
1527  61
117529  64
4993  94
92264  60
5247  68
533  53
912  74
26464  41
2249  71
4678  100
103772  66
114601  62
96861  70
420  36
59615  76
2349  66
109372  43
95207  46
348  69
19  52
136020  69
4502  59
91094  41
138208  58
3511  39
79428  53
2643  26
109183  41
2139  77
4212  41
5942  46
96417  54
112852  76
99728  66
89470  64
142448  61
64983  58
2640  66
2046  66
4881  76
3882  45
3744  44
1032  66
116799  63
5  46
4040  50
157407  41
2115  70
1617  88
4367  45
105254  67
3388  48
3760  59
2146  60
2968  100
6281  65
466  46
96448  42
86332  64
64969  80
115170  41
1036  75
3397  64
2474  58
1408  83
155743  41
106920  69
8542  71
120466  76
2051  35
7143  82
7150  76
89087  31
34150  56
2253  38
2973  79
449|8
2973  46
2502  70
4034  80
1222  78
2770  52
762  50
2011  56
2324  77
450|11
2324  66
589  89
110  96
3363  81
3535  81
3948  76
3409  73
1035  99
3568  63
358  69
1259  98
451|7
1259  74
593  92
7  91
5  51
494  66
25  66
17  85
452|20
17  76
2858  97
2617  94
5292  100
1206  100
1676  87
3219  78
47  97
3101  81
163  99
1092  87
1917  80
2126  73
1356  97
552  82
2628  82
1200  96
608  96
2707  92
3273  71
453|20
3273  62
858  88
2335  64
4022  83
3618  87
1617  86
3452  69
1357  80
112  76
2671  89
1884  100
1894  86
2294  68
318  90
1614  70
3534  71
2959  90
798  67
5266  69
780  82
454|9
780  79
2692  72
7116  80
55820  100
6016  83
27773  79
2160  88
2858  79
26131  95
455|12
26131  66
432  57
367  56
590  73
253  94
364  81
555  88
252  63
110  77
225  67
588  71
597  70
456|9
597  69
634  52
135  68
5  86
724  72
780  78
733  86
260  97
706  67
457|10
706  78
3593  32
2692  84
1356  75
223  79
2394  80
2701  41
3608  100
733  76
2094  59
458|12
2094  89
185  61
10  88
380  78
95  65
454  86
300  93
595  93
153  67
587  75
150  83
552  76
459|6
552  94
5618  86
8961  81
48780  86
50872  88
260  99
460|17
260  65
4886  87
4703  71
3831  88
1441  79
4878  85
3483  68
8970  88
1  87
49272  87
40815  81
85414  76
68237  81
76093  83
47610  78
63082  89
2571  91
461|6
2571  45
2762  58
1036  60
91500  37
3578  46
539  90
462|20
539  31
89090  31
164655  31
188189  31
1136  73
1219  66
158966  77
1248  78
508  57
1653  67
1674  67
8917  85
8620  8
3424  78
2146  52
7044  56
3814  77
1213  66
82857  31
26131  72
463|7
26131  86
2028  84
4310  64
3753  80
2006  71
1092  67
5995  83
464|20
5995  80
58025  58
63853  58
296  100
2019  84
3527  65
5254  62
7007  80
1101  100
1779  67
377  76
1653  72
55820  85
648  88
33493  74
1610  79
65088  69
74727  100
1617  78
62374  93
465|20
62374  81
2987  80
1200  80
3448  68
5060  87
1299  78
3703  87
3649  67
1625  75
292  74
904  91
3101  59
1754  73
750  100
1256  81
593  94
3732  76
3740  70
3334  98
377  72
466|20
377  83
30793  80
79091  84
92259  86
5989  80
5459  74
318  90
63082  81
59784  77
5010  77
74458  85
6281  70
5952  85
8529  80
64716  85
68954  83
4993  85
45447  76
81845  85
55247  82
467|22
55247  63
58  67
389  70
466  62
527  67
593  74
780  72
1183  57
1233  70
1357  65
1365  71
1408  65
1721  58
2028  69
2125  72
2324  74
2334  63
2384  38
2390  71
2393  68
2394  63
2493  70
468|7
2493  74
349  59
1  66
317  82
296  77
32  66
165  72
469|20
165  48
3832  48
3507  80
3032  78
2736  88
2132  100
1958  66
910  79
1090  90
1485  63
1388  58
2321  73
1234  87
2081  77
1193  89
36  66
2908  100
909  73
2023  78
3255  76
470|16
3255  69
318  85
110  80
588  75
282  60
5  60
597  74
32  73
595  80
592  70
500  70
26  74
356  85
357  66
434  66
300  71
471|6
300  80
8874  81
527  83
1  85
8360  71
7147  76
472|6
7147  81
3450  79
3298  80
2840  87
1221  100
858  100
473|8
858  75
2959  87
60  73
7147  83
6281  55
3897  83
48322  72
2596  79
474|422
2596  50
2179  50
2697  50
4046  50
5114  50
5311  50
5353  50
5455  50
5601  50
6201  50
6273  50
6382  50
6407  50
6592  50
6912  50
7702  50
7826  50
7832  50
7839  50
8057  50
8446  50
8458  50
8459  50
8611  50
8650  50
8774  50
8938  50
1466  66
6708  81
2940  76
2616  74
2334  68
7139  75
4218  50
371  79
750  89
2935  96
8645  76
5481  65
6370  89
25865  50
2553  79
912  77
2467  87
5548  68
7301  78
52967  66
5945  89
480  74
1983  57
3462  72
1068  50
8600  73
6650  100
8482  50
6791  88
4016  77
1784  83
3668  74
3977  51
8961  77
4160  69
30820  64
6984  50
2750  59
5034  53
7716  50
2612  50
4419  85
1300  92
4187  69
1187  72
6565  79
272  83
5440  50
25937  61
1099  66
3125  50
5826  50
5649  50
7256  80
4912  67
6016  82
1208  69
2083  71
3385  77
2310  70
3360  75
3163  80
1413  69
4081  43
1643  72
968  56
2116  75
26965  70
5954  76
1263  76
5116  50
3536  66
8778  64
63433  80
2952  70
318  92
3394  60
1200  84
3384  78
4356  74
932  95
7698  75
516  60
4873  65
48385  75
39869  90
1902  50
2641  53
7036  54
2181  69
4638  53
31116  78
2455  68
2146  73
628  69
3897  80
1030  56
4022  74
344  54
3196  77
92  58
237  52
6770  62
3259  64
3368  63
26151  71
1293  76
34072  68
3044  71
1639  82
5944  51
6539  74
477  63
7361  86
55687  50
58  71
4014  81
3467  77
8154  82
4191  69
2134  58
4644  71
4293  61
5013  79
1399  58
1196  76
2918  67
5899  63
4465  67
100  56
361  56
3341  83
8921  50
195  60
3789  50
4709  62
1588  61
3468  82
4678  83
2723  48
2118  70
1939  80
7019  49
3147  75
1792  57
33903  87
1682  81
41566  64
1693  68
1957  66
5021  76
2313  67
3870  50
948  90
47099  71
3447  74
6614  61
216  66
5619  69
3987  41
5060  64
3111  79
45950  67
32584  59
5525  50
2567  51
5956  78
7  67
1172  93
3217  69
8331  50
587  66
5238  60
1189  88
2416  56
832  59
3095  83
7386  91
1223  100
7058  50
5246  42
5418  66
27803  69
26  79
4002  86
1135  64
45  61
6945  87
2411  60
2520  50
7347  65
5375  50
5673  86
3039  74
7833  50
33781  66
720  93
2103  55
33154  71
608  78
1327  52
101  65
7061  50
5451  61
5682  55
5434  70
6609  50
31658  85
4578  44
2009  68
4704  50
7572  50
4929  56
3306  87
6334  60
5379  82
5437  57
42418  75
4128  76
7451  66
2786  36
2243  69
27846  100
6197  65
3264  52
3608  60
5603  79
6124  56
1222  85
1663  78
3566  51
3755  66
2628  60
4815  76
2089  56
7102  49
27706  64
7013  85
1348  81
45666  64
5755  45
4055  80
2058  67
4462  34
1544  53
2405  53
4998  50
273  58
1977  53
1732  92
7822  50
7073  50
41527  71
4787  57
1676  72
3708  78
6669  62
317  56
25940  50
971  79
7366  56
3115  79
7026  51
2710  66
50685  71
2114  70
3809  60
3516  61
2770  64
535  65
4878  70
5992  79
41997  65
1083  59
4487  56
7293  76
1016  54
2006  51
1007  46
4993  83
3412  67
5007  50
3929  51
6639  61
8712  50
1876  59
3546  50
34359  50
7579  71
7325  64
6837  50
2634  62
7753  63
8943  33
8385  50
4308  55
3246  88
3745  70
1148  78
42002  56
50740  66
3952  61
1927  85
7581  66
910  74
3948  65
54881  74
1284  95
4007  68
5341  67
3675  83
52975  68
6244  65
965  100
454  79
1247  85
7215  64
1282  74
8207  83
6242  76
6502  77
4509  62
3528  70
2391  82
4262  82
4039  67
42018  27
3271  76
976  50
48394  78
5384  50
5168  50
1358  63
6534  53
8773  50
2384  84
48780  79
1269  86
4600  73
2642  53
111  81
933  80
3578  77
5297  44
944  65
6020  50
2123  46
748  57
4896  68
5380  77
53953  61
3712  60
25996  50
1997  81
4464  73
4085  64
51540  73
2707  84
2069  75
6710  72
1488  69
6378  77
928  86
3038  95
7116  66
44511  50
594  60
1962  77
421  63
4316  39
2761  76
4823  53
892  80
1345  73
5294  76
1408  68
6579  79
3272  73
3421  68
3844  68
6787  79
37736  69
2249  74
1610  68
2468  50
3498  67
4902  91
6268  77
5225  94
5404  82
929  50
25999  50
7835  50
805  93
4126  66
475|20
4126  94
4993  100
87232  87
40815  91
5816  88
8644  88
81564  88
4701  87
81834  93
6564  74
68791  83
111759  96
7153  100
1527  91
71530  86
4896  91
106487  83
112852  93
3578  97
82461  75
476|14
82461  87
34  88
380  86
158  74
153  57
586  93
440  73
364  82
378  75
357  66
224  70
165  91
296  100
11  70
477|20
11  77
913  79
3100  84
2105  61
1271  66
1207  77
70687  46
2174  80
45672  55
4571  83
3973  48
4226  91
1103  82
5291  79
348  85
3593  34
1  86
1274  65
6502  83
59615  61
478|5
59615  66
3114  50
594  42
1584  45
1101  59
479|20
1101  38
4488  68
524  69
1025  70
3707  63
1220  90
4010  53
3244  75
3526  67
4092  37
1968  91
4700  77
4003  73
3671  98
2671  75
341  38
2012  75
2542  76
454  59
2384  100
480|20
2384  44
2700  64
8533  82
2193  59
2797  86
3484  43
2571  93
1210  78
2596  74
8866  53
47610  83
6306  81
5379  72
2018  56
7153  89
3911  90
44191  67
38061  68
5673  65
380  49
481|7
380  53
1687  69
1629  53
1729  65
1620  43
1597  59
1485  65
482|20
1485  100
8985  45
1036  88
474  69
1042  54
4389  100
780  55
27706  83
3211  82
1610  100
4367  48
1374  85
1220  90
1602  48
653  49
592  75
30812  87
4862  68
8361  59
8529  65
483|20
8529  54
783  73
2541  65
2959  99
109971  54
45722  68
1199  98
50872  75
2000  82
4306  78
69757  78
2683  59
2273  65
1588  63
109487  82
66934  90
1721  67
2328  62
68522  54
8972  68
484|20
8972  68
1438  56
6155  67
6944  77
2706  87
33166  76
6874  74
3697  61
1059  78
76293  77
919  76
2762  81
1821  70
837  70
5810  67
1753  77
3254  73
4718  89
2413  86
3646  65
485|5
3646  90
161  94
253  84
292  99
231  51
486|12
231  92
47  76
110  83
153  59
474  82
95  84
288  81
329  73
161  95
318  100
292  74
6  95
487|12
6  53
8961  64
318  74
1198  72
31658  72
1197  69
6539  66
5445  61
116797  63
4027  62
8874  55
86377  66
488|20
86377  77
838  67
608  89
1223  100
26  94
5135  97
2109  94
7720  43
7303  80
4014  80
5995  90
457  78
105  73
1136  100
272  80
1269  95
3176  79
1278  76
1125  80
910  60
489|20
910  35
86000  35
4848  67
736  50
8387  58
4700  47
45666  34
4720  69
2683  39
2021  65
2389  26
1619  44
950  58
58559  69
2236  37
2167  56
1616  45
247  74
376  73
2717  44
490|20
2717  76
89492  56
81591  71
91077  73
60074  43
5816  58
4144  67
54001  55
1  64
1784  64
7153  70
4993  78
89759  85
86320  76
60128  55
76251  57
8368  70
69122  56
2006  40
78499  65
491|13
78499  92
69757  82
7293  86
27808  79
4246  83
3948  90
104374  97
86833  82
140110  89
8529  83
180231  78
4306  90
88405  74
492|20
88405  80
784  72
628  85
858  83
852  63
64  67
990  76
830  64
743  58
62  70
52  73
1499  57
66  82
1210  81
881  58
1474  56
1405  63
724  71
1047  76
65  56
493|13
65  87
4444  58
2916  68
1275  68
2571  77
1527  69
2028  78
3793  67
2167  68
1215  89
4701  69
2924  99
260  95
494|5
260  95
4498  73
3578  78
2028  100
1210  100
495|20
1210  48
115149  100
1259  79
1721  71
136562  100
80489  82
19  64
50872  92
231  59
102123  56
52319  85
7254  72
7360  100
8528  100
1645  64
46578  91
30810  80
2918  89
148626  77
56775  69
496|6
56775  78
99149  66
858  82
904  86
8865  37
114713  63
497|11
114713  53
112556  63
112290  77
1916  43
92259  76
2329  66
112552  60
1258  75
2762  63
5349  50
111362  78
498|7
111362  60
231  66
648  100
10  80
300  100
356  100
316  73
499|6
316  77
2337  72
38304  84
327  52
56286  77
1304  81
500|18
1304  85
2987  76
543  31
2700  79
2542  66
1265  55
2916  52
356  73
3301  100
1784  43
1914  74
595  82
2355  39
3536  96
1885  52
322  61
838  64
720  100
501|9
720  76
62  47
93  76
45  60
3  68
637  49
11  54
18  67
662  100
502|7
662  89
1077  100
4412  17
3469  76
2001  79
2520  33
1777  48
503|19
1777  40
7361  86
4878  70
356  71
91500  73
593  78
527  71
858  92
4226  71
1259  69
1342  69
2877  57
92509  51
90866  64
500  56
441  97
48516  77
2858  69
48394  89
504|18
48394  82
5812  74
2321  77
1  76
3556  74
7153  96
6708  74
1288  95
6927  67
4033  79
4700  76
6565  84
342  63
3408  72
6879  74
4361  79
5952  89
5955  80
505|7
5955  100
4105  100
1029  85
74685  70
273  71
6502  92
54999  66
506|9
54999  54
54272  94
37741  83
56782  100
62293  73
51834  89
49286  62
112556  87
61024  87
507|5
61024  57
266  62
253  68
377  71
593  81
508|5
593  100
2011  48
1952  72
1175  54
898  75
509|20
898  57
130073  57
2028  75
87232  67
33830  83
5313  46
48  56
2090  70
2080  64
6942  70
8907  48
6156  61
5816  70
39  63
3988  54
6807  75
7458  64
1196  78
45447  60
616  63
510|20
616  22
7026  30
35836  78
494  56
1198  66
514  57
457  76
2935  88
858  55
2699  54
317  43
8949  68
2918  61
145  33
1262  76
6787  58
1208  61
372  85
1242  88
40819  54
511|11
40819  93
53953  74
115149  91
164179  82
6534  67
99114  86
92259  91
318  93
2324  94
1653  86
56757  83
512|10
56757  77
150  74
349  66
47  100
350  79
442  60
457  82
50  100
317  55
593  81
513|7
593  83
318  92
2174  70
235  73
1304  91
1220  84
1080  93
514|20
1080  47
5704  47
62586  47
168358  47
180263  47
1704  72
2005  74
2792  66
2013  62
1673  77
134130  84
76093  78
1333  80
58998  85
68157  79
2406  66
3210  71
54503  79
4855  78
1644  38
515|6
1644  92
2028  99
527  99
91529  93
58559  99
2959  100
516|26
2959  66
457  74
480  65
647  72
708  64
1042  71
1090  63
1197  74
1198  74
1954  65
1958  71
2021  63
2259  63
2268  72
3052  58
3471  63
4027  71
4291  59
4306  70
4321  62
4322  72
4333  57
4337  70
4349  69
4361  63
4429  71
517|20
4429  54
53125  53
1265  62
165489  26
97938  31
88744  61
86880  58
4148  22
26761  26
3398  66
1293  31
3988  27
2858  57
4963  42
1204  38
1704  90
47629  54
7669  100
1206  100
46578  66
518|5
46578  41
2657  77
783  70
1876  51
6365  50
519|6
6365  94
356  100
140110  83
6378  82
7445  92
1968  93
520|20
1968  69
318  96
1049  80
59315  80
4995  81
32  83
2716  79
4333  69
1291  94
1732  85
4085  79
2723  81
3081  72
3994  76
33493  70
135  60
2393  81
60516  63
2406  83
1584  77
521|8
1584  62
112  70
86  79
104  76
58  88
79  64
52  71
852  83
522|20
852  78
81932  83
89492  96
63113  82
2959  94
1193  72
1375  71
4993  77
223  80
27611  100
76060  68
180  67
59315  84
1617  100
10  58
67255  88
2023  64
6187  68
318  83
127098  81
523|15
127098  100
8970  98
5989  93
318  100
91529  94
1721  82
293  93
65261  96
4270  87
3147  98
27731  91
134130  91
31696  87
527  94
101962  93
524|20
101962  71
150  80
552  62
748  54
344  59
442  57
253  61
1225  78
20  53
589  76
1242  77
544  59
173  45
1302  75
380  66
457  82
1020  62
788  73
193  44
466  53
525|20
466  61
317  64
6863  69
8622  68
33004  66
7147  78
2396  76
40815  76
137337  73
1639  66
1968  77
91869  61
45880  60
2100  59
339  70
4886  75
50872  78
86332  66
8983  71
3996  68
526|12
3996  89
55247  73
46578  91
176415  64
1295  77
90430  83
4014  78
2352  75
176413  64
215  84
81845  86
51255  85
527|20
51255  84
3114  93
3210  77
3016  79
2161  89
4571  90
2118  83
3421  71
455  61
2867  87
2450  40
1909  72
1214  97
4299  74
736  79
2477  71
588  94
4016  92
1259  94
2533  90
528|15
2533  79
2278  54
80906  87
4037  100
1240  74
64614  81
3821  26
150  70
1291  76
80463  61
593  76
99813  69
85342  65
48516  83
58559  76
529|5
58559  56
135  60
65  54
62  68
733  88
530|6
733  74
500  72
300  93
586  83
593  100
11  78
531|5
11  84
590  90
919  93
480  82
1215  95
532|10
1215  81
4863  100
457  88
290  85
1245  88
1242  89
2023  93
2329  85
1304  78
517  89
533|8
517  87
6502  96
79132  100
46578  95
93840  89
4973  99
2455  85
66934  87
534|20
66934  70
97913  81
94953  89
2003  73
2167  95
7569  86
153  70
1485  74
65514  84
104218  71
344  75
2571  90
5445  82
95875  74
112818  78
82461  68
96610  71
2987  72
138036  97
1566  80
535|6
1566  72
2581  37
2700  96
2688  44
2583  49
2882  27
536|8
2882  60
272  81
356  72
335  43
225  58
150  78
434  40
589  62
537|10
589  79
367  59
7153  71
53322  71
104218  62
97304  61
6539  83
318  91
89745  91
105504  97
538|8
105504  84
3671  86
80549  88
4039  80
69757  93
5047  62
44889  69
66934  88
539|8
66934  75
6753  64
5218  86
50872  77
88  94
3301  70
4886  71
69122  65
540|9
69122  69
2959  94
1073  78
8874  85
1681  52
2183  82
2841  81
2747  62
1196  88
541|18
1196  65
457  82
413  74
15  58
110  80
595  91
597  71
480  87
356  92
203  71
529  94
357  57
22  56
345  74
546  37
586  54
281  75
350  60
542|20
350  85
30793  52
5299  56
2542  76
34319  56
33679  55
4963  89
5481  59
1997  78
4025  47
3623  100
924  62
4369  42
6378  84
2571  99
7254  60
41566  69
37733  56
7361  81
45517  51
543|16
45517  100
1702  77
595  91
3301  90
231  60
2378  62
2379  67
86882  100
6377  81
588  91
377  76
48385  100
2571  84
4526  41
4388  62
92259  100
544|22
92259  68
3  61
14  64
32  67
40  71
62  65
68  65
95  62
116  68
619  53
626  70
648  68
650  61
694  62
736  69
780  72
839  52
1042  71
1047  62
1059  62
1105  71
1356  75
545|5
1356  51
1267  80
2763  92
1367  47
44  100
546|13
44  72
3328  94
480  76
1970  51
2456  41
1976  47
589  70
2657  50
1673  63
3941  55
3959  64
3566  42
1977  52
547|5
1977  98
2859  100
2917  88
1394  87
1288  89
548|26
1288  68
260  66
356  76
733  71
1196  67
1393  69
1477  70
1621  63
2571  76
2716  65
3263  60
3578  75
3916  72
4776  71
4899  50
5955  72
6874  66
7458  65
8531  63
49910  66
58559  74
74532  58
80862  65
122904  64
125916  50
168712  70
549|5
168712  65
2028  62
4226  98
1210  60
589  55
550|6
589  65
102125  87
106782  80
116797  84
112852  97
122882  86
551|20
122882  81
34162  69
60069  77
1544  62
45186  55
103772  76
51935  77
4226  68
2353  68
7153  74
5989  71
135569  60
115149  79
88129  81
134130  88
6934  63
47  67
4701  61
2959  79
98809  80
552|20
98809  68
3317  76
1405  49
2953  44
2245  55
2944  58
2890  71
2125  63
508  65
3948  61
5349  69
2959  90
2857  43
173  43
2991  83
2871  82
2628  55
4308  59
4878  76
3101  63
553|17
3101  88
3481  100
1923  77
2571  96
4011  99
50  90
3949  100
1089  94
44199  76
5513  67
2231  85
2395  75
3052  97
61257  67
1221  92
33166  82
2959  99
554|18
2959  73
1022  63
2820  49
1207  77
1517  82
1282  67
1210  100
1760  23
2282  53
1225  100
907  62
1358  100
2096  78
1028  99
593  97
608  100
953  91
2324  100
555|20
2324  49
3664  49
1  84
3111  100
3395  62
104  71
1334  52
2506  66
2072  56
4002  95
1266  93
2641  68
2256  62
2791  84
2701  49
1333  70
1320  67
337  81
1393  79
3526  72
556|7
3526  84
122890  82
3081  78
88125  87
588  86
72998  85
74789  74
557|6
74789  76
231  52
1291  80
260  94
1210  89
150  81
558|12
150  74
5064  90
4903  55
2297  98
2568  58
4993  100
4306  77
367  73
5283  100
1097  67
4164  87
5294  88
559|20
5294  59
608  75
355  49
329  67
544  54
1527  78
173  61
377  72
745  86
174  54
529  80
350  75
349  75
533  65
836  51
1210  84
420  52
786  57
227  55
253  70
560|20
253  64
91535  67
136018  66
67997  83
79132  76
3253  71
142558  64
2355  72
39435  70
1527  71
40414  77
64614  80
48744  73
56587  71
593  81
76251  74
84944  67
109313  64
5878  79
40819  73
561|20
40819  52
5308  72
78469  75
3703  69
60069  88
91535  58
2105  69
73017  79
5445  73
2000  74
83134  100
79132  84
79592  52
80463  83
89745  77
527  86
8972  64
353  68
33162  67
68157  80
562|20
68157  75
6870  86
6377  88
2580  91
1249  85
4776  88
36529  86
1259  94
1982  79
2268  83
2133  85
83134  85
3210  81
48394  78
30707  88
33836  65
2692  88
88163  88
99191  75
1240  84
563|20
1240  57
70932  57
80858  57
919  69
74450  61
588  70
5943  50
118997  57
86833  72
1197  90
128832  57
85397  62
45221  48
33499  56
7380  69
96821  70
81784  68
95307  54
65585  68
55250  56
564|20
55250  56
356  73
31685  74
131013  86
61024  79
79224  54
87869  87
500  63
108156  90
81784  91
93270  67
6188  77
106918  94
65230  62
67087  58
80693  56
94677  87
8984  57
73266  90
2671  80
565|6
2671  77
231  60
19  63
21  76
50  88
539  71
566|15
539  83
10  85
231  64
329  100
342  56
141  60
203  72
345  55
39  71
497  84
265  100
588  72
708  57
353  62
2  61
567|20
2  23
26743  23
92681  23
109897  23
152071  23
5690  100
136602  49
122888  23
6333  45
1274  72
122922  51
153070  23
151687  23
117877  23
108928  32
954  80
122924  60
27773  65
648  38
135887  35
568|23
135887  72
147  68
296  69
356  76
480  65
593  74
765  62
1103  63
1104  77
1257  66
1298  67
1895  62
2313  67
2359  67
2863  58
3053  66
3148  59
3261  64
3363  70
8169  72
46723  70
63853  61
65088  63
569|5
65088  82
50  95
380  92
588  85
592  87
570|20
592  57
8636  67
48516  79
1225  75
586  59
2683  57
457  75
1196  70
110  75
4993  74
7361  76
1198  77
1079  69
10  68
3793  72
1391  60
589  70
380  62
527  70
185  61
571|20
185  37
2982  37
2366  63
1128  43
610  66
2902  39
1998  20
3696  73
1980  37
1987  37
70  61
1924  58
2279  67
1327  30
3732  51
1972  28
1278  82
1644  44
2327  77
1978  33
572|20
1978  100
2570  67
2788  80
2321  66
111  100
904  100
2987  89
2302  64
1834  90
2539  58
2917  90
1307  81
1  78
161  69
3421  84
838  83
1356  71
2006  73
3167  71
1953  76
573|20
1953  96
72998  97
3752  75
356  89
7293  78
6754  80
8665  86
32587  98
1073  86
88744  98
1127  79
68954  91
98809  94
2640  82
48516  100
71535  88
59369  93
60069  94
88140  84
1562  54
574|23
1562  67
110  75
150  70
153  62
161  65
185  62
225  69
231  57
292  66
296  69
300  63
316  64
318  79
329  65
339  65
344  50
380  65
410  60
434  62
588  65
592  63
593  74
595  68
575|8
595  48
2580  93
296  76
2581  54
2572  87
2542  74
2574  39
2598  53
576|5
2598  48
1321  75
1373  41
1479  69
2289  51
577|20
2289  54
1183  69
1288  78
1129  61
2944  81
2194  72
733  61
1213  87
2076  60
2020  76
1262  91
1931  82
1391  59
2987  73
952  81
1909  68
260  84
919  70
2248  67
1270  78
578|6
1270  55
52668  100
45668  89
830  100
72407  56
75446  55
579|15
75446  89
2485  74
1022  66
2018  87
838  93
1917  70
1391  63
596  63
1573  78
2965  71
1653  92
2599  78
892  76
2687  74
595  81
580|20
595  52
6583  52
480  72
8844  52
6989  68
3809  57
41569  91
3699  64
4041  86
33166  95
356  92
508  79
8376  83
3578  83
608  80
3785  43
3089  70
1320  52
54286  85
1201  82
581|8
1201  87
5995  90
4973  96
116797  87
3949  88
4306  86
109487  90
6377  93
582|12
6377  80
2959  86
116797  78
4993  81
5618  85
2571  84
76251  81
69844  91
104841  72
48516  82
97752  79
76093  89
583|12
76093  92
88405  94
2706  71
117590  100
317  78
60756  98
6942  71
595  80
46578  67
104  65
2694  58
7451  87
584|17
7451  60
22  74
203  84
315  100
500  73
316  71
539  77
234  85
296  93
257  92
434  73
586  80
338  64
349  73
282  100
480  89
590  97
585|13
590  77
1228  89
54503  81
2959  93
428  82
1405  72
7254  86
441  90
1805  66
296  99
27373  73
5325  85
79132  88
586|20
79132  72
4016  91
111659  78
106002  78
149406  87
167036  87
45499  81
136556  81
5445  91
117851  82
1291  95
71264  90
106489  74
135436  91
3753  89
2640  93
3147  90
122916  93
3793  98
101362  76
587|20
101362  89
628  85
2012  77
534  67
2002  62
1641  75
236  80
1376  89
2622  84
1541  69
3260  100
497  100
3082  76
445  73
3448  88
2574  62
765  72
691  72
329  74
3406  67
588|12
3406  79
16  76
20  62
356  73
350  59
198  60
593  78
364  76
163  69
253  71
223  74
3  58
589|8
3  82
318  91
590  94
373  84
586  87
587  86
527  79
337  89
590|20
337  81
8807  67
2371  68
38061  84
81834  73
40815  72
4890  60
903  80
5  55
3624  61
555  72
4047  72
51662  71
2085  68
419  43
595  70
329  62
2376  60
3635  72
2398  83
591|11
2398  86
2706  79
2712  45
2355  87
3615  52
3578  88
2394  72
3798  80
356  76
223  85
2724  55
592|19
2724  71
2  77
153  62
415  61
110  80
177  60
420  58
380  75
44  58
788  77
588  82
163  76
204  59
610  100
39  67
419  55
253  69
432  62
240  58
593|20
240  63
1073  45
1086  68
1617  72
4034  65
41566  54
1197  73
344  49
8368  65
339  54
2959  72
8961  65
5816  55
2797  58
4896  63
588  76
595  73
5952  52
377  50
141  64
594|20
141  46
2671  62
7115  86
1616  82
5943  75
1188  75
2269  100
1733  100
4902  95
6996  22
780  80
1429  87
6140  87
7046  64
39  66
595  97
799  71
2028  100
8482  46
7169  89
595|5
7169  72
50  100
1186  92
1199  100
1966  94
596|20
1966  58
43744  58
182793  58
129397  57
128908  58
1  79
142488  81
122922  73
4310  58
71838  61
4025  60
2501  72
110102  67
149406  74
2774  58
5502  56
8665  74
6537  62
2571  85
345  70
597|20
345  96
490  71
3040  82
2529  76
2858  90
903  92
3039  82
2000  83
1291  84
357  69
1228  95
1845  84
2411  73
1580  91
1148  94
1198  100
2723  65
485  61
592  82
2692  88
598|5
2692  60
8360  68
593  73
114265  46
103543  45
599|496
103543  43
26567  43
26590  43
26676  43
26854  43
27595  43
34800  43
53450  43
60803  43
69131  43
74696  43
79895  43
84523  43
87960  43
92674  43
98799  43
102735  43
102852  43
104017  43
105020  43
122433  43
157865  43
158874  43
160978  43
161044  43
174727  43
179053  43
1801  50
6035  75
3387  54
33437  53
112  56
5995  83
167706  43
4394  43
836  43
7235  75
8809  65
102749  43
89087  33
42011  37
432  42
471  62
5628  70
1015  43
2  57
2269  46
69  66
3947  60
79091  59
104837  43
4037  67
7587  63
6881  61
1449  72
7225  58
81229  55
68952  63
4728  40
5081  57
33966  43
1779  49
3669  43
87197  43
170297  43
79057  55
95965  43
55207  43
4007  63
1220  64
80831  75
46723  59
71282  64
7757  63
3259  62
92309  61
1376  57
7192  48
4654  52
101423  43
53468  45
62662  43
3174  58
3698  72
2882  37
2359  56
1183  47
2792  51
1095  77
8387  22
53125  55
115713  58
2949  57
2471  44
3  59
1231  65
3861  60
240  42
1480  63
2301  79
1445  35
8045  43
586  46
2942  45
1185  69
4594  43
2474  66
3671  62
3196  75
64839  66
98697  43
2606  53
1777  62
5309  50
7022  81
4873  70
541  68
27311  68
43921  56
67734  54
4240  43
5026  67
168  34
33493  54
4125  28
7354  55
207  54
1094  46
742  37
1609  44
1042  54
3362  66
4553  87
4632  56
2278  60
468  51
122904  55
75416  43
42718  63
4285  56
79274  71
1794  43
45081  66
108192  43
3489  44
3503  71
89804  64
163809  43
577  42
3071  56
1204  78
3981  42
95771  43
45382  67
6548  47
59387  65
166528  66
168492  72
6691  43
605  42
424  34
2991  60
248  52
97950  43
3865  59
1216  63
342  56
35836  60
27772  43
176419  59
151781  43
277  44
6320  26
39381  67
5111  43
4090  63
2450  30
2676  45
2356  46
79702  56
1597  48
410  52
1721  45
3702  54
183301  43
1387  59
2072  49
26729  68
2393  53
4247  31
4591  50
1032  57
3087  53
1895  48
634  29
210  52
2074  70
51575  44
3505  67
5247  32
481  51
4215  39
1355  35
2657  63
2028  70
4011  79
420  37
552  51
1196  70
2395  63
5303  50
1752  49
3186  54
4310  39
1784  54
3200  61
7254  61
688  42
473  38
1079  60
1552  45
1148  73
1544  42
63113  59
2325  59
26649  60
6804  43
161  56
4109  49
34332  46
1653  72
4808  49
7707  43
3468  85
502  36
1221  83
1792  51
68319  36
6787  78
2119  32
3884  26
4254  29
3973  32
103609  43
8934  43
5377  65
42632  66
55290  55
4506  54
7840  60
5568  47
1689  55
7005  43
103228  56
59947  43
786  43
4351  59
172253  43
4679  54
1411  54
117630  43
1590  49
112623  72
3146  63
8984  48
1920  52
519  34
179817  71
3979  49
3741  92
44020  44
26630  43
7285  64
3030  68
1021  34
8638  49
87  47
7153  71
2877  58
2018  59
3173  48
5198  43
7101  56
7701  26
3213  61
26159  59
2339  43
33896  61
2000  66
4006  51
136562  50
37382  60
6645  71
171763  77
8528  58
27008  43
4017  91
4167  49
86142  68
1249  64
3255  60
736  51
2779  56
84414  66
27773  77
2083  60
98499  48
4034  74
119828  43
1993  40
94864  45
6631  33
2321  68
26242  59
3703  62
41566  47
2529  63
1968  71
8914  60
3257  43
159403  43
1036  67
76093  55
5103  66
6947  67
1952  69
2124  53
4084  55
6016  73
778  63
81  53
2171  83
1253  61
4275  47
7982  40
3723  71
849  54
2681  55
6565  71
39414  56
122916  66
6440  71
8917  65
72011  74
1605  50
1240  64
923  69
68157  65
5961  43
5053  43
3571  62
2403  64
3871  73
44238  43
72226  67
7004  42
2054  48
62970  45
5159  52
354  64
122924  44
48774  70
1394  69
3763  53
70286  65
1904  51
3969  61
81562  60
102590  43
233  68
4155  41
1031  76
76  73
459  35
1097  55
1178  62
60291  69
3328  65
1232  77
3036  54
5283  44
4327  54
610  48
2726  68
4732  34
5970  58
2396  64
594  71
1247  74
45499  52
3476  54
2399  38
137218  43
1997  67
3271  73
27801  67
6365  50
1799  60
580  52
122900  52
2803  46
80219  89
466  48
110882  64
3997  30
26176  43
2378  46
117895  32
26662  72
90603  64
119218  43
44  36
809  42
1960  61
4519  43
1959  56
414  37
1073  64
61236  52
1479  58
4019  62
1245  76
37857  79
161032  43
371  47
3020  54
88593  43
6774  71
2005  63
90405  49
26285  43
6793  27
627  49
1617  73
6734  35
108090  43
2427  71
51024  59
122922  68
3440  40
6874  76
4919  62
338  43
81591  54
1704  68
1499  35
357  52
62155  64
144  59
34148  55
53519  54
4504  43
2796  37
216  46
6827  26
1429  54
7445  63
1385  44
90471  52
8425  43
10  53
26542  55
7387  57
72998  64
89470  55
3629  75
1297  62
3424  65
1672  50
44761  83
196  34
70703  43
2383  39
180  55
4040  26
6333  56
4440  73
5291  61
88235  61
1639  73
4580  23
153236  43
86190  51
4477  23
103027  43
32291  56
34811  43
5171  46
122260  43
8784  56
5954  69
8798  56
707  36
880  35
314  62
61323  69
600|20
61323  49
1394  64
3785  43
2717  47
5569  50
4306  77
1206  81
56775  57
2015  60
7  41
2013  68
262  64
1210  76
1060  72
2431  42
2077  44
2423  44
4641  75
527  55
5076  40
601|20
5076  78
68157  90
1262  88
106782  89
60069  88
49272  88
5445  86
1193  87
1207  89
79132  89
904  90
166024  87
1917  77
7153  92
2324  96
170697  82
31658  95
5989  86
88810  91
2571  94
602|20
2571  67
19  43
350  79
494  57
14  71
471  60
125  66
434  61
235  71
481  78
315  53
371  57
474  73
527  71
21  58
349  77
440  70
339  74
480  80
163  63
603|20
163  38
803  38
2008  38
2577  38
3459  38
4787  46
2912  74
1769  51
485  65
4420  38
920  74
1  72
2706  59
1844  79
3787  66
1222  81
190  100
2716  80
3983  77
101  52
604|20
101  63
292  69
151  82
329  67
410  60
426  81
435  69
316  68
22  65
235  77
181  47
332  60
273  57
637  67
285  63
173  55
588  75
23  73
553  91
1  89
605|20
1  59
6787  75
1197  74
5667  59
42738  59
51662  68
7373  56
596  61
780  69
4571  66
2316  56
7454  54
150  74
60040  59
8977  48
3269  57
72982  59
1210  70
62376  57
60937  51
606|20
60937  57
563  57
583  57
3808  57
4671  57
4840  57
5856  57
6111  57
6573  57
8685  57
32728  57
55805  57
3147  85
4392  74
2311  75
6308  53
50842  84
6591  82
8270  75
2025  84
607|20
2025  84
1610  73
448  100
3147  89
1094  64
1307  70
592  70
204  56
1552  64
527  72
3476  71
296  72
2313  72
3440  51
423  60
1518  73
2118  65
2193  54
380  66
2028  84
608|20
2028  96
2997  100
3793  64
2763  72
174  68
2000  74
1214  87
919  85
2700  61
4161  53
5146  48
1639  80
541  81
473  41
2529  71
522  81
4343  60
1909  78
2431  49
1220  53
609|8
1220  75
833  46
356  74
339  63
454  61
318  79
208  57
292  63
610|20
292  52
58975  52
70206  52
78626  52
82765  52
97988  52
107447  52
107462  52
110591  52
110746  52
118082  52
139655  52
160341  52
86644  61
56801  64
61024  84
77561  72
4816  73
62434  71
3972  78
