1|20
260  75
1927  90
804  84
3  86
1009  76
2406  96
1587  86
3671  89
2617  52
3053  85
2571  56
1222  80
2137  100
1377  88
2395  80
2761  88
2641  86
2872  88
1258  87
2700  85
2|6
2700  72
122882  62
71535  75
46970  74
58559  75
80489  75
3|8
80489  62
647  61
6835  62
5919  60
2851  69
2288  76
5048  87
4518  70
4|20
4518  68
1291  71
3408  98
265  77
52  67
4347  69
2467  72
908  100
345  66
1304  75
1923  56
2959  67
368  38
1219  74
4765  70
1199  48
4166  67
1732  78
21  77
2858  71
5|9
2858  85
1  86
364  78
608  77
290  82
261  76
34  95
318  100
21  73
6|20
21  84
318  62
775  69
141  78
348  63
104  79
327  74
410  73
165  89
87  72
366  73
17  58
1084  65
222  70
16  92
416  60
277  69
460  66
867  67
316  59
7|20
316  54
3623  58
8636  67
8360  68
1517  61
466  52
8373  49
1220  71
7155  57
8808  63
6863  91
31878  67
1610  70
1219  92
4700  60
45668  58
8970  78
27741  68
6333  71
8865  42
8|10
8865  100
47  95
231  46
318  94
454  87
292  80
32  76
141  79
380  71
252  54
9|10
252  60
923  94
5890  71
2901  52
922  87
6044  66
1987  66
5378  65
3735  74
5447  63
10|20
5447  72
33679  57
8533  74
8969  59
72720  66
88810  69
136020  70
6377  56
5943  71
109374  40
113394  67
61250  81
82167  72
140110  70
5377  43
77841  67
6942  71
1028  70
72330  67
66203  70
11|13
66203  75
1584  83
1210  91
170  68
1438  65
648  89
1918  52
493  80
10  78
457  79
1693  76
150  89
1923  72
12|7
1923  74
2100  88
838  78
2072  72
1876  89
2581  87
6942  87
13|7
6942  72
3624  66
3798  70
2174  71
47  84
3893  71
305  67
14|10
305  32
477  78
110  56
540  67
597  79
153  63
592  59
4  59
539  80
105  64
15|20
105  45
7438  87
111759  67
2329  72
1  57
1909  86
1240  89
115713  54
1200  80
293  66
2571  53
3949  94
120466  79
1198  97
2028  60
2011  59
158  37
160980  74
4306  56
4022  94
16|20
4022  72
78499  80
913  79
1136  76
1299  73
1617  82
1203  66
3429  74
2858  71
608  67
3683  76
4002  72
1199  73
912  74
2707  69
5782  68
1260  72
319  55
27773  74
2109  75
17|20
2109  99
64839  83
296  98
5952  79
527  80
1193  86
3681  86
1240  78
2717  84
2858  91
1093  78
81932  87
5618  96
50  91
5971  80
2959  78
1201  87
541  89
82459  83
1  71
18|20
1  72
65596  72
88094  72
145283  72
157110  72
166015  72
171023  72
103253  67
60684  82
44199  74
2  72
86628  72
59784  72
2918  74
109374  81
4226  87
53129  78
139385  74
47  62
1291  81
19|20
1291  58
3662  59
54  49
2733  60
1702  49
1240  91
1270  100
3712  57
1881  59
216  32
3  60
1834  64
2184  60
3017  58
2044  50
2354  43
2005  67
3146  39
3387  55
2694  41
20|20
2694  50
5419  51
4014  76
2140  57
586  70
661  51
3189  71
5014  77
1333  74
4161  68
3784  62
1030  54
5313  43
2804  91
2054  60
34  73
1097  91
6358  70
4519  74
1722  51
21|20
1722  63
117922  63
140301  63
57640  61
2985  79
2990  100
2717  64
5418  75
31433  56
112175  71
7153  40
30793  94
4446  83
52973  63
45186  67
2023  73
79185  63
1721  54
102125  79
5459  72
22|20
5459  41
2723  61
60950  56
64575  63
1193  100
70286  45
4993  37
2160  86
39183  50
7147  61
3996  64
3481  63
55765  59
48780  43
7361  59
51540  50
6711  52
2968  56
3949  28
48394  34
23|20
48394  71
3996  86
293  71
1206  69
1136  89
1960  68
7587  71
3424  83
3181  71
2467  66
1248  76
1617  78
6807  66
1952  65
6440  69
1258  64
1243  69
1080  95
8228  76
1711  62
24|20
1711  70
2617  63
111759  69
134853  76
58998  78
1265  73
1198  80
3147  83
1197  75
1220  82
2424  63
5418  73
72011  68
54286  70
27773  77
64957  77
356  79
44191  74
1682  67
68358  85
25|6
68358  100
60069  93
74458  93
79132  100
527  100
260  98
26|21
260  70
34  70
47  73
150  73
153  67
165  71
185  67
208  67
225  72
288  66
296  74
300  68
344  66
349  70
356  76
380  69
434  67
454  71
457  74
592  68
593  76
27|20
593  87
2478  70
2640  72
3508  72
3555  68
1201  68
3519  64
969  75
2080  100
673  63
2886  58
2529  77
1387  68
1101  68
1947  76
1250  93
1276  79
3114  71
1083  67
3809  71
28|20
3809  61
60943  61
61011  61
63033  61
5617  64
59369  66
60046  61
507  57
3300  61
55094  61
59018  61
26695  61
2951  66
3006  65
2231  59
5418  45
26812  61
2058  54
353  77
61167  61
29|17
61167  83
7379  74
1250  91
1201  90
111362  81
48516  96
1100  57
26554  73
3441  69
4327  79
2872  73
2301  84
1617  94
3681  84
55820  85
4223  71
99114  76
30|7
99114  100
108932  87
1200  85
91529  88
116823  91
112852  96
1198  99
31|10
1198  79
1200  70
648  79
1363  70
1073  74
1036  76
1197  72
377  88
1246  75
1270  83
32|20
1270  64
314  74
1356  88
357  74
224  77
627  72
1079  71
1084  80
318  100
761  87
1197  76
849  68
912  64
880  61
1198  84
58  85
203  78
608  77
497  89
410  73
33|20
410  76
17  91
2396  65
2272  72
448  69
428  74
265  70
1280  86
1177  84
1617  81
50  100
261  77
11  82
452  62
345  81
608  100
150  83
1188  90
800  80
2690  76
34|18
2690  58
2273  71
3717  70
26606  68
45499  67
3996  79
4310  64
3624  58
31685  49
1721  53
5146  71
7090  75
70  85
2006  63
3000  51
4306  72
27728  70
3997  50
35|5
3997  82
185  76
595  94
21  73
300  84
36|12
300  54
3066  63
552  63
4025  44
1262  61
2735  54
2359  41
1372  54
1278  71
2194  66
3347  61
1704  55
37|5
1704  100
356  91
661  71
329  82
457  85
38|16
457  47
39  47
223  87
161  80
246  73
168  69
273  49
480  69
356  88
457  94
364  79
50  70
500  50
300  70
551  48
21  68
39|20
21  96
2391  66
1921  79
1862  65
1219  83
1907  82
2081  67
2459  70
924  87
2529  78
1729  81
47  97
260  93
2080  67
592  55
296  89
3213  77
610  82
589  62
596  56
40|20
596  76
454  66
588  76
339  69
158  73
432  71
431  84
186  64
616  72
514  73
21  63
592  74
1  91
223  100
585  68
216  69
104  65
371  74
111  73
267  70
41|20
267  76
64839  60
122882  41
6287  72
1569  71
106920  73
86781  75
3160  39
1721  77
2028  50
6763  65
5418  43
53519  67
122904  62
55247  59
924  55
4011  54
2324  87
35836  61
5995  74
42|20
5995  77
4654  64
1021  57
2423  77
3248  56
4477  46
2500  57
1431  63
195  74
3326  66
2407  71
1090  91
2735  72
3693  63
1020  56
4545  73
4132  66
2263  69
3535  66
2805  62
43|20
2805  83
296  66
596  95
588  98
587  75
420  87
158  97
631  85
5  93
597  83
168  100
355  84
47  65
367  99
519  84
594  100
236  91
1  100
60  79
259  82
44|10
259  72
663  70
12  36
661  93
94  81
1  84
104  76
112  61
494  73
889  70
45|20
889  68
1036  84
2028  96
1653  95
1682  85
2396  75
3249  76
261  83
4308  64
329  82
1367  74
2890  77
593  100
1127  94
2431  62
6377  82
569  68
1197  69
1060  78
2858  74
46|9
2858  89
588  79
315  83
208  62
1  80
432  63
225  84
434  82
339  82
47|20
339  58
68932  63
72395  61
2420  65
597  71
148626  71
5989  64
96588  63
69122  68
6155  61
4975  64
30749  67
106100  63
45950  67
2028  54
4018  64
1259  78
6373  62
33166  71
2407  49
48|7
2407  88
1320  80
1527  89
1193  75
3793  64
48  63
1653  97
49|5
1653  84
1214  84
139385  87
318  88
527  85
50|20
527  56
114335  56
136564  56
142074  56
171759  56
175693  56
179073  56
175707  56
71264  51
82848  56
1377  55
44555  61
8157  58
6807  75
95543  56
8253  59
96610  54
924  77
32875  56
4896  56
51|20
4896  75
5620  59
2613  66
4437  91
2023  66
1500  62
522  84
858  100
4508  74
2951  77
1014  67
1407  94
2282  69
2420  89
3388  56
260  95
3186  62
3994  83
3501  71
2371  73
52|20
2371  90
51255  87
74458  71
1923  82
7438  88
40583  79
59784  84
55765  95
112852  98
86892  82
55363  81
112138  76
49272  85
52245  77
69481  87
50794  73
1704  88
54736  84
44665  94
47200  73
53|5
47200  70
1100  82
249  90
1125  88
916  85
54|7
916  61
593  63
639  69
1  57
205  70
161  58
500  51
55|5
500  43
673  35
3275  81
2890  66
4011  60
56|10
4011  54
253  61
165  73
110  78
589  83
370  64
434  61
410  64
69  72
185  67
57|20
185  70
942  79
920  75
3175  75
1784  69
3429  75
933  86
1193  60
3446  57
160  44
1499  24
2640  76
892  77
11  90
2947  87
6  92
2478  68
2291  76
1688  69
2301  69
58|20
2301  69
282  68
185  75
419  70
367  46
277  72
48  73
280  79
337  87
345  79
3  77
357  91
527  100
587  84
218  77
500  78
508  96
368  90
364  91
353  76
59|20
353  75
6460  96
3489  77
1188  92
1222  72
2076  80
3448  80
1263  90
1247  79
527  81
1244  92
904  99
903  81
965  79
2616  50
1953  75
608  100
105  72
912  100
3471  82
60|5
3471  71
58559  65
805  75
455  65
858  73
61|8
858  72
1101  74
7438  85
173  63
555  77
2012  69
4878  87
3949  81
62|20
3949  83
176371  75
3793  68
56757  84
73017  82
30793  66
179819  77
68554  75
185135  80
168248  84
5903  80
4878  99
2028  83
5502  91
6058  69
344  66
1721  62
45499  82
41566  79
78105  71
63|20
78105  65
4246  72
48780  79
500  47
6016  76
31658  75
2858  90
64285  74
85414  71
1221  43
106696  73
4963  97
50  100
1097  67
260  96
110  95
1222  52
4979  63
5952  76
77561  69
64|20
77561  82
3101  76
2640  71
2959  80
8784  95
2054  71
4239  73
4025  64
5026  74
40819  91
266  68
2699  55
27266  77
3969  81
1805  78
6296  80
4776  81
3148  88
4262  77
356  86
65|7
356  83
33660  77
7458  72
2329  79
4993  79
91542  76
3147  86
66|20
3147  93
47  85
5418  86
922  96
2139  86
2956  71
3745  71
1956  89
4581  76
5349  76
1210  61
1094  84
2001  76
380  98
6539  71
671  70
1  76
6378  73
7766  82
296  96
67|8
296  81
4306  80
27193  79
79132  81
60069  85
2012  67
4886  79
4993  46
68|20
4993  66
95218  66
6534  59
48696  62
67267  66
30825  62
1799  73
3556  47
8622  60
4351  67
63113  67
58295  71
7151  67
2413  63
6287  78
653  55
41566  68
5541  61
260  75
48043  67
69|10
48043  69
4848  72
3671  82
2476  91
1193  89
356  98
553  91
4022  83
260  96
3994  89
70|13
3994  88
1097  83
1914  80
1269  89
4995  75
318  82
8949  92
1968  85
1210  85
89492  83
1250  86
1235  86
2366  91
71|7
2366  87
647  80
736  88
95  79
733  79
589  78
7  66
72|9
7  69
150  90
858  96
2490  71
1357  84
260  85
50  87
1198  88
1196  84
73|20
1196  85
45720  88
105037  68
6333  82
59315  97
76293  68
138204  73
2706  56
152081  84
45221  63
68135  72
150  43
8376  57
93510  68
59784  66
116823  75
106072  68
1682  74
52245  57
35836  67
74|20
35836  77
2594  84
2908  95
30749  85
6870  82
3006  85
52281  84
49772  81
55118  76
2997  85
6305  81
608  90
4546  81
41863  76
27773  95
6001  84
1251  89
6552  80
46976  79
44555  95
75|14
44555  73
1240  77
5952  100
2193  56
6870  71
2529  80
168  89
541  83
3176  59
1962  65
2078  73
1889  73
1266  69
1374  72
76|20
1374  61
5956  80
2918  68
58803  66
1247  77
74458  95
7669  64
79132  64
8957  53
858  76
55820  100
1258  55
63436  61
1201  44
1208  80
48  43
288  72
34405  65
1  46
1196  84
77|6
1196  73
4973  63
7361  60
8636  100
3578  79
33794  67
78|13
33794  69
165  76
3809  60
589  90
546  62
27904  70
260  80
590  66
480  95
68791  50
344  50
44974  67
380  52
79|13
380  92
3029  75
589  77
1916  89
307  87
4005  79
260  100
1189  79
1345  80
2000  79
1374  74
2659  76
2076  75
80|20
2076  86
96691  76
84189  79
91630  81
49530  83
8950  93
6539  74
4223  87
5630  81
3527  90
76251  84
80363  75
52604  84
6502  79
34048  97
1221  88
60684  92
6952  77
5989  91
77561  84
81|26
77561  70
32  73
47  73
110  73
150  73
153  67
161  72
165  71
208  67
231  66
288  66
296  74
316  68
318  80
329  70
344  66
356  76
364  75
367  69
377  70
380  69
457  74
480  70
588  70
589  73
592  68
82|20
592  67
2381  65
2378  68
6566  72
368  45
6536  70
3253  69
4310  65
1608  74
1372  82
145  70
356  71
6708  65
1485  60
4369  71
6564  72
6888  61
5803  67
4015  76
364  78
83|20
364  65
7143  68
7323  72
6539  68
161  47
586  66
2115  49
1270  74
6874  52
2324  81
1537  66
7153  68
68954  73
48774  64
30749  78
8014  66
1222  80
3753  74
1223  75
64983  69
84|20
64983  70
987  70
912  100
1096  78
420  53
1227  84
113  67
580  61
5060  78
1293  77
900  76
1097  83
62  80
368  78
1305  75
1247  77
1296  85
11  63
1073  69
1094  80
85|7
1094  71
1624  66
1140  71
1694  60
1643  73
1747  71
1635  74
86|14
1635  85
4310  70
6947  79
2411  72
457  81
5418  72
3996  92
4901  76
1835  79
33794  73
1196  84
3555  61
1097  76
2687  74
87|5
2687  64
2009  73
3504  81
671  80
2139  78
88|12
2139  70
74795  68
4993  100
68157  87
5952  100
1193  89
223  95
8665  84
4262  86
56782  90
8677  70
58559  88
89|104
58559  70
32060  70
44851  70
53280  70
53578  70
67888  70
69211  70
81087  70
84246  70
103602  70
108078  70
109596  70
118894  70
121007  70
128089  70
128944  70
131098  70
131439  70
134847  70
140481  70
146684  70
148632  70
150554  70
164226  70
30793  69
169912  71
87869  65
1923  69
4015  76
950  72
173253  70
2324  62
27826  70
92259  42
11  42
3977  94
86298  80
8154  65
77688  70
2997  47
170837  70
49274  82
157775  70
1  46
142196  70
99117  62
62008  70
72624  70
108156  74
3752  65
2059  69
128520  72
3175  43
133879  70
48649  70
126088  70
5529  78
65588  70
99130  70
40962  73
1732  62
68659  61
91666  70
2683  55
3751  66
750  49
6650  72
149508  70
2395  59
51575  77
65230  69
171751  70
85881  63
139157  70
6863  66
4246  76
108949  70
1230  56
160567  66
73319  75
177185  70
130520  77
5220  84
121338  70
153386  70
50872  56
149566  70
145491  70
4890  52
129354  72
32243  70
84944  63
6402  70
1288  66
140133  70
119141  93
947  80
176621  70
4973  68
158398  70
69469  70
54503  61
141928  70
102481  69
90|11
102481  75
1144  75
581  82
81  65
892  75
1073  100
116  68
896  68
17  98
7  58
613  70
91|20
613  67
6395  67
8147  67
7153  93
3360  51
2791  77
3897  63
1080  80
4850  64
3429  76
7000  65
2060  60
2916  73
1391  66
2100  48
318  76
2146  70
1225  63
1246  55
8501  66
92|5
8501  75
2114  79
1015  64
2454  74
1801  78
93|20
1801  87
1917  84
552  83
1721  95
539  85
480  88
1372  84
368  80
2355  82
1923  89
2193  84
2006  85
339  86
1097  95
1591  79
260  95
2968  79
1676  77
593  100
558  81
94|12
558  49
377  77
367  60
364  66
288  37
19  45
10  78
586  65
590  54
380  78
589  94
318  98
95|20
318  86
4878  100
6979  79
4732  64
3019  87
5246  62
32  74
2952  84
1247  76
1198  82
5283  65
3361  87
1513  72
2009  73
539  76
122  64
1584  86
1240  100
4262  91
5349  82
96|16
5349  100
1094  75
272  91
3819  68
150  80
2021  71
2571  70
1214  97
2058  82
1220  70
733  93
2340  62
1721  100
2396  82
367  68
1291  73
97|8
1291  69
4306  87
3578  86
4993  98
4963  83
4299  70
3981  65
4161  74
98|19
4161  82
8961  74
122912  92
5299  70
63992  67
187541  73
56152  69
134853  72
69644  63
6863  74
5618  93
56801  68
3499  79
134130  76
74789  68
82461  82
1258  79
88810  91
79132  77
99|11
79132  97
161  100
420  48
592  80
196  66
122  54
145  93
150  100
316  87
236  76
588  96
100|20
588  74
296  68
1393  77
95  100
592  59
605  82
6059  79
28  76
2245  80
62  94
4308  83
1777  70
838  92
2125  82
1288  62
234  76
1197  78
2005  72
4014  86
4623  78
101|13
4623  80
3285  71
2723  80
2700  83
2908  91
2390  78
3175  56
2395  85
358  67
2702  80
3394  58
2997  90
2502  98
102|12
2502  65
588  81
150  81
592  75
253  80
480  61
344  54
539  64
553  78
593  93
586  73
223  82
103|20
223  75
1954  86
60040  69
1968  85
77206  75
2161  90
1732  92
81834  58
608  100
2384  75
4254  64
104  92
139642  85
56782  100
2096  79
101  70
6534  52
374  65
60069  76
30793  56
104|20
30793  68
743  67
5218  88
8643  59
1288  69
47997  75
468  52
76251  69
8533  77
4018  70
38038  73
1566  40
7361  82
6060  70
3034  70
1641  89
4641  63
108190  79
616  80
7034  66
105|20
7034  79
69685  79
95311  79
95313  79
110586  79
141816  79
141818  79
170597  79
172587  79
172793  79
173351  79
173535  79
6433  75
4974  76
70286  76
108981  79
95175  79
69122  75
1243  80
3916  81
106|7
3916  93
72998  83
59501  69
86880  68
5349  79
53125  88
59784  82
107|7
59784  58
253  78
590  89
165  81
434  69
208  56
318  84
108|16
318  89
6022  74
4995  82
2585  74
5316  72
4975  76
3978  84
5349  57
2926  70
4246  55
4878  94
4994  75
1968  80
1684  71
497  88
5380  74
109|20
5380  54
1033  66
231  58
364  82
589  60
480  55
62  76
31  52
587  75
1032  67
586  49
778  81
540  48
256  52
163  58
252  68
223  72
553  70
537  64
168  63
110|11
168  65
2468  50
1198  84
1089  79
1222  73
1208  88
4881  78
47  66
527  87
1193  81
2428  51
111|20
2428  68
162602  68
171251  68
2145  79
96588  68
65088  73
66203  44
84772  73
2081  64
91529  73
6365  62
45666  65
3255  64
1282  76
6539  80
86833  66
122882  75
59143  70
86911  72
5283  69
112|13
5283  44
161  66
1917  65
16  98
21  87
208  72
434  50
39  49
3717  67
19  58
110  83
32  80
70286  89
113|20
70286  70
39  59
3168  84
932  80
2331  67
3359  76
1086  76
3504  83
1339  82
904  92
3546  70
4063  59
4062  65
1077  81
1589  76
2475  77
3831  76
46  63
1733  68
4007  69
114|7
4007  69
54001  60
2291  91
167732  69
122886  63
8961  62
3147  67
115|20
3147  71
2804  77
1387  100
2792  55
3146  54
3273  67
3052  44
2841  73
2719  58
595  67
2700  59
383  67
2027  50
2148  71
2770  50
3785  58
2916  79
3175  78
588  74
1377  69
116|18
1377  94
858  63
1299  60
62383  69
1339  58
1276  72
597  82
1029  63
1101  72
2797  51
2657  68
1961  79
1407  43
5995  69
1704  64
165  64
2115  75
8360  56
117|20
8360  75
587  82
589  63
151  84
36  60
1036  86
595  79
288  48
596  78
48  79
315  64
454  79
353  49
474  78
10  55
60  66
805  72
491  67
616  75
485  65
118|5
485  92
1625  66
153  64
1961  74
1810  68
119|20
1810  73
117176  85
1092  62
91529  82
74458  86
4387  80
79132  93
168252  89
44022  75
78499  79
122904  83
106782  88
442  60
4993  81
31685  73
6365  100
141004  75
4148  74
88744  77
8644  87
120|5
8644  99
32  75
5  44
631  69
52  71
121|12
52  74
440  67
161  66
527  76
292  67
344  54
186  55
316  73
1  54
19  60
163  63
337  54
122|20
337  86
69784  81
7022  97
148652  84
4816  81
56174  85
94959  88
81591  95
71535  89
30810  91
2997  99
1732  97
108932  88
780  78
1090  93
3253  68
106782  92
72226  95
1200  100
1214  89
123|12
1214  72
115569  78
79132  67
109487  88
1196  78
4226  74
296  90
7153  76
143458  73
47  75
96829  77
2858  84
124|10
2858  79
2161  85
260  96
175  81
1358  79
6377  86
4226  88
3147  83
608  97
1223  94
125|20
1223  74
86721  74
110330  74
54503  77
72011  80
162578  81
119145  80
176371  95
55247  68
1240  94
86332  67
68157  82
112623  79
4082  72
160567  72
3342  72
109487  78
88140  72
98607  74
81562  74
126|8
81562  82
349  62
231  46
380  77
410  76
300  81
253  65
457  100
127|5
457  68
903  64
55276  65
5060  66
272  70
128|7
272  97
965  78
926  84
1066  81
1721  74
1080  69
1198  70
129|20
1198  66
480  67
3698  76
2692  71
2138  79
1968  73
8368  71
653  81
7143  77
316  61
6874  92
239  69
2916  71
733  82
4896  72
2028  80
3977  90
3000  87
1907  67
31658  78
130|6
31658  85
316  69
292  74
110  80
590  60
296  81
131|14
296  64
6947  64
58559  79
908  74
4878  74
89745  72
7256  72
68237  77
2722  58
2028  77
48516  73
3178  62
64614  70
969  76
132|20
969  61
3275  87
4995  87
2987  61
7444  61
3262  62
4168  63
31658  61
44191  76
1089  65
3967  58
5502  76
50  84
58559  72
5992  63
2108  63
1844  62
2657  66
47  70
2470  54
133|7
2470  52
356  60
589  65
150  65
153  76
380  56
527  55
134|7
527  60
595  67
349  75
380  79
367  51
509  65
296  89
135|20
296  83
4084  63
893  72
3994  62
2004  68
608  75
1358  83
3852  79
3489  75
1614  63
1198  99
4128  79
1883  50
2302  65
1291  68
410  68
1261  92
4022  46
4881  73
1077  71
136|20
1077  76
193  54
585  77
338  56
277  84
380  75
181  69
337  90
437  61
165  39
611  68
151  78
340  71
252  79
432  63
552  59
350  92
280  90
273  82
150  77
137|20
150  83
2716  72
1198  100
750  91
919  84
1270  80
318  62
150  61
2997  93
1200  61
6986  73
7153  100
1242  92
110  72
33493  55
1197  74
2959  85
1237  87
903  73
7762  79
138|5
7762  67
1960  68
1959  72
849  74
3996  68
139|20
3996  40
7445  42
60684  54
4865  42
68319  39
7090  49
5502  45
260  49
8371  32
53953  34
58025  47
106782  43
6957  40
7163  36
3827  49
3624  42
52722  61
54259  45
4367  37
115617  40
140|20
115617  68
5299  76
1393  74
356  94
609  72
32596  69
4795  69
34072  70
1617  60
5256  67
5943  61
1084  67
4337  68
3108  68
43396  69
4719  61
1005  69
4321  75
5812  66
4259  70
141|20
4259  61
54503  65
4963  89
2478  58
71535  77
317  77
68954  67
54286  61
6365  61
54272  78
4447  71
5502  71
6377  70
6373  62
1265  49
91529  73
2502  88
441  78
1517  73
48516  100
142|8
48516  62
384  72
588  73
50  78
527  96
356  85
337  75
377  82
143|15
377  100
61250  88
6942  92
7169  72
8533  75
106696  66
3421  87
87232  63
78316  67
69069  66
59421  65
2144  56
96821  59
7173  81
500  87
144|20
500  56
541  59
8368  84
597  73
590  90
410  64
1246  89
527  86
356  98
500  82
19  59
2700  70
434  61
733  68
780  78
1036  50
5377  82
552  57
586  46
2081  66
145|5
2081  61
339  65
380  68
318  95
588  84
146|7
588  63
3257  56
32  77
1367  70
3686  56
410  57
47610  68
147|5
47610  78
168  76
552  58
555  71
2395  66
148|10
2395  70
5618  75
108932  70
81847  69
72998  62
5816  77
8368  77
7153  58
81834  78
4993  68
149|12
4993  49
1374  59
1831  37
1527  60
260  61
173  40
1206  50
1200  100
2021  64
1580  79
1391  66
1375  44
150|6
1375  66
1356  79
5  62
95  72
733  76
1073  78
151|12
1073  75
562  72
780  82
837  75
747  70
1265  83
828  73
1073  70
1  79
648  80
1393  58
1359  77
152|13
1359  75
2959  80
116897  78
89492  67
1193  78
69481  74
85774  76
115713  79
111  89
92259  88
1234  86
79132  81
318  90
153|20
318  64
1732  63
8533  44
4014  50
81456  58
106782  76
8528  48
6863  28
87194  53
2617  47
1246  59
106100  41
1954  53
7458  24
4226  50
89904  80
72998  26
133780  53
586  15
36535  53
154|7
36535  76
119145  80
81834  98
122904  100
106072  79
76093  100
77561  91
155|10
77561  73
3286  73
1200  72
260  73
141  59
2355  67
2384  70
2948  63
432  74
2959  67
156|20
2959  71
31038  71
1230  83
1711  62
3341  76
6296  70
762  54
2361  75
2076  83
4784  67
661  81
2926  79
8571  71
47  82
3176  76
58  57
848  63
866  76
1485  63
923  84
157|5
923  71
3617  81
2720  49
2770  51
527  93
158|6
527  73
2605  76
2872  69
2723  58
2428  77
66320  70
159|20
66320  53
60069  92
45720  79
597  74
4022  59
89864  62
49286  75
140110  65
84954  69
4447  60
1197  72
68954  83
6942  69
1961  65
106696  92
480  91
539  63
166643  65
40819  70
63082  75
160|20
63082  55
1371  59
1198  85
196  15
3408  41
5349  45
3213  68
2408  44
839  37
3593  38
2748  64
533  52
1975  37
1676  60
3745  59
2011  71
733  69
3826  30
778  62
2840  41
161|8
2840  72
7247  84
47610  56
1223  77
38038  80
3429  77
2144  74
2336  79
162|8
2336  95
225  67
168  85
50  88
300  93
266  63
31  78
62  86
163|5
62  62
1810  67
1747  82
1777  63
1837  60
164|8
1837  84
2916  81
110  96
589  94
3527  88
1101  81
1201  94
2167  75
165|13
2167  76
3624  79
110  85
5505  76
5527  71
3256  71
5956  57
5418  86
5530  60
5450  67
1127  72
3409  50
5881  59
166|20
5881  76
1721  58
4011  78
5378  77
3481  100
49530  98
2353  67
47644  68
54272  77
8961  87
1198  96
2542  97
1036  75
608  96
434  71
5219  70
5418  64
2396  83
349  82
2324  92
167|20
2324  75
4886  60
778  77
3052  77
7147  75
6857  78
45501  68
6480  67
1682  80
2231  72
784  43
33794  84
2083  72
2413  66
6333  87
8961  73
2139  71
150  63
6773  59
35836  81
168|19
35836  100
1248  96
1201  100
1089  95
296  84
923  96
1222  86
5291  90
3543  88
1302  81
3362  89
1148  85
3101  72
57669  95
2076  99
1729  81
908  100
85354  62
80463  90
169|20
80463  73
2028  78
364  87
953  83
4886  86
5400  72
8644  87
524  73
2795  82
1022  90
3114  87
3967  95
1517  96
1035  93
8641  84
6365  91
661  64
457  86
3287  78
1416  83
170|10
1416  80
296  84
586  71
377  51
34  78
592  65
277  66
500  56
266  51
588  61
171|17
588  79
1220  93
1025  91
801  74
1259  72
1079  100
828  76
317  69
869  81
380  87
1136  100
1225  82
661  84
318  100
47  96
1198  83
1208  93
172|6
1208  74
3578  71
7438  62
2072  78
3793  73
2762  67
173|5
2762  69
329  70
586  73
597  66
588  77
174|14
588  69
520  75
224  58
648  91
161  95
317  69
158  96
780  96
315  59
485  83
282  65
440  74
350  72
10  88
175|5
10  61
8911  70
43904  81
38388  70
8362  74
176|8
8362  77
434  73
39  69
368  75
380  87
780  89
47  78
471  79
177|20
471  71
91542  82
6332  64
3668  72
45672  52
783  72
27706  59
2657  57
114662  68
1206  92
83132  70
5218  93
508  76
3114  71
1321  70
2176  69
8798  76
88140  74
2012  87
339  59
178|16
339  85
527  88
2329  94
5995  87
6502  83
4235  92
1198  90
208  76
6539  77
296  92
349  73
10  62
4226  100
1240  67
2579  75
318  88
179|14
318  78
589  85
161  80
231  53
288  65
743  69
1061  78
317  83
786  77
592  62
671  77
296  73
434  69
364  95
180|5
364  69
260  87
1748  74
1242  82
2140  68
181|20
2140  67
593  61
596  65
353  74
539  74
516  74
132  62
169  56
25  55
31  70
542  53
6  53
707  50
185  49
464  49
502  55
415  60
480  77
592  45
344  60
182|20
344  70
6969  70
3911  72
2728  73
4313  70
8042  77
1291  51
3113  54
3578  66
1590  56
161  67
4452  59
224  71
4980  76
4262  87
2353  82
2890  63
1127  70
541  96
6041  71
183|12
6041  91
380  90
1196  73
2951  76
2534  64
4085  77
1287  82
2194  77
3247  88
1233  74
2662  80
1408  78
184|20
1408  69
181413  69
193565  69
97304  87
74754  61
168250  78
191005  69
106072  61
166291  73
127152  74
86332  71
80463  98
5816  61
122898  59
81845  87
5810  72
170813  62
174479  69
112852  97
148626  97
185|10
148626  68
2396  76
5377  81
1721  45
5952  80
1393  59
595  86
2085  69
4995  87
899  86
186|20
899  76
1214  100
1291  100
3745  85
1269  88
2527  82
2532  80
4361  74
1307  81
2968  79
4306  91
2541  75
1702  76
480  83
1097  100
3977  67
919  78
3527  88
593  90
1196  90
187|20
1196  72
3949  89
49272  42
231  63
1206  93
6874  89
1729  66
1209  72
48394  86
6502  59
2701  60
4027  59
288  89
2542  67
7153  68
39427  65
6890  76
1222  77
8949  75
1748  83
188|10
1748  71
1212  90
594  93
1282  93
3469  75
2396  95
1091  84
3341  76
1264  77
2206  81
189|5
2206  82
4993  79
79132  78
2959  81
58559  79
190|14
58559  91
4776  67
8784  71
4995  61
5630  65
4306  71
30749  79
1221  99
4975  60
8961  81
858  90
8464  72
69844  87
7438  89
191|17
7438  70
21  45
72  54
175  95
494  32
417  89
17  76
6  92
85  79
292  36
314  89
58  96
235  79
213  85
161  63
160  56
162  81
192|5
162  74
288  50
316  79
349  74
432  80
193|7
432  80
55442  84
4878  67
6016  82
307  74
1270  52
5618  95
194|5
5618  73
1396  70
1500  76
1288  64
5060  71
195|20
5060  75
2770  66
1041  78
1653  75
1923  71
3160  72
4723  62
1863  54
2336  78
2166  68
4308  57
1909  77
260  88
2028  93
3252  73
2908  66
1392  67
1365  70
70  69
190  77
196|7
190  61
3578  60
59315  76
58559  76
364  100
1214  60
110  84
197|7
110  58
1240  82
1882  80
786  71
2167  75
153  78
1784  79
198|20
1784  67
3499  80
920  72
1213  64
3949  79
1994  85
1485  62
2572  73
4019  65
1089  70
110  69
593  91
4128  63
1270  87
4886  84
1079  76
2117  66
912  89
1573  76
1682  60
199|20
1682  68
2165  69
2280  61
736  43
5673  75
349  78
5502  74
482  81
8532  65
1172  70
300  82
50068  73
4881  68
3175  71
7445  52
2973  76
34338  65
41997  75
1956  77
377  83
200|20
377  85
7022  76
50802  72
3968  89
2485  67
500  76
5610  66
590  65
1029  67
53996  45
2572  75
4993  100
4041  64
57640  76
1302  70
1784  87
6383  54
1653  86
1569  78
1517  94
201|20
1517  70
1527  81
1584  88
2858  92
339  88
589  97
2717  71
994  84
788  78
1196  84
2797  94
733  73
1259  95
2174  80
1198  100
2455  79
1569  70
1213  100
160  65
24  72
202|20
24  71
924  81
29  80
2289  80
1197  84
1196  100
2966  80
161  76
608  85
1209  90
1296  83
3194  74
1784  70
469  73
923  91
2000  78
1587  72
1719  87
3147  67
32  75
203|9
32  91
8665  81
2407  76
5952  100
590  71
49272  91
40815  78
333  85
296  62
204|17
296  81
3949  80
33794  67
48394  87
27075  70
1080  82
79008  81
6104  88
8874  92
81591  90
4878  93
91658  88
711  63
2313  83
86320  65
55820  85
5218  66
205|6
5218  80
99114  75
91542  76
5816  81
95167  73
96079  81
206|5
96079  94
608  94
733  67
140  71
141  69
207|5
141  71
2428  42
2707  60
3740  67
100  56
208|6
100  78
2628  63
380  71
2353  61
2278  80
2762  84
209|7
2762  81
1291  89
68157  91
74458  73
185029  78
122886  73
88125  82
210|20
88125  75
34405  100
166203  75
3147  64
31696  91
7649  78
58559  99
2105  67
6365  93
34397  75
4625  76
84772  83
122926  83
76093  89
62836  75
33493  91
1584  56
47610  94
108932  64
122918  75
211|18
122918  98
63113  73
90405  77
57669  87
60684  78
7153  86
73017  88
2105  90
4367  49
356  83
2642  63
1556  53
318  100
44665  77
85414  74
1198  100
1136  85
260  80
212|20
260  69
122920  70
122892  71
2571  67
5218  64
48394  84
3578  87
1196  80
135143  71
74795  72
179401  67
79132  69
77800  75
108932  72
110102  69
96821  68
8874  64
65261  77
59784  70
2291  73
213|17
2291  77
87520  73
80363  70
76251  78
8957  67
2860  68
1234  85
5419  77
51935  90
69844  82
39446  77
4132  67
858  89
69526  62
4558  71
49530  78
58559  88
214|5
58559  67
628  64
743  55
1363  63
802  54
215|20
802  89
4973  64
63082  85
1291  84
2028  74
3252  80
3210  64
1968  79
1247  82
49272  83
1089  72
72407  54
5650  72
318  89
1208  75
2000  76
1197  91
1196  99
1297  82
4019  93
216|20
4019  71
21  97
3996  77
3946  70
2946  66
3993  63
3897  76
2599  100
34  100
3994  86
4034  86
3363  90
1965  81
3422  74
3555  72
3253  67
2087  77
3986  55
2018  64
1923  68
217|20
1923  59
3434  59
1275  74
2468  52
3197  64
1912  57
2302  75
1876  61
380  81
1221  73
2471  44
1918  46
1385  56
3165  59
1590  46
1562  59
1703  66
2056  59
1831  40
160  36
218|6
160  70
2692  75
1380  75
1198  78
6934  47
5349  55
219|20
5349  46
2115  88
59315  56
6539  68
442  68
30707  70
1704  68
180  86
1219  74
1005  54
27773  81
56156  56
6188  77
6721  70
30825  57
2997  54
1552  52
1500  56
2890  66
1921  74
220|20
1921  100
733  75
1198  94
3994  77
6539  99
1258  83
1917  57
4545  61
33794  97
165  68
71264  76
4623  74
53464  68
5218  84
6365  90
3751  61
32  67
1036  100
5502  76
1591  60
221|20
1591  75
7013  79
8529  66
1080  78
3246  83
2871  86
1208  73
7063  85
2702  75
4029  80
5954  78
2352  86
922  99
2997  91
1278  91
2858  93
1212  83
1959  79
1961  92
3671  76
222|20
3671  63
100498  53
48516  74
1249  73
99813  67
91529  49
59900  51
93287  66
1721  46
2706  54
3273  32
2411  66
64622  66
7143  71
87869  69
778  70
30825  58
42011  54
673  67
64839  67
223|15
64839  65
6711  69
1  85
736  61
1961  72
457  90
2716  85
48394  60
608  56
8784  76
48516  67
3863  62
4306  77
260  72
2683  63
224|11
2683  72
3044  85
356  94
2915  76
289  66
3668  69
1270  69
2797  81
1721  77
2716  82
1259  99
225|15
1259  85
1285  55
588  84
1717  86
2791  94
1321  73
1136  83
1197  100
1753  73
2004  74
2371  73
1407  90
785  80
1060  83
3024  72
226|20
3024  69
32666  69
3552  91
542  41
1240  64
3098  75
2804  73
3668  69
3653  73
2231  81
145  73
2253  51
3052  80
2628  47
762  34
53129  80
4816  75
16  68
2144  74
46948  73
227|19
46948  100
52319  80
81845  82
109487  100
134130  89
215  76
48738  80
47099  88
1196  75
32587  91
912  100
55721  78
1682  79
750  94
778  85
40629  84
97913  82
70286  78
150  71
228|5
150  91
1373  69
362  72
318  92
3113  67
229|13
3113  73
589  67
377  79
45  61
587  78
5  62
475  79
442  75
597  66
364  81
213  66
110  72
527  74
230|20
527  64
52715  64
47  78
7438  38
527  29
3147  58
45499  82
6537  64
2291  67
1387  51
6863  67
1485  55
595  55
4022  58
2096  67
588  48
4034  57
1676  72
8644  93
2641  45
231|5
2641  82
858  73
593  90
1198  80
109487  82
232|20
109487  65
41769  65
57526  65
70336  55
8644  75
1586  67
44972  53
4019  76
43928  47
30883  58
65802  63
8376  41
39292  72
1035  56
66198  66
66097  81
32011  54
6564  55
7451  70
33164  43
233|20
33164  68
3751  67
48516  79
1721  66
356  59
106100  61
162600  66
608  67
7153  70
134214  68
57669  86
122920  62
2329  76
4239  73
7371  64
3977  53
3147  84
3948  74
49272  65
5418  65
234|20
5418  70
2140  64
172  69
126  60
1562  63
4519  67
153  78
2710  64
3624  72
3483  65
1391  66
438  64
1460  70
2987  89
65  49
260  90
1359  67
3175  79
588  100
2080  87
235|13
2080  71
736  85
500  84
454  71
592  64
235  70
595  91
32  67
527  100
648  69
223  91
588  74
377  81
236|30
377  72
1278  71
1345  67
1350  71
1387  73
1388  69
1982  70
1997  71
1998  69
2447  69
2459  70
2490  70
2496  69
2502  74
2505  69
2542  73
2572  72
2580  72
2596  70
2598  70
2606  69
2657  69
2683  64
2694  69
2718  70
2770  67
2806  69
2858  73
3024  70
3052  69
237|10
3052  71
4254  59
94959  68
293  68
1371  66
1193  73
7361  71
7980  69
43936  62
1374  73
238|9
1374  64
3528  73
4265  68
4901  69
4238  73
593  56
4499  79
4957  76
1193  84
239|20
1193  100
5459  68
4085  70
380  80
95  57
7445  83
608  69
7147  93
6378  75
2115  78
4896  72
36529  88
3994  100
33679  89
47  100
590  79
4022  87
208  56
733  79
51662  86
240|20
51662  73
543  69
480  73
367  76
810  71
500  91
546  68
110  67
173  76
1  79
542  73
104  92
34  89
174  75
204  72
225  94
383  71
262  91
434  72
420  79
241|16
420  73
71899  74
527  77
1206  73
1193  83
99114  72
100714  73
8981  72
53123  78
116897  67
56367  76
3910  81
106782  74
115569  71
4235  82
48780  64
242|7
48780  61
380  60
231  75
457  62
592  62
454  60
111  79
243|8
111  68
353  54
62  67
588  80
193  77
586  80
181  79
376  71
244|19
376  81
1049  54
110  78
257  66
165  73
151  80
1090  82
3755  51
2278  71
648  83
1580  98
1957  77
1610  100
1196  97
3256  84
1573  59
1242  93
3753  83
2243  76
245|5
2243  61
2739  61
3114  66
3274  60
1361  70
246|20
1361  83
616  78
1680  89
6016  88
3081  62
44191  82
60684  100
4973  88
1732  81
1298  78
53125  87
2291  81
2692  86
293  98
4011  100
5013  86
60069  87
48082  83
82202  71
95167  88
247|20
95167  67
593  73
2858  96
49272  96
1961  76
44191  94
527  53
116797  77
68358  67
122886  65
480  100
223  61
1265  100
2078  57
1198  100
1682  76
6377  100
1089  82
953  83
919  68
248|11
919  73
1198  83
166528  72
176371  73
316  62
147374  72
102903  58
189333  73
122912  73
58559  82
5218  75
249|20
5218  73
102903  71
2167  68
94959  75
84601  74
2395  57
97306  74
3408  81
89047  73
91500  83
91542  76
40815  76
69844  84
904  90
46723  73
3826  58
68791  70
88812  69
67695  70
50  68
250|6
50  77
2407  69
318  100
1597  73
1246  100
8880  76
251|5
8880  80
293  89
356  92
318  98
1089  100
252|8
1089  86
89745  83
6377  86
164909  79
1682  76
166643  77
143355  76
78499  87
253|10
78499  100
916  94
608  100
2300  99
7099  97
4217  78
26366  75
1192  89
4642  98
3363  91
254|20
3363  79
44195  80
207  69
49278  75
6333  76
780  76
110  87
1210  91
49272  98
27846  77
32587  93
2571  95
44929  78
47  90
293  98
1580  58
5995  95
32  72
592  74
48394  77
255|9
48394  67
4467  60
2023  61
3501  68
1663  58
1394  40
3392  69
2542  44
2915  65
256|20
2915  80
88744  66
377  100
4973  73
53972  78
118696  76
95441  72
104841  78
71535  70
2953  84
81229  81
53121  65
30707  85
2571  93
68791  72
170  66
6942  78
90405  79
6537  80
33493  81
257|5
33493  72
594  67
2502  71
494  77
2406  76
258|5
2406  78
7147  97
72641  64
76093  75
47099  91
259|6
47099  81
5945  74
1784  87
4886  76
1356  49
1584  54
260|20
1584  57
3556  59
162  71
903  74
5690  76
6337  74
4878  60
5617  79
342  77
5219  61
2997  66
8011  70
1206  85
3317  76
6709  79
8874  72
2348  73
3822  74
2959  100
8645  73
261|11
8645  78
16  77
2060  80
296  82
2723  83
1682  79
4085  64
2194  66
7361  100
4238  74
58559  84
262|12
58559  71
539  53
457  76
322  69
339  70
85  66
26  66
17  87
213  75
273  60
593  82
728  68
263|20
728  81
150  58
500  78
2987  60
2953  44
110  75
4226  98
8370  74
1197  66
7458  67
708  69
1111  71
2125  75
6942  78
5013  64
163  74
457  68
8636  65
1967  64
2085  88
264|12
2085  70
1376  71
151  72
5816  73
1907  67
1320  48
1917  77
150  59
3578  69
1090  74
253  70
1876  75
265|20
1876  66
316  71
253  56
1302  67
724  49
1240  90
3504  73
230  68
3831  70
1956  64
3098  74
529  96
1270  66
3791  69
1177  77
2322  62
1488  59
2474  68
1198  91
1962  61
266|20
1962  66
2812  66
2700  95
2278  54
24  54
2770  50
2702  69
64  55
1405  50
2580  89
1527  100
2167  71
457  67
1580  68
2300  97
1923  74
2094  55
132  62
2571  71
2097  48
267|12
2097  62
593  84
1175  77
3006  84
1302  75
3999  69
3113  81
1093  73
589  94
2571  70
923  78
3996  85
268|20
3996  86
587  48
1125  68
1911  50
2802  68
1036  70
1370  70
50  86
2064  84
1784  47
1912  84
1966  66
454  37
1234  67
2247  66
1394  77
2829  73
802  63
260  64
2858  99
269|6
2858  75
743  59
95  75
1  68
63  71
648  71
270|8
648  69
62  78
79  51
628  60
14  72
1356  76
141  95
25  88
271|9
25  70
32  81
2791  80
969  85
6787  79
2858  73
55765  68
1320  56
2288  70
272|7
2288  76
1240  67
51662  75
122922  71
49272  78
158238  73
6365  68
273|11
6365  77
593  70
500  62
608  100
223  91
111  91
150  76
21  68
466  78
235  78
520  78
274|20
520  66
2947  80
3037  74
1645  77
4951  70
2036  59
1359  59
35957  63
553  87
76293  60
3918  65
1503  57
45431  61
4816  76
54999  64
5667  66
4876  52
56805  67
1921  76
54004  77
275|20
54004  75
2289  94
5884  74
1171  82
357  97
1912  98
2539  60
235  70
4886  78
2572  81
2355  44
3253  65
1192  81
926  95
111  78
2100  83
3089  86
1393  71
1719  89
1392  74
276|9
1392  96
356  99
466  71
104  73
631  57
648  87
2  85
1367  68
344  91
277|6
344  68
736  68
656  66
1  75
780  72
260  82
278|5
260  57
1347  72
4002  71
318  87
2369  67
279|20
2369  64
1101  58
166528  79
90405  74
61132  92
79132  69
56782  85
97913  88
1608  67
4226  73
59315  63
88129  97
54286  64
1258  88
8665  60
58559  93
4993  100
8376  55
107406  73
1200  77
280|20
1200  78
344  42
262  81
3146  60
4239  90
4447  70
8638  83
919  68
72641  77
86817  74
8368  76
49530  78
6863  87
35836  86
55052  83
54503  80
4246  89
48516  90
1911  52
3916  85
281|5
3916  78
8361  58
35836  65
3897  88
3861  65
282|20
3861  87
3977  57
3263  77
25  86
6708  79
2683  76
4718  69
6711  93
5481  47
6863  73
5669  78
3752  69
588  72
80463  71
1921  81
1193  70
4369  51
48322  74
1194  78
784  75
283|7
784  67
39  57
1704  67
356  73
586  68
2082  76
805  78
284|18
805  78
173  74
2  79
296  88
15  61
348  79
248  84
318  81
47  100
353  84
275  61
44  86
339  84
367  93
276  81
165  65
637  64
235  86
285|8
235  73
949  76
1247  84
6978  68
113207  70
4447  68
441  81
296  88
286|20
296  66
778  91
5989  69
1333  72
165  97
500  61
7438  86
2294  62
4993  79
4995  80
7361  100
70  80
4980  70
1258  85
4963  81
1097  64
4848  100
539  58
377  64
110  91
287|20
110  63
3578  32
223  77
2633  58
1059  68
586  28
3005  43
532  60
1193  81
2599  58
2028  35
1485  34
3826  9
2081  45
8949  53
2012  74
101  87
4034  54
2422  27
2115  61
288|20
2115  64
4966  64
1008  64
2867  67
42015  62
141  52
2571  89
13  59
53519  47
2407  66
5418  64
3916  57
2347  53
2528  41
30810  61
575  50
32587  87
587  52
2517  55
8361  68
289|24
8361  69
16  72
235  68
266  68
594  70
708  69
750  74
1080  71
1101  69
1208  72
1220  72
1258  73
1917  68
2012  69
2174  67
2710  65
2797  69
4322  70
6125  70
6327  70
6453  70
7025  70
7028  70
26704  70
290|20
26704  87
1299  87
2494  76
2739  84
608  100
2130  74
908  96
341  74
1447  74
342  81
1056  69
1719  98
953  91
928  75
1394  74
2648  74
475  100
2731  84
1357  89
2385  68
291|7
2385  97
122892  79
106489  68
134853  81
7153  78
88125  100
1  93
292|20
1  67
103339  63
122900  72
4896  98
2291  62
474  70
85056  65
46972  66
95167  68
164909  60
3176  54
3476  66
1608  68
31221  55
1101  68
3985  66
3984  69
1017  65
69844  100
231  61
293|5
231  80
1673  75
344  58
1617  76
1097  55
294|20
1097  49
3869  43
1064  53
2794  49
610  66
2133  32
1391  67
3868  52
1129  65
520  58
3387  48
355  27
2378  49
3693  55
785  50
2193  86
2367  57
2458  45
348  68
3501  56
295|9
3501  100
3198  78
1287  80
1213  89
4351  69
1198  86
858  100
318  100
2329  76
296|6
2329  70
2028  90
169034  70
4144  91
50  98
2324  96
297|15
2324  42
543  66
1645  48
111  74
454  51
1089  99
6  91
1249  87
1047  46
1370  57
1488  68
150  66
170  60
1092  51
866  72
298|20
866  65
95510  58
6811  53
8370  51
8807  45
63131  45
6881  45
3785  66
122900  67
103042  43
6294  30
2167  67
2005  76
6006  38
653  47
55995  39
3018  54
69757  65
103772  57
3825  29
299|5
3825  68
1387  88
188  72
1198  90
1214  79
300|32
1214  80
356  76
527  72
593  76
1172  71
1704  74
2028  72
2324  72
2329  74
2571  74
2762  72
2858  73
2959  74
4848  70
4973  74
5995  71
6016  73
6711  72
7361  74
8950  71
48394  71
56174  69
63082  71
79132  71
81591  69
92259  74
99114  71
109487  73
112183  68
112290  71
112552  72
112556  71
301|20
112556  74
357  85
2490  68
6711  96
589  44
8949  69
837  69
3948  56
364  69
527  65
5989  74
4963  83
608  100
292  57
3578  73
3897  95
4226  100
3753  62
1393  92
1792  48
302|7
1792  89
14  84
3  75
25  89
648  68
707  74
110  89
303|11
110  79
3703  69
1127  60
5544  68
1196  84
3471  63
1580  79
1394  44
2683  70
920  67
1358  61
304|20
1358  75
2571  68
2433  72
10  81
1376  100
480  93
1373  72
1777  57
1270  89
1517  33
151  54
356  80
208  46
474  89
1214  49
1375  91
640  68
1722  80
185  84
2701  53
305|20
2701  74
140627  74
87869  75
919  64
1197  78
106100  95
138210  79
788  64
7482  76
80590  73
103075  74
903  78
6537  70
93840  90
54736  80
592  66
2288  87
58803  78
55276  75
1272  78
306|20
1272  68
68954  71
69644  64
6377  52
95543  68
81847  63
111743  60
85367  62
168418  68
167018  64
72998  61
122904  68
69406  68
85788  69
4963  74
115664  67
134368  65
112852  83
161634  66
133419  74
307|20
133419  59
4181  59
31424  59
49314  59
5010  69
7845  61
3392  50
1220  50
6793  42
6483  42
2332  43
56003  55
1991  53
3273  39
4876  30
3421  84
1409  34
413  55
4447  34
52867  59
308|20
52867  42
45517  71
96821  42
72998  59
318  52
2  52
904  50
589  32
8961  65
56152  47
56367  77
5618  56
36  69
410  51
79132  26
4993  66
8464  72
1221  40
2248  57
6  40
309|20
6  76
1645  66
898  89
1682  86
296  86
1089  70
1269  82
7153  79
6947  88
8340  75
1104  88
7218  71
25886  73
1219  86
8154  75
971  80
1944  72
6365  40
1262  79
2762  85
310|13
2762  65
6947  66
1101  75
6503  65
2524  74
2457  74
5899  75
733  43
246  87
3254  58
1223  100
1080  100
2671  77
311|6
2671  63
5992  70
1517  67
6461  54
1407  55
2706  45
312|20
2706  76
1375  71
3499  85
589  100
2454  65
1358  67
4878  62
4103  79
3793  74
2028  100
1371  60
4121  71
2366  81
2747  70
4105  75
5446  70
2699  69
2529  88
1350  76
1356  77
313|20
1356  66
170  78
3917  77
2455  64
5544  69
541  66
2193  80
2000  78
6  69
1968  79
1089  64
1301  64
1240  88
3175  75
4865  88
2005  56
2167  89
1375  43
2087  61
2530  73
314|20
2530  67
1042  58
44  29
165  41
457  82
293  53
597  49
329  63
442  29
26  65
830  67
728  65
618  64
107  53
536  63
10  47
1376  64
153  65
208  23
150  69
315|7
150  78
2729  66
2529  52
2067  67
2553  64
909  68
902  66
316|11
902  73
253  72
3968  71
158  52
5445  66
3751  52
7438  73
6874  74
48  67
3882  54
2572  66
317|20
2572  68
73321  69
91529  80
74545  61
7445  71
1213  87
48774  69
4262  71
1884  80
5989  87
3578  62
4011  63
68358  87
1208  80
72011  79
3897  53
3499  68
96829  74
116797  55
56782  83
318|20
56782  74
81191  74
90245  74
111817  74
127180  74
145080  74
150696  74
7445  70
1090  75
116799  75
82459  73
48385  61
2294  71
64839  78
88125  61
109487  75
4021  75
33794  78
54286  65
89753  81
319|7
89753  89
6377  96
356  90
136864  59
1221  100
122904  92
110  92
320|5
110  70
71535  74
31184  70
59315  79
1013  77
321|12
1013  69
356  93
160  80
592  72
597  65
780  84
339  73
355  78
410  69
3  76
500  76
457  76
322|20
457  63
1968  75
2542  87
58559  68
2788  65
2146  64
2617  90
2918  83
778  71
2599  68
4027  61
4993  64
1230  62
51540  61
1  83
1617  83
1923  67
4010  64
11  70
1035  82
323|20
1035  57
480  61
356  92
1094  63
161  55
115569  63
1198  72
29  55
551  49
22  66
318  89
112183  51
253  64
111659  48
3257  59
260  89
150  79
329  60
342  66
266  48
324|5
266  78
3972  77
3864  45
3949  95
3897  82
325|20
3897  69
235  83
2986  51
262  62
1573  42
2596  66
1584  39
1217  94
1676  63
4714  62
3770  61
3261  75
2894  69
2155  76
1279  84
1614  60
3994  58
2268  69
2915  61
5008  82
326|20
5008  89
47610  95
20  82
2858  65
86882  94
5418  62
4973  100
133771  77
48774  80
2324  78
1293  78
2692  82
72605  72
70159  69
54286  74
5446  72
6591  73
4226  82
105844  82
31410  78
327|10
31410  81
150  85
858  93
1923  86
51255  60
48516  63
1304  75
765  72
6888  97
2706  100
328|20
2706  62
112852  73
70286  59
1196  83
457  71
364  69
80463  89
3489  62
318  68
595  88
5349  80
2542  81
1219  88
35836  80
3751  69
79091  50
7153  68
596  77
2398  66
1148  57
329|5
1148  69
136850  69
858  30
1884  58
750  42
330|20
750  80
316  83
1639  73
2918  75
919  81
3949  63
3535  63
5349  100
380  66
1676  71
2502  100
3703  76
1682  82
2683  68
1206  91
1721  73
2791  62
2081  69
8874  77
592  62
331|20
592  85
6157  33
88125  69
6539  82
3897  79
4446  49
7361  100
50872  70
4995  80
4306  53
6874  71
5502  63
3911  66
608  91
4447  51
593  87
3751  61
8665  74
4367  46
2959  91
332|20
2959  71
1653  82
1258  75
316  57
8983  73
431  70
97757  69
2291  91
1835  65
356  81
5502  62
4308  88
1203  88
1682  71
1249  69
76251  76
2905  73
318  92
2294  56
32  70
333|5
32  37
3752  60
3616  45
3615  44
3646  22
334|20
3646  63
1196  62
1580  57
1291  56
3996  76
589  78
30810  56
4027  74
1  64
64957  57
1625  65
50601  67
44195  63
27416  68
6867  73
2997  86
293  61
480  68
5378  57
51935  69
335|6
51935  76
592  76
356  96
296  87
2699  48
2001  65
336|12
2001  80
1  100
38798  72
33660  73
1784  79
2001  72
2268  81
293  86
1625  80
4886  91
50  99
150  80
337|16
150  73
47  83
16  65
805  89
1393  92
266  97
667  70
168  100
784  86
65  87
110  55
708  90
25  74
1356  81
277  76
786  95
338|8
786  65
190207  65
190215  65
190219  65
7153  73
593  70
187541  59
185029  63
339|20
185029  79
5445  90
84152  100
96079  87
106072  70
69122  69
5617  80
41285  73
56869  76
48322  78
65216  80
91630  75
86504  79
91529  62
83613  67
4993  84
3470  81
102407  77
2028  82
5952  77
340|28
5952  70
110  73
150  73
153  67
161  72
165  71
185  67
208  67
253  69
288  66
292  69
296  74
316  68
318  80
329  70
344  66
349  70
356  76
454  71
457  74
480  70
589  73
590  72
592  68
595  71
648  71
780  70
1356  73
341|11
1356  62
3624  73
130087  73
1370  70
135137  71
117529  69
5459  67
45672  73
1  76
47099  87
4025  60
342|14
4025  67
2598  69
2881  58
2369  46
1268  67
2605  46
2599  76
1198  86
3157  53
3826  50
2428  42
2827  42
3863  52
1959  73
343|12
1959  77
3000  72
48394  68
4226  84
4878  77
3993  79
2571  87
1617  89
31658  77
55363  77
55820  64
296  96
344|14
296  78
380  91
316  69
2628  90
4226  76
2571  81
4014  80
2012  91
4034  73
260  96
2541  67
4973  67
5418  70
2712  63
345|13
2712  67
2539  75
926  83
5902  77
8810  58
344  82
5707  73
2366  79
56949  68
3649  76
6658  70
3489  82
412  73
346|20
412  65
778  59
608  100
6711  79
6286  72
306  91
7323  66
307  81
3535  84
1212  91
357  81
3949  81
714  75
7937  73
7396  73
5878  76
1120  70
1131  83
3627  76
7115  68
347|9
7115  62
590  66
39  70
150  74
454  70
380  75
587  73
317  68
457  81
348|11
457  99
2324  100
4368  67
1213  92
6016  90
2959  100
6893  86
4973  100
1221  100
1960  81
2019  97
349|8
2019  69
161  87
589  71
381  71
349  75
231  71
588  88
509  63
350|8
509  71
7  66
637  66
648  80
733  77
12  60
858  74
661  49
351|20
661  70
87222  62
73344  68
52579  70
2231  80
88744  75
43836  57
79132  84
597  68
58559  69
12  70
8914  78
8950  74
63082  89
6214  75
90376  71
84152  75
480  75
4878  92
1193  67
352|20
1193  74
71745  72
1801  74
34319  72
2600  84
65682  69
1080  98
79695  65
110730  59
38038  69
130490  70
97752  86
1214  91
94864  54
41566  68
56587  72
44191  80
114935  76
59315  72
47610  86
353|18
47610  68
25  92
267  43
216  81
367  57
288  70
144  67
186  47
333  73
266  52
112  59
198  78
234  41
145  61
293  88
158  47
163  82
296  94
354|20
296  79
4306  68
2692  58
3147  77
47  82
903  85
733  78
3977  54
1225  78
35836  61
648  60
44191  73
8665  78
1917  77
7147  78
1923  62
589  80
2959  77
4718  57
1196  87
355|6
1196  83
1580  75
3035  77
3175  95
317  82
916  85
356|20
916  75
52435  83
52975  76
7122  75
44889  75
1641  79
2706  45
4011  77
802  79
7323  85
2502  90
56367  86
1223  100
55118  82
3949  80
3996  100
1246  89
1466  85
223  69
7153  79
357|20
7153  74
8998  74
27329  74
2804  88
595  77
529  79
4663  69
4091  73
1224  86
1242  81
34  69
208  31
58559  95
6296  83
30793  55
1042  75
2100  68
551  79
471  82
2067  83
358|9
2067  67
605  68
5066  83
52328  71
2226  67
42728  69
7361  65
69844  81
36525  65
359|15
36525  62
1092  62
1101  74
51412  53
648  68
296  74
1097  72
2396  64
2424  49
593  89
2701  49
2942  63
1682  85
2530  59
4995  84
360|5
4995  59
1620  57
1488  71
1711  71
1414  58
361|20
1414  64
1580  92
377  86
1552  70
49272  61
1263  70
53125  80
589  59
49822  64
8360  63
318  56
2529  60
5218  80
6188  60
2422  69
3082  75
1732  28
1370  78
46972  72
7458  82
362|20
7458  88
592  82
6539  87
51540  84
5989  81
637  73
70  76
7153  87
1252  86
44665  77
407  73
6874  88
2959  85
1196  98
1208  93
8961  83
48516  94
7438  90
356  80
1201  90
363|6
1201  54
1732  57
1517  60
296  86
653  74
318  80
364|5
318  60
9  77
783  80
376  86
1  85
365|20
1  37
81229  62
128975  59
6874  46
90345  59
158872  48
129354  55
103075  62
135536  69
70286  48
112852  60
76077  68
112818  64
1777  53
6502  59
155820  62
541  47
95720  60
93270  51
135569  52
366|7
135569  80
59315  76
33794  77
91529  78
2028  78
122882  81
7438  83
367|20
7438  75
3061  75
1270  76
1287  91
486  73
3536  78
3824  71
2384  66
3072  75
898  73
3618  78
3225  63
2248  83
3157  73
3969  61
3717  82
1259  78
4023  67
1196  89
1258  90
368|20
1258  45
2112  56
1944  65
2986  42
3869  64
1214  66
2947  63
415  43
3035  73
832  54
50  89
2819  77
1801  70
2490  65
1917  54
1391  47
2193  61
225  66
161  58
2881  43
369|20
2881  75
785  84
47  72
2706  61
839  68
377  71
52973  65
743  62
4214  68
5418  69
3863  61
1372  60
27904  69
60069  71
2857  71
1967  77
150  63
2011  72
1580  83
3174  73
370|19
3174  83
4878  77
8961  70
6377  79
2628  22
1748  59
2116  75
589  68
2329  73
7438  76
3977  61
1676  59
593  84
4973  51
4226  81
1240  80
1089  68
8636  73
2716  70
371|9
2716  100
112512  77
1258  95
4090  73
56715  80
3000  85
4226  86
4993  89
1748  97
372|20
1748  64
924  54
318  82
1603  50
1479  63
589  62
81  61
387  51
616  73
337  71
1220  60
1201  71
165  62
1243  78
1258  61
377  65
1401  65
450  65
1206  63
1306  66
373|20
1306  57
60  57
169  36
350  57
585  41
44  23
371  54
163  66
616  70
198  61
265  92
25  74
6  98
733  67
47  61
2  40
736  69
305  62
357  78
141  70
374|7
141  85
208  60
1219  73
480  70
592  74
1258  73
1339  81
375|7
1339  61
1027  63
32  93
2628  59
3256  67
4226  86
500  72
376|20
500  73
2002  82
1214  59
1101  83
2916  74
33794  91
1198  83
349  79
1371  59
376  78
1240  78
1375  77
4993  74
858  84
457  83
4226  70
5952  72
344  72
2763  91
2797  100
377|20
2797  74
2793  44
1262  89
2791  85
748  80
1345  86
5027  75
5113  72
27692  74
3421  74
6021  74
3364  73
2072  62
8641  92
2163  63
92760  74
2858  100
1503  67
2124  69
2015  74
378|10
2015  79
7153  83
48516  91
3114  80
858  76
68954  75
91529  83
71535  79
90600  72
364  71
379|8
364  71
377  78
19  49
292  61
480  97
367  69
597  57
344  67
380|20
344  72
172875  72
172881  72
172887  72
355  53
6979  63
5476  58
2735  71
68194  77
63433  70
72356  76
105731  66
1833  70
551  82
6731  85
27831  90
1665  65
393  55
140956  73
2791  84
381|20
2791  85
1088  83
3253  52
185  70
317  77
27808  68
1240  63
19  34
3753  83
4321  61
72011  83
3082  58
333  66
2140  64
1385  60
2273  67
1208  84
457  73
104  56
2716  91
382|20
2716  98
142372  63
135532  65
1201  87
112171  62
1198  100
912  68
81847  84
4638  55
63540  51
1681  58
170289  70
103042  72
72737  81
2496  71
357  65
81537  57
59501  66
101362  62
4890  72
383|7
4890  80
2541  69
2496  65
1584  90
2558  62
1246  81
903  71
384|14
903  81
1388  51
2683  48
2502  77
4333  55
3098  77
4396  57
457  74
358  57
968  65
2724  50
296  84
3991  47
1204  74
385|20
1204  51
1080  64
249  59
1219  83
1036  73
1136  85
282  58
1073  59
1200  71
1228  69
1022  73
1007  58
1201  77
1246  65
344  80
589  89
1023  65
1287  90
594  64
1303  77
386|14
1303  53
410  44
112  72
165  44
223  60
648  54
185  43
608  70
485  66
305  48
44  43
585  57
349  77
10  63
387|20
10  64
5156  64
5780  64
7336  64
26124  64
40966  64
2712  71
5062  68
1247  80
5489  64
4195  78
7132  78
2946  62
1387  77
3000  90
51939  65
4995  75
912  71
7938  64
1783  64
388|6
1783  69
63239  69
33615  67
86298  87
62999  72
8360  100
389|7
8360  76
140  75
628  84
762  62
743  67
95  73
32  83
390|17
32  70
64957  63
4239  91
5220  69
1193  90
2571  70
9010  78
2291  87
5296  48
4226  95
7254  85
6377  77
63062  73
1206  93
2329  93
4014  65
1784  66
391|20
1784  69
500  38
3994  57
1213  70
516  63
199  78
4027  66
150  68
1408  73
4014  66
1527  68
1059  71
2916  71
4973  98
357  98
555  73
5026  71
4936  65
1210  93
3067  77
392|5
3067  59
2858  89
707  67
1198  69
1125  57
393|20
1125  80
102125  76
48394  39
36517  76
8636  70
110102  100
44199  77
5388  65
54259  54
4848  70
5669  64
1291  96
68848  71
86190  72
2571  82
1206  60
122892  75
106642  81
1625  72
106489  75
394|5
106489  68
316  51
344  46
225  72
457  62
395|13
457  56
1025  67
296  86
160  56
208  75
173  51
485  52
355  58
520  58
595  68
126  72
48  59
367  43
396|6
367  76
1597  67
1777  69
44  51
204  47
2081  76
397|5
2081  71
8645  77
1701  81
8228  75
6993  81
398|10
6993  73
1197  88
5971  70
7022  75
1198  84
60069  88
2455  84
1136  82
48516  85
82459  79
399|8
82459  85
110  94
5445  76
1196  92
593  83
480  84
1270  65
2194  100
400|9
2194  92
356  92
2571  100
2959  93
7153  83
1221  87
3578  87
858  100
59615  59
401|15
59615  68
6297  70
55768  68
48982  71
166461  62
49274  68
50872  79
32031  82
79091  72
170939  71
38038  85
8360  81
3114  63
33615  75
1136  81
402|10
1136  67
597  57
52  57
329  82
296  74
586  78
315  72
1036  80
434  64
527  75
403|7
527  73
2427  70
3210  85
296  84
61465  67
1663  81
180  67
404|12
180  68
349  71
474  70
34  69
364  77
508  61
105  74
593  73
509  66
277  63
315  57
185  54
405|20
185  76
293  76
7254  75
37731  79
2959  92
345  76
1213  66
7134  76
64614  87
6023  75
1241  74
2329  78
1247  78
3052  68
68237  71
1199  82
27592  76
27664  75
3418  64
1215  84
406|5
1215  67
135  56
56949  70
46972  69
724  69
407|5
724  99
2959  78
6539  80
1240  93
54286  77
408|20
54286  93
122904  79
44840  69
165101  77
6618  77
1291  94
1210  89
89745  67
1278  98
7324  78
44  71
8641  82
115210  78
103596  72
68554  74
2571  100
109487  85
63131  77
80489  82
4649  80
409|20
4649  45
2490  59
2028  71
3812  75
1278  97
2997  100
296  94
1078  70
3016  60
1073  85
2683  77
2289  84
3846  68
912  97
2013  50
1911  47
2352  80
1230  77
2541  62
3174  65
410|20
3174  75
3224  84
318  82
2302  62
4002  72
1060  45
4297  76
3263  80
1859  75
111  100
58  71
2145  64
3255  70
2321  81
3504  90
3948  38
11  69
4019  72
3  58
597  66
411|20
597  79
261  70
586  65
432  55
353  68
431  74
194  58
318  92
272  57
515  57
356  100
266  76
257  71
349  81
10  77
31  79
344  52
227  55
455  54
122  55
412|20
122  64
2384  83
2915  72
903  81
608  74
2720  52
2858  92
1883  61
1307  80
1214  78
1784  75
2239  95
1  79
930  87
1136  76
2710  39
915  83
2398  83
17  67
1079  90
413|12
1079  61
1198  100
3753  94
2424  95
593  91
128360  83
4993  98
16  100
5574  81
3948  79
64957  83
2959  82
414|20
2959  68
4666  68
5285  68
5635  68
6033  68
6493  68
6563  68
6628  68
6797  68
48319  68
58879  68
169992  68
3802  55
3599  73
1600  70
8666  27
4975  63
7444  55
4081  59
177593  94
415|19
177593  100
1213  89
4321  65
3507  83
4308  78
47  83
1021  59
111  90
2617  70
1276  91
3861  67
4369  66
99114  84
1221  84
63082  83
1234  86
45722  60
1197  83
175  93
416|11
175  62
5951  68
531  72
1296  63
1199  86
1721  55
830  80
1206  80
7323  68
4848  87
3677  70
417|14
3677  100
4995  75
4975  79
7254  83
1198  92
106782  82
27773  83
168250  79
1625  78
7153  100
74458  89
110102  75
48394  91
4878  96
418|19
4878  100
296  99
63082  89
104374  67
1276  99
1136  80
117176  75
1573  57
137337  67
1682  94
5816  89
88125  66
74458  82
367  72
89745  71
45672  44
87869  57
7361  100
54001  75
419|20
54001  71
111  82
46976  84
27822  75
2858  98
319  76
6287  59
3578  100
1213  100
64969  78
47  98
79592  84
34319  76
89580  71
60756  66
27704  71
90943  71
2412  71
1240  60
52245  58
420|20
52245  72
4993  87
45499  65
923  87
26693  72
48385  66
1927  75
5608  79
2052  82
6934  53
7022  76
3979  68
59295  72
2329  87
54259  73
1131  76
2762  83
4973  90
5669  68
527  90
421|8
527  90
909  84
5008  76
953  79
1178  90
2313  79
2478  68
1203  83
422|19
1203  76
2710  36
4947  67
4971  61
5039  74
4925  67
2581  44
4916  62
1265  70
2804  86
3053  67
2665  67
1283  81
4835  68
2908  73
3943  58
1213  91
2670  72
858  100
423|5
858  73
110  85
2194  80
5349  61
1320  71
424|20
1320  93
141  62
2804  58
40278  70
608  68
108729  72
293  86
69122  59
1092  84
54503  80
58559  72
3186  76
66097  84
778  87
5679  75
3176  67
2288  73
2174  53
71668  71
112556  78
425|20
112556  69
377  71
2329  75
733  52
6  87
1645  73
8368  71
2081  51
4306  69
1680  74
1909  71
367  58
46723  74
1625  86
1036  57
4901  65
750  65
2353  73
1342  66
145  79
426|18
145  78
150  81
471  99
337  73
54001  100
1197  66
6378  92
72641  82
4886  78
8644  73
37729  66
597  84
5444  87
91325  67
588  94
3247  91
4022  74
79091  65
427|17
79091  39
5463  51
5015  65
110  82
58  83
5528  70
6348  62
5312  62
2710  56
5696  59
4993  96
5266  81
2683  79
5400  54
5816  42
1208  89
5574  49
428|20
5574  27
2762  56
3827  43
1089  82
2953  38
2916  57
1380  49
1997  82
3440  33
4022  64
317  26
4255  42
1208  61
1391  52
6377  47
2581  27
260  73
3285  41
588  24
653  53
429|12
653  88
421  83
150  100
225  70
165  90
266  72
329  77
252  75
279  70
317  92
237  78
204  74
430|12
204  82
2987  66
3745  86
6287  62
2858  78
6365  61
2571  84
4447  68
4014  66
329  65
2076  68
4446  69
431|5
4446  43
1625  82
1376  59
3948  58
802  56
432|20
802  82
5630  92
6870  66
8640  73
6539  67
3916  92
5989  72
84189  70
110  92
35836  92
4886  70
2762  63
1206  91
49272  65
19  67
318  68
58559  83
69481  79
7158  71
33660  75
433|5
33660  67
1089  71
50  79
5299  65
110  51
434|20
110  100
3147  100
1090  89
1265  100
5989  83
1101  69
1779  44
586  57
344  46
3863  58
1208  100
3160  83
589  90
780  36
6796  79
2791  86
4226  100
2194  89
8665  90
1291  58
435|9
1291  67
44191  84
485  45
3510  63
34405  84
2302  78
158  68
82459  89
48780  80
436|20
48780  53
435  52
440  76
432  60
161  70
480  80
377  85
531  70
536  64
502  56
364  80
235  60
371  66
344  42
2  67
585  62
450  60
587  77
437  52
227  61
437|20
227  60
318  82
5  63
640  61
1299  88
1120  79
1396  86
1246  67
454  75
1171  78
1225  97
1183  95
1097  81
1307  73
1268  73
592  78
198  60
155  68
112  61
246  100
438|20
246  57
2501  75
8966  51
27801  77
1527  63
6711  89
3898  61
1784  75
8644  58
6367  64
2424  60
3889  57
223  85
1517  71
7361  72
2641  78
5009  66
2617  58
3753  74
2393  65
439|5
2393  75
4022  64
7153  88
78499  76
1240  77
440|7
1240  71
541  93
29  84
1653  81
1274  76
3174  63
1235  79
441|9
1235  70
2683  92
2959  98
4306  84
260  85
296  78
51255  85
47  77
68358  83
442|5
68358  78
2881  62
1186  53
3752  45
4361  40
443|8
4361  90
79132  90
296  79
48394  82
106487  86
108190  78
7153  95
63082  93
444|9
63082  83
592  79
208  46
21  50
111  95
110  73
235  74
296  85
344  60
445|16
344  72
590  69
34405  66
47  92
116897  75
780  58
4011  86
899  82
593  81
33794  60
1080  82
45722  56
17  73
1230  93
306  74
2710  45
446|17
2710  63
339  54
300  66
296  78
480  62
368  50
288  45
172  40
17  65
16  62
357  67
150  64
434  58
153  41
648  67
593  86
337  78
447|16
337  77
293  69
337  72
531  65
382  73
589  90
552  79
253  74
362  77
532  79
292  76
31  63
474  71
540  57
442  82
160  82
448|373
160  61
3284  61
3933  61
6302  61
6476  61
7245  61
48262  61
49688  61
75803  61
75816  61
78116  61
79590  61
86593  61
92198  61
98908  61
100326  61
102819  61
104760  61
108715  61
109191  61
111680  61
113416  61
116207  61
116985  61
129657  61
130083  61
133377  61
136654  61
138546  61
142424  61
151777  61
152658  61
157130  61
158022  61
161290  61
164375  61
53996  54
136778  61
5418  78
288  60
88356  37
2580  78
155358  61
2889  71
4034  77
148888  50
81156  67
2713  37
103335  57
95441  55
34048  47
80126  57
3057  61
1057  71
2794  43
33830  57
8665  77
6059  59
110553  44
90374  69
151501  61
3764  46
6143  66
103819  59
4361  87
104913  74
3986  40
5528  61
1196  85
105351  54
83349  43
3276  61
1090  92
5349  81
587  51
106330  63
4677  54
95508  61
109895  44
110611  61
671  82
2289  65
152077  75
80693  57
111360  49
170  68
87444  61
94323  63
8493  59
3671  100
91653  57
4981  61
2991  64
78034  61
119145  73
5099  45
4299  69
2567  44
6996  25
109864  59
6582  53
73017  67
370  45
543  62
115617  76
590  74
154065  61
5553  59
41569  41
3286  45
6645  71
589  80
1920  51
2857  55
111663  61
78499  85
2657  72
6537  56
1148  100
46974  48
48516  91
80241  61
445  56
4262  78
3689  43
114935  73
6428  59
127194  61
109673  50
127096  75
89388  61
4156  61
3793  88
33679  48
2014  58
64285  70
3968  47
49530  61
3450  64
160563  60
5502  51
8169  66
6314  53
122490  61
3386  87
140725  61
4896  63
2642  38
127136  61
2763  85
2520  61
457  84
48783  67
3263  68
5400  43
5541  61
4011  86
58351  61
127132  61
152091  56
3698  56
435  44
4799  53
84152  79
3401  50
2858  50
3174  77
7076  64
106542  61
6218  83
2860  44
1283  69
3618  60
2616  58
90439  59
2404  36
4660  61
2530  43
26386  61
4327  74
3030  76
71464  70
32  66
91529  72
4158  49
99114  65
98585  62
93326  50
2268  88
80489  75
130576  52
105504  85
2791  61
50601  44
7007  70
4234  55
3623  54
80727  60
78467  39
8641  58
4128  92
106782  74
2537  46
112138  76
3247  56
112818  60
2027  38
3101  69
5779  61
82202  51
1704  76
98296  61
6863  61
89305  62
4203  62
1201  100
6212  43
637  40
84954  62
6814  61
94864  63
67695  56
159077  61
92439  62
6812  52
3156  54
802  53
118354  61
134130  77
138036  70
65135  61
52975  60
4368  33
90717  50
45722  51
79259  61
68157  84
4233  30
74458  85
3258  45
1262  86
3949  67
101025  43
69526  33
1831  32
1083  58
1884  87
1476  67
156609  43
3755  45
111659  59
4734  46
161  84
95201  61
135887  61
2598  65
87232  67
4634  71
5334  58
5459  38
146730  61
72694  61
157432  61
132488  61
4558  30
1375  58
6424  61
71518  62
2716  80
94780  52
3593  19
129354  55
158  55
1409  52
6514  61
2881  49
51662  63
90522  52
68554  55
2126  47
122932  61
93510  70
137857  52
125916  64
2953  39
2090  77
1760  31
480  80
58803  71
2109  69
50792  50
46062  50
85510  59
80864  61
112171  56
122900  62
2587  53
1527  64
117529  54
4993  69
92264  58
5247  63
533  43
912  74
26464  61
2249  53
4678  70
103772  73
114601  64
96861  42
420  41
59615  46
2349  70
109372  64
95207  50
348  59
19  37
136020  54
4502  50
91094  61
138208  60
3511  43
79428  61
2643  34
109183  61
2139  73
4212  61
5942  58
96417  60
112852  69
99728  65
89470  66
142448  61
64983  57
2640  74
2046  66
4881  76
3882  43
3744  47
1032  72
116799  68
5  54
4040  41
157407  61
2115  100
1617  79
4367  26
105254  66
3388  40
3760  69
2146  58
2968  63
6281  59
466  44
96448  58
86332  61
64969  71
115170  61
1036  74
3397  74
2474  63
1408  65
155743  61
106920  72
8542  62
120466  65
2051  46
7143  85
7150  54
89087  53
34150  54
2253  29
2973  69
449|8
2973  72
2502  73
4034  73
1222  74
2770  48
762  42
2011  61
2324  77
450|11
2324  57
589  79
110  95
3363  93
3535  75
3948  76
3409  55
1035  74
3568  73
358  62
1259  85
451|7
1259  69
593  96
7  63
5  56
494  68
25  81
17  83
452|20
17  90
2858  94
2617  84
5292  86
1206  78
1676  88
3219  78
47  100
3101  83
163  87
1092  93
1917  76
2126  67
1356  98
552  65
2628  81
1200  100
608  90
2707  77
3273  71
453|20
3273  66
858  83
2335  85
4022  50
3618  61
1617  80
3452  75
1357  100
112  77
2671  78
1884  63
1894  64
2294  73
318  94
1614  68
3534  80
2959  78
798  60
5266  65
780  89
454|9
780  74
2692  74
7116  69
55820  70
6016  82
27773  84
2160  80
2858  68
26131  73
455|12
26131  68
432  66
367  55
590  94
253  91
364  81
555  82
252  76
110  79
225  74
588  81
597  82
456|9
597  68
634  70
135  70
5  74
724  70
780  84
733  63
260  94
706  73
457|10
706  60
3593  30
2692  83
1356  82
223  87
2394  71
2701  43
3608  56
733  34
2094  50
458|12
2094  74
185  86
10  87
380  74
95  71
454  85
300  72
595  77
153  79
587  61
150  96
552  63
459|6
552  83
5618  95
8961  78
48780  73
50872  84
260  86
460|17
260  72
4886  79
4703  79
3831  73
1441  73
4878  90
3483  70
8970  74
1  85
49272  81
40815  84
85414  71
68237  91
76093  84
47610  73
63082  97
2571  97
461|6
2571  72
2762  61
1036  50
91500  53
3578  71
539  70
462|20
539  68
89090  68
164655  68
188189  68
1136  68
1219  77
158966  82
1248  76
508  56
1653  75
1674  70
8917  90
8620  94
3424  76
2146  62
7044  68
3814  71
1213  69
82857  68
26131  75
463|7
26131  71
2028  89
4310  65
3753  81
2006  67
1092  67
5995  84
464|20
5995  81
58025  71
63853  56
296  99
2019  93
3527  69
5254  60
7007  70
1101  82
1779  54
377  68
1653  79
55820  75
648  59
33493  51
1610  85
65088  63
74727  71
1617  75
62374  81
465|20
62374  77
2987  79
1200  100
3448  78
5060  83
1299  88
3703  85
3649  67
1625  72
292  83
904  85
3101  70
1754  88
750  100
1256  82
593  96
3732  74
3740  81
3334  94
377  70
466|20
377  82
30793  76
79091  69
92259  71
5989  85
5459  70
318  92
63082  85
59784  75
5010  74
74458  65
6281  79
5952  84
8529  80
64716  72
68954  88
4993  86
45447  66
81845  65
55247  78
467|22
55247  70
58  72
389  70
466  67
527  72
593  76
780  70
1183  70
1233  72
1357  71
1365  70
1408  70
1721  69
2028  72
2125  71
2324  72
2334  69
2384  68
2390  70
2393  69
2394  70
2493  70
468|7
2493  65
349  74
1  67
317  61
296  78
32  74
165  63
469|20
165  69
3832  69
3507  79
3032  81
2736  78
2132  87
1958  77
910  87
1090  74
1485  28
1388  52
2321  81
1234  75
2081  56
1193  100
36  84
2908  84
909  70
2023  71
3255  61
470|16
3255  78
318  79
110  85
588  81
282  70
5  65
597  74
32  79
595  89
592  70
500  82
26  74
356  77
357  55
434  72
300  63
471|6
300  78
8874  81
527  93
1  82
8360  73
7147  71
472|6
7147  86
3450  66
3298  78
2840  67
1221  81
858  82
473|8
858  80
2959  100
60  61
7147  78
6281  69
3897  86
48322  70
2596  73
474|422
2596  67
2179  67
2697  67
4046  67
5114  67
5311  67
5353  67
5455  67
5601  67
6201  67
6273  67
6382  67
6407  67
6592  67
6912  67
7702  67
7826  67
7832  67
7839  67
8057  67
8446  67
8458  67
8459  67
8611  67
8650  67
8774  67
8938  67
1466  76
6708  72
2940  74
2616  48
2334  62
7139  64
4218  67
371  75
750  77
2935  83
8645  75
5481  60
6370  76
25865  67
2553  60
912  93
2467  65
5548  66
7301  69
52967  64
5945  75
480  75
1983  56
3462  76
1068  67
8600  67
6650  68
8482  67
6791  74
4016  84
1784  79
3668  76
3977  78
8961  60
4160  73
30820  70
6984  67
2750  64
5034  63
7716  67
2612  67
4419  77
1300  77
4187  71
1187  62
6565  74
272  79
5440  67
25937  68
1099  61
3125  67
5826  67
5649  67
7256  80
4912  69
6016  66
1208  62
2083  72
3385  58
2310  67
3360  72
3163  74
1413  69
4081  64
1643  70
968  72
2116  59
26965  70
5954  69
1263  91
5116  67
3536  71
8778  67
63433  68
2952  76
318  94
3394  56
1200  73
3384  74
4356  71
932  79
7698  72
516  55
4873  66
48385  56
39869  70
1902  67
2641  64
7036  62
2181  68
4638  39
31116  74
2455  62
2146  61
628  57
3897  72
1030  53
4022  77
344  61
3196  80
92  70
237  69
6770  66
3259  60
3368  67
26151  71
1293  77
34072  73
3044  61
1639  53
5944  65
6539  64
477  66
7361  99
55687  67
58  77
4014  72
3467  69
8154  73
4191  67
2134  54
4644  73
4293  65
5013  76
1399  62
1196  78
2918  81
5899  70
4465  68
100  57
361  70
3341  79
8921  67
195  55
3789  67
4709  66
1588  53
3468  80
4678  64
2723  56
2118  73
1939  76
7019  66
3147  65
1792  60
33903  74
1682  75
41566  76
1693  64
1957  70
5021  66
2313  75
3870  67
948  75
47099  87
3447  72
6614  62
216  47
5619  69
3987  60
5060  73
3111  80
45950  82
32584  62
5525  67
2567  54
5956  67
7  67
1172  79
3217  67
8331  67
587  65
5238  69
1189  69
2416  58
832  56
3095  80
7386  71
1223  72
7058  67
5246  52
5418  74
27803  81
26  72
4002  73
1135  69
45  61
6945  67
2411  41
2520  67
7347  69
5375  67
5673  71
3039  52
7833  67
33781  69
720  86
2103  59
33154  74
608  90
1327  50
101  83
7061  67
5451  64
5682  67
5434  66
6609  67
31658  83
4578  66
2009  70
4704  67
7572  67
4929  56
3306  71
6334  68
5379  73
5437  66
42418  69
4128  60
7451  84
2786  48
2243  77
27846  70
6197  67
3264  47
3608  60
5603  72
6124  65
1222  69
1663  65
3566  59
3755  63
2628  66
4815  66
2089  73
7102  63
27706  73
7013  73
1348  72
45666  63
5755  58
4055  78
2058  68
4462  53
1544  62
2405  60
4998  67
273  55
1977  59
1732  71
7822  67
7073  67
41527  70
4787  72
1676  53
3708  56
6669  69
317  56
25940  67
971  65
7366  58
3115  73
7026  60
2710  67
50685  75
2114  76
3809  57
3516  67
2770  61
535  61
4878  69
5992  65
41997  74
1083  65
4487  65
7293  56
1016  65
2006  55
1007  62
4993  100
3412  70
5007  67
3929  77
6639  82
8712  67
1876  61
3546  67
34359  67
7579  71
7325  75
6837  67
2634  70
7753  67
8943  61
8385  67
4308  71
3246  76
3745  75
1148  79
42002  61
50740  70
3952  61
1927  79
7581  66
910  84
3948  62
54881  92
1284  76
4007  70
5341  67
3675  74
52975  68
6244  68
965  68
454  49
1247  84
7215  64
1282  70
8207  76
6242  63
6502  86
4509  64
3528  65
2391  76
4262  86
4039  66
42018  60
3271  80
976  67
48394  76
5384  67
5168  67
1358  61
6534  65
8773  67
2384  66
48780  87
1269  77
4600  72
2642  39
111  59
933  85
3578  73
5297  59
944  72
6020  67
2123  48
748  49
4896  89
5380  79
53953  66
3712  63
25996  67
1997  75
4464  72
4085  54
51540  86
2707  57
2069  71
6710  73
1488  72
6378  73
928  73
3038  72
7116  73
44511  67
594  75
1962  71
421  74
4316  57
2761  89
4823  53
892  75
1345  78
5294  76
1408  71
6579  70
3272  64
3421  73
3844  64
6787  73
37736  71
2249  74
1610  72
2468  47
3498  76
4902  64
6268  73
5225  72
5404  81
929  67
25999  67
7835  67
805  79
4126  67
475|20
4126  93
4993  100
87232  90
40815  85
5816  85
8644  82
81564  81
4701  83
81834  89
6564  78
68791  74
111759  93
7153  88
1527  88
71530  78
4896  100
106487  90
112852  82
3578  70
82461  79
476|14
82461  100
34  79
380  73
158  62
153  70
586  71
440  76
364  85
378  67
357  77
224  75
165  69
296  94
11  81
477|20
11  70
913  69
3100  86
2105  67
1271  64
1207  85
70687  65
2174  62
45672  69
4571  81
3973  55
4226  100
1103  83
5291  72
348  83
3593  41
1  76
1274  90
6502  97
59615  67
478|5
59615  42
3114  57
594  56
1584  53
1101  48
479|20
1101  68
4488  71
524  63
1025  85
3707  35
1220  64
4010  66
3244  78
3526  86
4092  65
1968  100
4700  70
4003  68
3671  83
2671  73
341  68
2012  69
2542  72
454  52
2384  54
480|20
2384  66
2700  60
8533  74
2193  83
2797  79
3484  46
2571  59
1210  98
2596  71
8866  54
47610  78
6306  73
5379  76
2018  68
7153  99
3911  67
44191  91
38061  76
5673  78
380  57
481|7
380  54
1687  67
1629  58
1729  75
1620  49
1597  59
1485  50
482|20
1485  59
8985  67
1036  95
474  72
1042  70
4389  62
780  100
27706  72
3211  68
1610  93
4367  60
1374  97
1220  81
1602  64
653  71
592  100
30812  58
4862  61
8361  78
8529  68
483|20
8529  71
783  64
2541  69
2959  54
109971  71
45722  49
1199  90
50872  81
2000  71
4306  94
69757  100
2683  46
2273  58
1588  65
109487  86
66934  87
1721  63
2328  68
68522  71
8972  68
484|20
8972  74
1438  79
6155  89
6944  82
2706  100
33166  100
6874  86
3697  59
1059  68
76293  72
919  100
2762  60
1821  73
837  77
5810  80
1753  68
3254  98
4718  89
2413  73
3646  88
485|5
3646  94
161  85
253  70
292  76
231  56
486|12
231  69
47  81
110  84
153  68
474  79
95  63
288  47
329  90
161  71
318  100
292  83
6  72
487|12
6  66
8961  64
318  80
1198  55
31658  58
1197  68
6539  59
5445  38
116797  72
4027  84
8874  59
86377  61
488|20
86377  75
838  58
608  87
1223  85
26  69
5135  75
2109  50
7720  73
7303  71
4014  91
5995  87
457  93
105  79
1136  100
272  73
1269  70
3176  56
1278  64
1125  88
910  87
489|20
910  64
86000  64
4848  64
736  39
8387  39
4700  58
45666  54
4720  62
2683  69
2021  89
2389  35
1619  55
950  76
58559  100
2236  70
2167  61
1616  45
247  77
376  55
2717  46
490|20
2717  63
89492  67
81591  100
91077  68
60074  48
5816  58
4144  84
54001  59
1  47
1784  75
7153  64
4993  75
89759  71
86320  64
60128  66
76251  59
8368  70
69122  65
2006  43
78499  68
491|13
78499  87
69757  81
7293  83
27808  67
4246  92
3948  70
104374  77
86833  83
140110  77
8529  88
180231  74
4306  93
88405  70
492|20
88405  89
784  100
628  74
858  76
852  62
64  75
990  80
830  79
743  74
62  96
52  74
1499  91
66  71
1210  82
881  75
1474  81
1405  77
724  85
1047  80
65  80
493|13
65  77
4444  67
2916  74
1275  66
2571  95
1527  72
2028  79
3793  74
2167  84
1215  87
4701  65
2924  77
260  92
494|5
260  100
4498  61
3578  81
2028  89
1210  100
495|20
1210  73
115149  73
1259  88
1721  43
136562  84
80489  87
19  47
50872  100
231  86
102123  73
52319  82
7254  94
7360  69
8528  99
1645  76
46578  100
30810  78
2918  83
148626  94
56775  60
496|6
56775  82
99149  71
858  75
904  85
8865  53
114713  66
497|11
114713  77
112556  69
112290  60
1916  64
92259  62
2329  73
112552  78
1258  67
2762  71
5349  75
111362  76
498|7
111362  70
231  85
648  96
10  80
300  84
356  99
316  63
499|6
316  79
2337  69
38304  85
327  65
56286  73
1304  87
500|18
1304  73
2987  62
543  48
2700  100
2542  71
1265  86
2916  96
356  47
3301  53
1784  53
1914  64
595  86
2355  56
3536  60
1885  60
322  66
838  63
720  81
501|9
720  71
62  63
93  64
45  59
3  51
637  67
11  62
18  63
662  66
502|7
662  74
1077  77
4412  67
3469  72
2001  73
2520  69
1777  61
503|19
1777  65
7361  100
4878  57
356  81
91500  41
593  75
527  42
858  80
4226  55
1259  70
1342  75
2877  60
92509  64
90866  67
500  38
441  71
48516  70
2858  73
48394  82
504|18
48394  90
5812  71
2321  95
1  89
3556  76
7153  87
6708  68
1288  81
6927  72
4033  72
4700  78
6565  81
342  76
3408  76
6879  70
4361  97
5952  79
5955  71
505|7
5955  81
4105  87
1029  83
74685  79
273  61
6502  87
54999  67
506|9
54999  54
54272  69
37741  78
56782  93
62293  67
51834  75
49286  54
112556  72
61024  70
507|5
61024  58
266  58
253  62
377  72
593  71
508|5
593  71
2011  84
1952  52
1175  65
898  51
509|20
898  65
130073  65
2028  66
87232  65
33830  63
5313  58
48  63
2090  65
2080  59
6942  75
8907  66
6156  62
5816  86
39  65
3988  53
6807  82
7458  61
1196  66
45447  57
616  69
510|20
616  42
7026  61
35836  64
494  59
1198  84
514  71
457  70
2935  83
858  71
2699  53
317  68
8949  64
2918  76
145  50
1262  100
6787  74
1208  89
372  75
1242  74
40819  69
511|11
40819  87
53953  73
115149  79
164179  81
6534  60
99114  83
92259  86
318  100
2324  93
1653  92
56757  83
512|10
56757  56
150  66
349  70
47  97
350  77
442  57
457  82
50  89
317  59
593  73
513|7
593  64
318  88
2174  75
235  85
1304  88
1220  80
1080  85
514|20
1080  64
5704  64
62586  64
168358  64
180263  64
1704  73
2005  66
2792  57
2013  55
1673  92
134130  82
76093  77
1333  95
58998  77
68157  66
2406  57
3210  77
54503  64
4855  76
1644  51
515|6
1644  86
2028  94
527  100
91529  85
58559  100
2959  100
516|26
2959  74
457  74
480  70
647  71
708  69
1042  70
1090  69
1197  73
1198  76
1954  70
1958  71
2021  70
2259  70
2268  71
3052  69
3471  70
4027  71
4291  69
4306  74
4321  70
4322  70
4333  69
4337  70
4349  70
4361  68
4429  70
517|20
4429  76
53125  30
1265  52
165489  55
97938  57
88744  40
86880  56
4148  20
26761  55
3398  55
1293  56
3988  57
2858  56
4963  36
1204  55
1704  43
47629  56
7669  58
1206  38
46578  46
518|5
46578  68
2657  64
783  62
1876  47
6365  55
519|6
6365  93
356  100
140110  76
6378  81
7445  85
1968  88
520|20
1968  73
318  82
1049  63
59315  80
4995  66
32  81
2716  95
4333  72
1291  88
1732  63
4085  71
2723  78
3081  63
3994  68
33493  52
135  48
2393  52
60516  70
2406  86
1584  66
521|8
1584  74
112  69
86  73
104  69
58  85
79  69
52  78
852  72
522|20
852  77
81932  84
89492  86
63113  80
2959  91
1193  83
1375  53
4993  87
223  74
27611  66
76060  71
180  73
59315  71
1617  88
10  83
67255  74
2023  52
6187  74
318  91
127098  73
523|15
127098  92
8970  86
5989  88
318  95
91529  91
1721  86
293  76
65261  90
4270  62
3147  91
27731  80
134130  90
31696  92
527  100
101962  79
524|20
101962  79
150  64
552  66
748  70
344  57
442  86
253  57
1225  59
20  41
589  75
1242  76
544  58
173  79
1302  66
380  100
457  86
1020  45
788  53
193  31
466  80
525|20
466  69
317  76
6863  90
8622  74
33004  69
7147  71
2396  82
40815  77
137337  71
1639  69
1968  84
91869  69
45880  68
2100  60
339  77
4886  62
50872  73
86332  68
8983  78
3996  76
526|12
3996  85
55247  69
46578  90
176415  73
1295  75
90430  75
4014  89
2352  79
176413  73
215  87
81845  89
51255  99
527|20
51255  82
3114  99
3210  74
3016  81
2161  73
4571  81
2118  78
3421  71
455  54
2867  100
2450  68
1909  80
1214  91
4299  67
736  100
2477  71
588  79
4016  68
1259  93
2533  86
528|15
2533  72
2278  64
80906  70
4037  63
1240  76
64614  70
3821  78
150  100
1291  71
80463  68
593  76
99813  71
85342  66
48516  61
58559  75
529|5
58559  58
135  56
65  53
62  76
733  62
530|6
733  71
500  69
300  69
586  73
593  76
11  98
531|5
11  93
590  86
919  84
480  92
1215  86
532|10
1215  55
4863  72
457  94
290  86
1245  81
1242  97
2023  81
2329  88
1304  95
517  71
533|8
517  94
6502  95
79132  99
46578  88
93840  86
4973  92
2455  88
66934  81
534|20
66934  73
97913  71
94953  67
2003  75
2167  77
7569  72
153  75
1485  73
65514  81
104218  72
344  69
2571  70
5445  89
95875  65
112818  76
82461  72
96610  74
2987  86
138036  82
1566  83
535|6
1566  66
2581  47
2700  76
2688  36
2583  81
2882  62
536|8
2882  64
272  73
356  76
335  69
225  80
150  81
434  38
589  71
537|10
589  69
367  78
7153  85
53322  92
104218  78
97304  65
6539  100
318  92
89745  71
105504  71
538|8
105504  67
3671  88
80549  86
4039  83
69757  90
5047  73
44889  75
66934  72
539|8
66934  86
6753  73
5218  77
50872  75
88  72
3301  85
4886  96
69122  82
540|9
69122  72
2959  86
1073  86
8874  83
1681  60
2183  74
2841  77
2747  67
1196  95
541|18
1196  77
457  87
413  58
15  56
110  91
595  93
597  66
480  76
356  91
203  58
529  93
357  72
22  70
345  86
546  59
586  90
281  75
350  70
542|20
350  77
30793  74
5299  61
2542  74
34319  80
33679  73
4963  90
5481  59
1997  68
4025  68
3623  50
924  81
4369  47
6378  79
2571  87
7254  79
41566  86
37733  74
7361  87
45517  93
543|16
45517  74
1702  78
595  97
3301  84
231  73
2378  91
2379  94
86882  69
6377  83
588  97
377  100
48385  65
2571  100
4526  74
4388  92
92259  84
544|22
92259  72
3  69
14  71
32  73
40  70
62  71
68  69
95  69
116  69
619  69
626  70
648  71
650  69
694  69
736  69
780  70
839  69
1042  70
1047  69
1059  69
1105  70
1356  73
545|5
1356  66
1267  66
2763  71
1367  73
44  66
546|13
44  65
3328  59
480  37
1970  77
2456  67
1976  75
589  66
2657  60
1673  45
3941  68
3959  65
3566  83
1977  71
547|5
1977  89
2859  77
2917  77
1394  70
1288  87
548|26
1288  71
260  74
356  76
733  71
1196  74
1393  70
1477  70
1621  69
2571  74
2716  71
3263  70
3578  75
3916  71
4776  71
4899  68
5955  70
6874  70
7458  70
8531  70
49910  70
58559  75
74532  70
80862  70
122904  71
125916  69
168712  70
549|5
168712  64
2028  65
4226  74
1210  37
589  56
550|6
589  71
102125  84
106782  87
116797  93
112852  90
122882  83
551|20
122882  71
34162  60
60069  100
1544  85
45186  73
103772  69
51935  84
4226  50
2353  79
7153  45
5989  82
135569  70
115149  67
88129  54
134130  85
6934  100
47  67
4701  72
2959  54
98809  67
552|20
98809  63
3317  76
1405  50
2953  38
2245  43
2944  78
2890  57
2125  66
508  74
3948  50
5349  79
2959  75
2857  73
173  40
2991  70
2871  77
2628  76
4308  66
4878  73
3101  64
553|17
3101  81
3481  79
1923  75
2571  87
4011  93
50  100
3949  99
1089  84
44199  78
5513  76
2231  88
2395  71
3052  78
61257  76
1221  82
33166  92
2959  100
554|18
2959  76
1022  100
2820  74
1207  100
1517  56
1282  59
1210  88
1760  73
2282  64
1225  78
907  72
1358  52
2096  89
1028  94
593  100
608  86
953  93
2324  75
555|20
2324  69
3664  69
1  61
3111  82
3395  69
104  78
1334  65
2506  69
2072  70
4002  66
1266  86
2641  54
2256  69
2791  81
2701  40
1333  75
1320  53
337  93
1393  100
3526  80
556|7
3526  73
122890  75
3081  65
88125  84
588  71
72998  69
74789  68
557|6
74789  78
231  62
1291  60
260  77
1210  92
150  99
558|12
150  73
5064  84
4903  86
2297  72
2568  83
4993  71
4306  73
367  69
5283  80
1097  100
4164  72
5294  65
559|20
5294  56
608  80
355  42
329  73
544  58
1527  75
173  76
377  72
745  76
174  55
529  85
350  73
349  58
533  62
836  60
1210  71
420  48
786  68
227  40
253  76
560|20
253  70
91535  69
136018  69
67997  75
79132  76
3253  70
142558  70
2355  61
39435  69
1527  86
40414  69
64614  75
48744  70
56587  69
593  93
76251  71
84944  72
109313  70
5878  71
40819  70
561|20
40819  65
5308  67
78469  56
3703  75
60069  62
91535  61
2105  64
73017  84
5445  39
2000  75
83134  70
79132  79
79592  53
80463  95
89745  66
527  84
8972  50
353  66
33162  60
68157  74
562|20
68157  77
6870  71
6377  99
2580  96
1249  72
4776  79
36529  86
1259  79
1982  67
2268  74
2133  75
83134  81
3210  84
48394  81
30707  78
33836  72
2692  80
88163  82
99191  77
1240  64
563|20
1240  67
70932  67
80858  67
919  93
74450  66
588  76
5943  59
118997  59
86833  70
1197  86
128832  67
85397  70
45221  59
33499  63
7380  66
96821  73
81784  64
95307  63
65585  67
55250  59
564|20
55250  71
356  71
31685  64
131013  78
61024  63
79224  78
87869  80
500  82
108156  74
81784  67
93270  71
6188  75
106918  73
65230  80
67087  65
80693  70
94677  75
8984  72
73266  73
2671  88
565|6
2671  75
231  67
19  53
21  71
50  84
539  64
566|15
539  59
10  51
231  57
329  73
342  68
141  79
203  68
345  70
39  55
497  68
265  78
588  64
708  59
353  61
2  74
567|20
2  53
26743  53
92681  53
109897  53
152071  53
5690  65
136602  58
122888  53
6333  42
1274  76
122922  58
153070  53
151687  53
117877  53
108928  49
954  50
122924  56
27773  65
648  62
135887  46
568|23
135887  74
147  71
296  74
356  76
480  70
593  76
765  70
1103  70
1104  72
1257  70
1298  71
1895  70
2313  70
2359  71
2863  69
3053  70
3148  69
3261  70
3363  71
8169  70
46723  70
63853  69
65088  70
569|5
65088  72
50  72
380  89
588  80
592  74
570|20
592  46
8636  72
48516  69
1225  74
586  61
2683  54
457  66
1196  83
110  71
4993  75
7361  70
1198  74
1079  78
10  52
3793  75
1391  58
589  82
380  72
527  65
185  69
571|20
185  61
2982  61
2366  77
1128  69
610  69
2902  56
1998  35
3696  60
1980  61
1987  61
70  32
1924  56
2279  50
1327  47
3732  59
1972  38
1278  48
1644  39
2327  64
1978  49
572|20
1978  96
2570  65
2788  75
2321  73
111  100
904  100
2987  88
2302  68
1834  80
2539  50
2917  81
1307  76
1  90
161  72
3421  88
838  87
1356  88
2006  64
3167  72
1953  96
573|20
1953  83
72998  90
3752  92
356  83
7293  78
6754  77
8665  92
32587  95
1073  100
88744  89
1127  87
68954  93
98809  81
2640  78
48516  100
71535  88
59369  93
60069  67
88140  81
1562  51
574|23
1562  73
110  73
150  73
153  67
161  72
185  67
225  72
231  66
292  69
296  74
300  68
316  68
318  80
329  70
339  70
344  66
380  69
410  66
434  67
588  70
592  68
593  76
595  71
575|8
595  67
2580  79
296  100
2581  46
2572  58
2542  79
2574  47
2598  69
576|5
2598  69
1321  77
1373  72
1479  86
2289  69
577|20
2289  68
1183  82
1288  76
1129  61
2944  74
2194  94
733  53
1213  94
2076  65
2020  65
1262  88
1931  72
1391  50
2987  67
952  77
1909  69
260  58
919  83
2248  82
1270  78
578|6
1270  73
52668  76
45668  60
830  64
72407  61
75446  73
579|15
75446  77
2485  93
1022  69
2018  61
838  77
1917  90
1391  73
596  69
1573  87
2965  72
1653  80
2599  48
892  71
2687  84
595  73
580|20
595  67
6583  67
480  52
8844  67
6989  66
3809  63
41569  66
3699  67
4041  65
33166  61
356  82
508  75
8376  51
3578  41
608  76
3785  72
3089  75
1320  82
54286  100
1201  70
581|8
1201  99
5995  87
4973  92
116797  92
3949  86
4306  89
109487  96
6377  88
582|12
6377  88
2959  72
116797  82
4993  69
5618  76
2571  89
76251  74
69844  86
104841  74
48516  85
97752  75
76093  87
583|12
76093  62
88405  66
2706  71
117590  70
317  76
60756  74
6942  88
595  72
46578  80
104  72
2694  54
7451  82
584|17
7451  69
22  95
203  79
315  100
500  81
316  68
539  82
234  57
296  69
257  86
434  97
586  95
338  67
349  82
282  88
480  100
590  100
585|13
590  74
1228  85
54503  71
2959  91
428  82
1405  76
7254  79
441  67
1805  79
296  86
27373  74
5325  80
79132  94
586|20
79132  75
4016  93
111659  90
106002  79
149406  83
167036  83
45499  67
136556  79
5445  82
117851  82
1291  77
71264  87
106489  87
135436  83
3753  70
2640  100
3147  66
122916  81
3793  90
101362  84
587|20
101362  86
628  88
2012  75
534  72
2002  54
1641  71
236  64
1376  74
2622  73
1541  74
3260  74
497  82
3082  78
445  80
3448  87
2574  67
765  56
691  70
329  87
3406  76
588|12
3406  99
16  90
20  53
356  69
350  55
198  46
593  76
364  74
163  64
253  75
223  88
3  66
589|8
3  81
318  89
590  98
373  72
586  73
587  83
527  75
337  83
590|20
337  95
8807  52
2371  68
38061  81
81834  77
40815  76
4890  55
903  76
5  47
3624  63
555  65
4047  76
51662  75
2085  69
419  51
595  81
329  59
2376  54
3635  71
2398  78
591|11
2398  49
2706  95
2712  58
2355  68
3615  72
3578  82
2394  64
3798  74
356  81
223  78
2724  45
592|19
2724  69
2  99
153  65
415  58
110  100
177  67
420  62
380  84
44  72
788  71
588  80
163  66
204  54
610  95
39  61
419  80
253  51
432  76
240  69
593|20
240  87
1073  59
1086  81
1617  92
4034  95
41566  36
1197  78
344  49
8368  68
339  68
2959  70
8961  65
5816  63
2797  64
4896  61
588  51
595  50
5952  91
377  64
141  63
594|20
141  71
2671  93
7115  69
1616  90
5943  81
1188  67
2269  77
1733  62
4902  71
6996  89
780  94
1429  72
6140  69
7046  65
39  88
595  77
799  66
2028  67
8482  71
7169  68
595|5
7169  78
50  77
1186  66
1199  77
1966  80
596|20
1966  69
43744  69
182793  69
129397  69
128908  69
1  80
142488  78
122922  79
4310  55
71838  64
4025  51
2501  63
110102  69
149406  63
2774  69
5502  58
8665  56
6537  46
2571  86
345  84
597|20
345  77
490  72
3040  77
2529  84
2858  72
903  100
3039  87
2000  100
1291  78
357  72
1228  100
1845  88
2411  62
1580  76
1148  81
1198  83
2723  70
485  62
592  65
2692  94
598|5
2692  91
8360  36
593  65
114265  72
103543  73
599|496
103543  57
26567  57
26590  57
26676  57
26854  57
27595  57
34800  57
53450  57
60803  57
69131  57
74696  57
79895  57
84523  57
87960  57
92674  57
98799  57
102735  57
102852  57
104017  57
105020  57
122433  57
157865  57
158874  57
160978  57
161044  57
174727  57
179053  57
1801  45
6035  62
3387  55
33437  61
112  61
5995  68
167706  57
4394  57
836  50
7235  63
8809  59
102749  57
89087  46
42011  46
432  28
471  57
5628  57
1015  36
2  40
2269  50
69  66
3947  59
79091  49
104837  57
4037  65
7587  61
6881  55
1449  61
7225  61
81229  48
68952  64
4728  44
5081  63
33966  57
1779  44
3669  57
87197  57
170297  57
79057  60
95965  57
55207  57
4007  66
1220  80
80831  64
46723  50
71282  62
7757  57
3259  54
92309  58
1376  55
7192  57
4654  52
101423  57
53468  54
62662  57
3174  68
3698  56
2882  60
2359  61
1183  65
2792  48
1095  74
8387  29
53125  38
115713  77
2949  58
2471  35
3  53
1231  68
3861  44
240  58
1480  59
2301  62
1445  47
8045  57
586  52
2942  37
1185  67
4594  57
2474  61
3671  69
3196  67
64839  60
98697  57
2606  44
1777  46
5309  49
7022  75
4873  64
541  90
27311  64
43921  57
67734  45
4240  57
5026  67
168  37
33493  54
4125  47
7354  52
207  49
1094  68
742  43
1609  50
1042  53
3362  74
4553  60
4632  58
2278  47
468  52
122904  67
75416  57
42718  56
4285  53
79274  67
1794  57
45081  58
108192  57
3489  47
3503  65
89804  63
163809  57
577  48
3071  60
1204  77
3981  37
95771  57
45382  57
6548  45
59387  64
166528  63
168492  56
6691  57
605  37
424  49
2991  50
248  56
97950  57
3865  59
1216  54
342  53
35836  61
27772  51
176419  57
151781  57
277  35
6320  53
39381  63
5111  57
4090  56
2450  32
2676  52
2356  49
79702  68
1597  44
410  54
1721  32
3702  71
183301  57
1387  76
2072  56
26729  67
2393  36
4247  57
4591  55
1032  56
3087  67
1895  49
634  57
210  56
2074  61
51575  51
3505  69
5247  51
481  60
4215  45
1355  50
2657  57
2028  86
4011  70
420  30
552  50
1196  79
2395  58
5303  52
1752  45
3186  52
4310  43
1784  65
3200  68
7254  55
688  59
473  46
1079  66
1552  54
1148  68
1544  55
63113  53
2325  50
26649  56
6804  57
161  61
4109  56
34332  45
1653  75
4808  55
7707  57
3468  69
502  37
1221  67
1792  44
68319  51
6787  74
2119  48
3884  55
4254  29
3973  34
103609  57
8934  57
5377  64
42632  62
55290  66
4506  56
7840  60
5568  57
1689  50
7005  57
103228  62
59947  57
786  52
4351  52
172253  57
4679  54
1411  66
117630  57
1590  49
112623  62
3146  37
8984  49
1920  59
519  29
179817  65
3979  38
3741  68
44020  54
26630  57
7285  59
3030  71
1021  28
8638  53
87  54
7153  77
2877  51
2018  51
3173  52
5198  57
7101  56
7701  39
3213  69
26159  56
2339  57
33896  57
2000  59
4006  57
136562  60
37382  45
6645  64
171763  68
8528  62
27008  57
4017  61
4167  52
86142  64
1249  61
3255  57
736  51
2779  50
84414  65
27773  76
2083  65
98499  53
4034  78
119828  57
1993  51
94864  41
6631  44
2321  72
26242  57
3703  72
41566  58
2529  67
1968  60
8914  64
3257  47
159403  57
1036  69
76093  57
5103  62
6947  70
1952  59
2124  47
4084  58
6016  67
778  67
81  55
2171  61
1253  60
4275  56
7982  72
3723  67
849  53
2681  56
6565  60
39414  56
122916  60
6440  69
8917  62
72011  60
1605  53
1240  62
923  71
68157  73
5961  57
5053  57
3571  59
2403  57
3871  65
44238  57
72226  59
7004  47
2054  48
62970  56
5159  51
354  60
122924  45
48774  70
1394  75
3763  59
70286  77
1904  53
3969  50
81562  60
102590  57
233  68
4155  50
1031  56
76  43
459  47
1097  71
1178  74
60291  59
3328  67
1232  73
3036  68
5283  38
4327  63
610  43
2726  67
4732  39
5970  52
2396  70
594  55
1247  70
45499  49
3476  58
2399  50
137218  57
1997  60
3271  65
27801  65
6365  39
1799  59
580  60
122900  61
2803  52
80219  50
466  47
110882  60
3997  33
26176  57
2378  59
117895  44
26662  65
90603  66
119218  57
44  48
809  46
1960  66
4519  52
1959  57
414  47
1073  59
61236  57
1479  56
4019  57
1245  67
37857  63
161032  57
371  59
3020  56
88593  57
6774  64
2005  60
90405  63
26285  57
6793  43
627  57
1617  62
6734  54
108090  57
2427  36
51024  57
122922  59
3440  33
6874  90
4919  58
338  46
81591  63
1704  55
1499  29
357  63
62155  52
144  57
34148  56
53519  44
4504  57
2796  55
216  38
6827  47
1429  69
7445  60
1385  37
90471  58
8425  57
10  62
26542  56
7387  74
72998  55
89470  60
3629  63
1297  65
3424  76
1672  62
44761  73
196  52
70703  57
2383  47
180  76
4040  42
6333  57
4440  66
5291  63
88235  61
1639  79
4580  38
153236  57
86190  62
4477  46
103027  57
32291  56
34811  57
5171  51
122260  57
8784  41
5954  65
8798  65
707  57
880  52
314  55
61323  57
600|20
61323  55
1394  56
3785  57
2717  58
5569  64
4306  59
1206  94
56775  52
2015  63
7  44
2013  55
262  72
1210  56
1060  62
2431  58
2077  66
2423  63
4641  64
527  63
5076  63
601|20
5076  73
68157  87
1262  83
106782  79
60069  100
49272  76
5445  79
1193  79
1207  92
79132  100
904  93
166024  82
1917  65
7153  90
2324  89
170697  73
31658  83
5989  88
88810  81
2571  100
602|20
2571  64
19  50
350  56
494  78
14  77
471  61
125  57
434  56
235  75
481  63
315  61
371  65
474  68
527  86
21  81
349  40
440  63
339  84
480  58
163  71
603|20
163  69
803  69
2008  69
2577  69
3459  69
4787  68
2912  84
1769  60
485  67
4420  69
920  80
1  65
2706  61
1844  72
3787  71
1222  79
190  82
2716  54
3983  80
101  83
604|20
101  69
292  66
151  69
329  64
410  45
426  69
435  58
316  64
22  74
235  48
181  61
332  69
273  50
637  60
285  69
173  63
588  59
23  77
553  71
1  81
605|20
1  65
6787  67
1197  88
5667  65
42738  55
51662  69
7373  66
596  65
780  78
4571  73
2316  68
7454  54
150  87
60040  65
8977  58
3269  62
72982  65
1210  76
62376  60
60937  60
606|20
60937  71
563  71
583  71
3808  71
4671  71
4840  71
5856  71
6111  71
6573  71
8685  71
32728  71
55805  71
3147  90
4392  70
2311  69
6308  63
50842  72
6591  81
8270  72
2025  80
607|20
2025  68
1610  76
448  72
3147  100
1094  51
1307  79
592  51
204  51
1552  90
527  69
3476  80
296  70
2313  69
3440  76
423  74
1518  68
2118  69
2193  67
380  81
2028  85
608|20
2028  59
2997  91
3793  90
2763  71
174  48
2000  69
1214  78
919  51
2700  71
4161  65
5146  49
1639  67
541  61
473  55
2529  61
522  69
4343  58
1909  71
2431  59
1220  52
609|8
1220  73
833  59
356  73
339  53
454  60
318  76
208  57
292  51
610|20
292  72
58975  72
70206  72
78626  72
82765  72
97988  72
107447  72
107462  72
110591  72
110746  72
118082  72
139655  72
160341  72
86644  59
56801  57
61024  87
77561  75
4816  79
62434  78
3972  80
