1|20
260  11
1927  11
804  9
3  10
1009  7
2406  10
1587  8
3671  12
2617  8
3053  9
2571  12
1222  11
2137  9
1377  7
2395  8
2761  11
2641  9
2872  9
1258  12
2700  10
2|6
2700  8
122882  8
71535  9
46970  8
58559  8
80489  8
3|8
80489  70
647  3
6835  70
5919  4
2851  3
2288  4
5048  1
4518  2
4|20
4518  70
1291  8
3408  8
265  5
52  8
4347  7
2467  8
908  9
345  7
1304  9
1923  6
2959  9
368  7
1219  8
4765  8
1199  10
4166  3
1732  8
21  7
2858  9
5|9
2858  10
1  9
364  8
608  9
290  10
261  8
34  7
318  10
21  8
6|20
21  9
318  11
775  70
141  9
348  7
104  8
327  6
410  8
165  9
87  8
366  7
17  8
1084  10
222  9
16  10
416  7
277  9
460  7
867  1
316  8
7|20
316  8
3623  8
8636  8
8360  8
1517  10
466  8
8373  5
1220  9
7155  4
8808  8
6863  7
31878  6
1610  9
1219  8
4700  4
45668  6
8970  9
27741  7
6333  8
8865  7
8|10
8865  10
47  9
231  7
318  10
454  9
292  8
32  9
141  9
380  7
252  7
9|10
252  7
923  8
5890  11
2901  8
922  9
6044  70
1987  70
5378  6
3735  6
5447  6
10|20
5447  7
33679  7
8533  7
8969  7
72720  7
88810  8
136020  9
6377  7
5943  8
109374  10
113394  70
61250  5
82167  5
140110  6
5377  6
77841  70
6942  9
1028  7
72330  70
66203  3
11|13
66203  8
1584  11
1210  10
170  8
1438  7
648  10
1918  7
493  9
10  9
457  10
1693  9
150  10
1923  8
12|7
1923  9
2100  9
838  11
2072  11
1876  9
2581  9
6942  10
13|7
6942  9
3624  7
3798  8
2174  7
47  10
3893  8
305  7
14|10
305  5
477  7
110  8
540  7
597  9
153  6
592  7
4  5
539  7
105  6
15|20
105  8
7438  9
111759  7
2329  8
1  8
1909  6
1240  8
115713  6
1200  8
293  10
2571  8
3949  9
120466  7
1198  8
2028  8
2011  8
158  4
160980  7
4306  7
4022  8
16|20
4022  8
78499  8
913  8
1136  8
1299  8
1617  9
1203  8
3429  9
2858  9
608  9
3683  8
4002  6
1199  9
912  9
2707  6
5782  8
1260  7
319  7
27773  8
2109  7
17|20
2109  9
64839  9
296  9
5952  10
527  10
1193  9
3681  10
1240  8
2717  7
2858  8
1093  8
81932  9
5618  10
50  9
5971  9
2959  10
1201  9
541  10
82459  10
1  10
18|20
1  70
65596  70
88094  70
145283  70
157110  70
166015  70
171023  70
103253  7
60684  8
44199  7
2  7
86628  8
59784  7
2918  8
109374  7
4226  10
53129  8
139385  8
47  9
1291  9
19|20
1291  70
3662  5
54  4
2733  4
1702  5
1240  7
1270  8
3712  5
1881  5
216  6
3  5
1834  7
2184  6
3017  7
2044  3
2354  5
2005  6
3146  4
3387  5
2694  6
20|20
2694  7
5419  10
4014  7
2140  11
586  6
661  8
3189  9
5014  13
1333  6
4161  9
3784  10
1030  6
5313  8
2804  8
2054  6
34  7
1097  9
6358  70
4519  10
1722  9
21|20
1722  70
117922  70
140301  70
57640  7
2985  6
2990  9
2717  7
5418  7
31433  6
112175  5
7153  7
30793  6
4446  8
52973  7
45186  8
2023  8
79185  5
1721  8
102125  8
5459  7
22|20
5459  6
2723  6
60950  9
64575  5
1193  8
70286  7
4993  7
2160  5
39183  5
7147  6
3996  4
3481  4
55765  5
48780  9
7361  6
51540  7
6711  6
2968  6
3949  5
48394  7
23|20
48394  70
3996  8
293  9
1206  8
1136  7
1960  6
7587  8
3424  8
3181  7
2467  8
1248  10
1617  9
6807  8
1952  7
6440  8
1258  8
1243  9
1080  7
8228  7
1711  8
24|20
1711  8
2617  6
111759  9
134853  8
58998  9
1265  9
1198  9
3147  9
1197  9
1220  9
2424  7
5418  8
72011  8
54286  8
27773  9
64957  7
356  8
44191  8
1682  8
68358  8
25|6
68358  12
60069  11
74458  10
79132  11
527  11
260  11
26|21
260  70
34  70
47  70
150  70
153  70
165  70
185  70
208  70
225  70
288  70
296  70
300  70
344  70
349  70
356  70
380  70
434  70
454  70
457  70
592  70
593  70
27|20
593  10
2478  8
2640  8
3508  10
3555  8
1201  9
3519  8
969  9
2080  8
673  7
2886  2
2529  8
1387  10
1101  7
1947  9
1250  11
1276  10
3114  9
1083  6
3809  8
28|20
3809  70
60943  70
61011  70
63033  70
5617  6
59369  6
60046  70
507  8
3300  7
55094  5
59018  70
26695  70
2951  7
3006  7
2231  8
5418  7
26812  5
2058  6
353  7
61167  70
29|17
61167  9
7379  9
1250  10
1201  9
111362  9
48516  9
1100  5
26554  9
3441  6
4327  10
2872  10
2301  7
1617  10
3681  10
55820  9
4223  8
99114  8
30|7
99114  10
108932  10
1200  10
91529  12
116823  11
112852  10
1198  12
31|10
1198  10
1200  10
648  8
1363  9
1073  8
1036  10
1197  10
377  7
1246  11
1270  10
32|20
1270  9
314  9
1356  9
357  8
224  9
627  9
1079  9
1084  9
318  10
761  8
1197  10
849  8
912  10
880  6
1198  10
58  10
203  7
608  10
497  10
410  7
33|20
410  8
17  8
2396  9
2272  5
448  8
428  8
265  7
1280  10
1177  9
1617  11
50  10
261  9
11  8
452  5
345  8
608  11
150  9
1188  6
800  7
2690  9
34|18
2690  8
2273  8
3717  8
26606  7
45499  6
3996  10
4310  6
3624  7
31685  6
1721  6
5146  6
7090  10
70  7
2006  7
3000  9
4306  8
27728  4
3997  11
35|5
3997  9
185  9
595  8
21  8
300  8
36|12
300  5
3066  8
552  5
4025  4
1262  5
2735  6
2359  6
1372  6
1278  7
2194  5
3347  8
1704  6
37|5
1704  8
356  10
661  7
329  10
457  12
38|16
457  5
39  7
223  8
161  8
246  7
168  5
273  7
480  9
356  8
457  8
364  8
50  9
500  7
300  8
551  6
21  7
39|20
21  9
2391  9
1921  9
1862  4
1219  10
1907  8
2081  8
2459  5
924  10
2529  9
1729  8
47  8
260  9
2080  8
592  8
296  9
3213  8
610  7
589  8
596  7
40|20
596  9
454  9
588  9
339  8
158  6
432  6
431  9
186  8
616  10
514  9
21  8
592  9
1  10
223  11
585  8
216  9
104  8
371  9
111  10
267  6
41|20
267  8
64839  7
122882  7
6287  5
1569  9
106920  9
86781  9
3160  8
1721  5
2028  8
6763  4
5418  7
53519  7
122904  6
55247  8
924  8
4011  8
2324  8
35836  6
5995  7
42|20
5995  7
4654  6
1021  6
2423  8
3248  4
4477  6
2500  6
1431  6
195  9
3326  6
2407  6
1090  8
2735  4
3693  4
1020  8
4545  7
4132  7
2263  7
3535  8
2805  7
43|20
2805  11
296  13
596  10
588  11
587  10
420  8
158  9
631  8
5  7
597  9
168  9
355  7
47  12
367  9
519  7
594  9
236  11
1  12
60  10
259  8
44|10
259  6
663  7
12  7
661  6
94  11
1  9
104  9
112  8
494  8
889  70
45|20
889  7
1036  10
2028  11
1653  11
1682  10
2396  9
3249  9
261  10
4308  10
329  8
1367  7
2890  10
593  9
1127  10
2431  9
6377  10
569  6
1197  10
1060  8
2858  9
46|9
2858  9
588  9
315  9
208  7
1  10
432  8
225  9
434  8
339  9
47|20
339  5
68932  5
72395  7
2420  6
597  6
148626  6
5989  8
96588  7
69122  7
6155  7
4975  6
30749  7
106100  6
45950  6
2028  7
4018  5
1259  7
6373  6
33166  6
2407  4
48|7
2407  11
1320  8
1527  11
1193  12
3793  11
48  7
1653  11
49|5
1653  10
1214  10
139385  9
318  11
527  11
50|20
527  70
114335  70
136564  70
142074  70
171759  70
175693  70
179073  70
175707  70
71264  7
82848  70
1377  6
44555  7
8157  6
6807  7
95543  5
8253  7
96610  7
924  6
32875  70
4896  7
51|20
4896  70
5620  8
2613  9
4437  11
2023  7
1500  10
522  9
858  11
4508  9
2951  10
1014  6
1407  7
2282  10
2420  8
3388  8
260  11
3186  7
3994  7
3501  6
2371  10
52|20
2371  9
51255  11
74458  10
1923  9
7438  10
40583  8
59784  9
55765  11
112852  11
86892  9
55363  10
112138  10
49272  11
52245  7
69481  10
50794  6
1704  11
54736  10
44665  10
47200  9
53|5
47200  11
1100  5
249  12
1125  11
916  12
54|7
916  8
593  7
639  6
1  7
205  5
161  7
500  6
55|5
500  3
673  2
3275  9
2890  3
4011  9
56|10
4011  8
253  7
165  11
110  9
589  10
370  8
434  8
410  7
69  8
185  7
57|20
185  7
942  9
920  9
3175  7
1784  8
3429  9
933  9
1193  9
3446  3
160  6
1499  4
2640  8
892  8
11  8
2947  8
6  9
2478  8
2291  8
1688  7
2301  8
58|20
2301  10
282  6
185  7
419  9
367  9
277  10
48  10
280  6
337  9
345  9
3  7
357  8
527  13
587  9
218  8
500  8
508  9
368  6
364  10
353  10
59|20
353  4
6460  9
3489  7
1188  10
1222  10
2076  9
3448  8
1263  8
1247  9
527  12
1244  9
904  11
903  10
965  8
2616  7
1953  10
608  9
105  8
912  10
3471  9
60|5
3471  7
58559  9
805  6
455  5
858  10
61|8
858  8
1101  9
7438  9
173  7
555  7
2012  9
4878  10
3949  8
62|20
3949  9
176371  11
3793  9
56757  8
73017  8
30793  8
179819  9
68554  7
185135  8
168248  10
5903  10
4878  11
2028  11
5502  8
6058  8
344  8
1721  9
45499  9
41566  8
78105  7
63|20
78105  8
4246  8
48780  9
500  8
6016  9
31658  9
2858  9
64285  9
85414  7
1221  8
106696  9
4963  8
50  8
1097  8
260  9
110  9
1222  9
4979  9
5952  9
77561  7
64|20
77561  9
3101  7
2640  8
2959  10
8784  9
2054  7
4239  8
4025  6
5026  9
40819  9
266  8
2699  7
27266  9
3969  9
1805  7
6296  8
4776  9
3148  9
4262  9
356  9
65|7
356  9
33660  8
7458  9
2329  10
4993  10
91542  9
3147  9
66|20
3147  10
47  10
5418  9
922  11
2139  10
2956  7
3745  9
1956  9
4581  70
5349  10
1210  10
1094  6
2001  7
380  8
6539  9
671  9
1  10
6378  9
7766  11
296  10
67|8
296  8
4306  7
27193  7
79132  8
60069  10
2012  8
4886  7
4993  9
68|20
4993  70
95218  70
6534  7
48696  8
67267  7
30825  8
1799  7
3556  6
8622  7
4351  9
63113  7
58295  10
7151  8
2413  8
6287  6
653  6
41566  5
5541  8
260  9
48043  6
69|10
48043  10
4848  11
3671  10
2476  11
1193  11
356  11
553  9
4022  10
260  10
3994  9
70|13
3994  10
1097  9
1914  11
1269  9
4995  10
318  10
8949  9
1968  9
1210  9
89492  9
1250  10
1235  10
2366  9
71|7
2366  9
647  8
736  7
95  8
733  7
589  11
7  7
72|9
7  8
150  9
858  9
2490  10
1357  10
260  9
50  10
1198  10
1196  11
73|20
1196  10
45720  7
105037  4
6333  7
59315  10
76293  7
138204  5
2706  7
152081  8
45221  5
68135  9
150  7
8376  6
93510  9
59784  8
116823  10
106072  9
1682  9
52245  6
35836  8
74|20
35836  70
2594  9
2908  10
30749  9
6870  8
3006  10
52281  9
49772  9
55118  10
2997  10
6305  9
608  10
4546  9
41863  9
27773  10
6001  10
1251  10
6552  9
46976  10
44555  10
75|14
44555  8
1240  7
5952  7
2193  8
6870  8
2529  8
168  7
541  8
3176  8
1962  7
2078  6
1889  6
1266  9
1374  8
76|20
1374  4
5956  6
2918  8
58803  6
1247  7
74458  7
7669  7
79132  7
8957  7
858  9
55820  7
1258  6
63436  4
1201  7
1208  7
48  5
288  4
34405  5
1  7
1196  6
77|6
1196  8
4973  10
7361  11
8636  8
3578  8
33794  8
78|13
33794  9
165  7
3809  8
589  10
546  5
27904  8
260  10
590  8
480  8
68791  9
344  7
44974  7
380  8
79|13
380  11
3029  8
589  9
1916  11
307  7
4005  8
260  10
1189  10
1345  8
2000  8
1374  10
2659  70
2076  9
80|20
2076  10
96691  6
84189  70
91630  10
49530  9
8950  10
6539  10
4223  8
5630  9
3527  9
76251  9
80363  6
52604  9
6502  11
34048  7
1221  11
60684  9
6952  7
5989  11
77561  10
81|26
77561  70
32  70
47  70
110  70
150  70
153  70
161  70
165  70
208  70
231  70
288  70
296  70
316  70
318  70
329  70
344  70
356  70
364  70
367  70
377  70
380  70
457  70
480  70
588  70
589  70
592  70
82|20
592  70
2381  5
2378  6
6566  4
368  7
6536  7
3253  8
4310  8
1608  7
1372  8
145  7
356  9
6708  8
1485  7
4369  7
6564  6
6888  5
5803  5
4015  6
364  8
83|20
364  9
7143  7
7323  6
6539  8
161  6
586  8
2115  7
1270  8
6874  8
2324  8
1537  7
7153  8
68954  6
48774  9
30749  9
8014  8
1222  10
3753  7
1223  9
64983  6
84|20
64983  70
987  70
912  10
1096  11
420  5
1227  9
113  6
580  6
5060  7
1293  9
900  8
1097  9
62  8
368  8
1305  8
1247  8
1296  10
11  8
1073  8
1094  8
85|7
1094  70
1624  6
1140  70
1694  5
1643  7
1747  8
1635  8
86|14
1635  10
4310  8
6947  8
2411  5
457  10
5418  9
3996  8
4901  8
1835  7
33794  10
1196  10
3555  9
1097  7
2687  8
87|5
2687  8
2009  8
3504  9
671  7
2139  9
88|12
2139  70
74795  8
4993  10
68157  10
5952  10
1193  10
223  10
8665  9
4262  9
56782  10
8677  3
58559  10
89|104
58559  70
32060  70
44851  70
53280  70
53578  70
67888  70
69211  70
81087  70
84246  70
103602  70
108078  70
109596  70
118894  70
121007  70
128089  70
128944  70
131098  70
131439  70
134847  70
140481  70
146684  70
148632  70
150554  70
164226  70
30793  6
169912  3
87869  6
1923  7
4015  7
950  6
173253  70
2324  8
27826  70
92259  7
11  5
3977  5
86298  5
8154  6
77688  70
2997  7
170837  70
49274  2
157775  70
1  8
142196  70
99117  6
62008  70
72624  70
108156  4
3752  6
2059  4
128520  6
3175  8
133879  70
48649  70
126088  70
5529  5
65588  70
99130  70
40962  4
1732  7
68659  5
91666  70
2683  4
3751  7
750  6
6650  5
149508  70
2395  8
51575  5
65230  9
171751  70
85881  8
139157  70
6863  6
4246  5
108949  4
1230  7
160567  7
73319  6
177185  70
130520  6
5220  5
121338  70
153386  70
50872  6
149566  70
145491  70
4890  5
129354  7
32243  70
84944  8
6402  70
1288  8
140133  70
119141  6
947  7
176621  70
4973  7
158398  70
69469  70
54503  6
141928  70
102481  6
90|11
102481  70
1144  70
581  10
81  7
892  11
1073  8
116  7
896  4
17  9
7  8
613  12
91|20
613  70
6395  70
8147  70
7153  8
3360  7
2791  8
3897  8
1080  7
4850  9
3429  9
7000  10
2060  7
2916  8
1391  6
2100  6
318  10
2146  8
1225  9
1246  8
8501  8
92|5
8501  10
2114  10
1015  8
2454  7
1801  9
93|20
1801  9
1917  8
552  9
1721  9
539  10
480  11
1372  10
368  10
2355  10
1923  10
2193  10
2006  10
339  10
1097  11
1591  8
260  12
2968  10
1676  8
593  11
558  8
94|12
558  7
377  7
367  9
364  10
288  6
19  6
10  7
586  7
590  7
380  7
589  7
318  9
95|20
318  9
4878  10
6979  8
4732  6
3019  11
5246  4
32  10
2952  9
1247  11
1198  10
5283  9
3361  11
1513  8
2009  9
539  8
122  5
1584  9
1240  9
4262  10
5349  9
96|16
5349  8
1094  5
272  6
3819  10
150  8
2021  7
2571  9
1214  9
2058  5
1220  7
733  8
2340  7
1721  8
2396  8
367  7
1291  10
97|8
1291  8
4306  10
3578  10
4993  11
4963  10
4299  8
3981  8
4161  10
98|19
4161  8
8961  10
122912  9
5299  6
63992  7
187541  8
56152  9
134853  9
69644  7
6863  7
5618  10
56801  6
3499  8
134130  9
74789  7
82461  7
1258  10
88810  10
79132  10
99|11
79132  10
161  11
420  9
592  10
196  7
122  6
145  7
150  11
316  8
236  10
588  10
100|20
588  10
296  9
1393  8
95  7
592  7
605  7
6059  9
28  11
2245  7
62  9
4308  8
1777  8
838  9
2125  8
1288  10
234  5
1197  9
2005  8
4014  8
4623  9
101|13
4623  9
3285  7
2723  7
2700  9
2908  7
2390  9
3175  8
2395  9
358  6
2702  10
3394  6
2997  9
2502  11
102|12
2502  6
588  8
150  8
592  8
253  8
480  8
344  7
539  7
553  9
593  9
586  7
223  8
103|20
223  70
1954  9
60040  8
1968  9
77206  70
2161  8
1732  9
81834  10
608  9
2384  8
4254  5
104  8
139642  9
56782  10
2096  8
101  9
6534  7
374  6
60069  9
30793  7
104|20
30793  70
743  5
5218  9
8643  7
1288  10
47997  8
468  6
76251  8
8533  7
4018  7
38038  9
1566  8
7361  10
6060  5
3034  8
1641  8
4641  8
108190  6
616  8
7034  8
105|20
7034  70
69685  70
95311  70
95313  70
110586  70
141816  70
141818  70
170597  70
172587  70
172793  70
173351  70
173535  70
6433  6
4974  6
70286  8
108981  70
95175  70
69122  7
1243  12
3916  8
106|7
3916  11
72998  9
59501  7
86880  10
5349  9
53125  9
59784  9
107|7
59784  8
253  9
590  10
165  9
434  7
208  8
318  11
108|16
318  11
6022  8
4995  11
2585  8
5316  9
4975  9
3978  7
5349  9
2926  7
4246  9
4878  11
4994  9
1968  10
1684  8
497  9
5380  8
109|20
5380  7
1033  7
231  6
364  8
589  9
480  8
62  8
31  5
587  7
1032  8
586  7
778  8
540  6
256  5
163  6
252  6
223  8
553  7
537  6
168  5
110|11
168  11
2468  6
1198  10
1089  10
1222  7
1208  10
4881  8
47  8
527  10
1193  9
2428  5
111|20
2428  70
162602  70
171251  70
2145  6
96588  9
65088  6
66203  8
84772  6
2081  7
91529  8
6365  7
45666  5
3255  7
1282  9
6539  8
86833  6
122882  7
59143  7
86911  7
5283  6
112|13
5283  7
161  7
1917  5
16  10
21  9
208  6
434  7
39  7
3717  7
19  5
110  9
32  8
70286  9
113|20
70286  70
39  8
3168  12
932  10
2331  7
3359  9
1086  10
3504  10
1339  9
904  9
3546  70
4063  5
4062  6
1077  6
1589  6
2475  6
3831  7
46  9
1733  9
4007  7
114|7
4007  70
54001  7
2291  9
167732  70
122886  7
8961  6
3147  8
115|20
3147  8
2804  9
1387  11
2792  7
3146  8
3273  7
3052  7
2841  7
2719  5
595  9
2700  9
383  8
2027  6
2148  6
2770  6
3785  9
2916  9
3175  8
588  8
1377  6
116|18
1377  8
858  7
1299  8
62383  7
1339  9
1276  9
597  9
1029  7
1101  7
2797  8
2657  7
1961  9
1407  7
5995  7
1704  9
165  8
2115  8
8360  8
117|20
8360  8
587  8
589  9
151  6
36  8
1036  9
595  8
288  7
596  8
48  7
315  7
454  7
353  9
474  8
10  8
60  7
805  8
491  7
616  8
485  7
118|5
485  10
1625  6
153  5
1961  8
1810  6
119|20
1810  8
117176  9
1092  8
91529  10
74458  11
4387  9
79132  10
168252  11
44022  8
78499  10
122904  9
106782  11
442  8
4993  10
31685  7
6365  8
141004  5
4148  7
88744  10
8644  9
120|5
8644  11
32  6
5  6
631  6
52  6
121|12
52  8
440  7
161  8
527  9
292  7
344  6
186  6
316  7
1  8
19  4
163  6
337  8
122|20
337  10
69784  9
7022  10
148652  6
4816  10
56174  9
94959  11
81591  10
71535  10
30810  9
2997  10
1732  11
108932  10
780  9
1090  11
3253  9
106782  11
72226  11
1200  10
1214  9
123|12
1214  8
115569  9
79132  9
109487  9
1196  10
4226  10
296  9
7153  10
143458  70
47  9
96829  9
2858  9
124|10
2858  8
2161  9
260  9
175  9
1358  9
6377  10
4226  9
3147  10
608  9
1223  10
125|20
1223  70
86721  70
110330  70
54503  9
72011  8
162578  9
119145  7
176371  8
55247  9
1240  8
86332  7
68157  10
112623  7
4082  3
160567  6
3342  6
109487  9
88140  7
98607  70
81562  6
126|8
81562  8
349  7
231  6
380  7
410  6
300  7
253  6
457  9
127|5
457  7
903  8
55276  6
5060  7
272  7
128|7
272  10
965  8
926  9
1066  9
1721  7
1080  10
1198  9
129|20
1198  7
480  8
3698  8
2692  9
2138  9
1968  9
8368  9
653  7
7143  9
316  7
6874  10
239  7
2916  8
733  9
4896  9
2028  10
3977  7
3000  9
1907  8
31658  9
130|6
31658  7
316  8
292  8
110  9
590  8
296  10
131|14
296  7
6947  7
58559  8
908  8
4878  8
89745  7
7256  8
68237  8
2722  6
2028  8
48516  8
3178  6
64614  8
969  9
132|20
969  70
3275  8
4995  7
2987  6
7444  6
3262  6
4168  3
31658  8
44191  7
1089  7
3967  7
5502  7
50  8
58559  7
5992  8
2108  6
1844  7
2657  6
47  7
2470  5
133|7
2470  8
356  7
589  7
150  7
153  6
380  6
527  9
134|7
527  7
595  8
349  9
380  8
367  8
509  8
296  9
135|20
296  8
4084  7
893  8
3994  8
2004  7
608  8
1358  9
3852  8
3489  8
1614  6
1198  9
4128  8
1883  7
2302  7
1291  9
410  7
1261  9
4022  9
4881  8
1077  7
136|20
1077  9
193  4
585  7
338  7
277  10
380  8
181  11
337  7
437  6
165  7
611  6
151  6
340  8
252  9
432  8
552  7
350  8
280  10
273  5
150  9
137|20
150  9
2716  8
1198  10
750  11
919  8
1270  9
318  10
150  8
2997  9
1200  9
6986  70
7153  9
1242  10
110  9
33493  8
1197  10
2959  9
1237  9
903  8
7762  9
138|5
7762  5
1960  5
1959  6
849  10
3996  9
139|20
3996  5
7445  4
60684  5
4865  6
68319  4
7090  5
5502  5
260  6
8371  4
53953  6
58025  5
106782  5
6957  5
7163  3
3827  4
3624  4
52722  3
54259  5
4367  4
115617  5
140|20
115617  70
5299  8
1393  8
356  8
609  6
32596  8
4795  7
34072  8
1617  9
5256  5
5943  7
1084  9
4337  70
3108  6
43396  9
4719  6
1005  6
4321  6
5812  9
4259  7
141|20
4259  8
54503  10
4963  8
2478  6
71535  8
317  8
68954  8
54286  7
6365  7
54272  8
4447  7
5502  8
6377  8
6373  7
1265  7
91529  9
2502  9
441  8
1517  8
48516  9
142|8
48516  7
384  7
588  9
50  9
527  11
356  10
337  9
377  8
143|15
377  7
61250  4
6942  7
7169  6
8533  10
106696  8
3421  7
87232  7
78316  8
69069  7
59421  5
2144  8
96821  7
7173  6
500  8
144|20
500  10
541  10
8368  9
597  9
590  8
410  6
1246  8
527  9
356  9
500  7
19  6
2700  8
434  7
733  8
780  8
1036  9
5377  9
552  7
586  7
2081  8
145|5
2081  7
339  7
380  8
318  10
588  8
146|7
588  7
3257  7
32  8
1367  6
3686  6
410  5
47610  8
147|5
47610  11
168  8
552  9
555  11
2395  8
148|10
2395  8
5618  8
108932  8
81847  7
72998  8
5816  8
8368  8
7153  8
81834  8
4993  8
149|12
4993  7
1374  8
1831  6
1527  8
260  8
173  6
1206  7
1200  9
2021  7
1580  8
1391  5
1375  7
150|6
1375  8
1356  8
5  8
95  6
733  8
1073  8
151|12
1073  9
562  10
780  10
837  8
747  9
1265  11
828  8
1073  11
1  10
648  10
1393  10
1359  8
152|13
1359  9
2959  10
116897  10
89492  8
1193  10
69481  9
85774  9
115713  8
111  9
92259  10
1234  9
79132  9
318  10
153|20
318  6
1732  6
8533  6
4014  6
81456  4
106782  5
8528  4
6863  5
87194  3
2617  4
1246  6
106100  6
1954  4
7458  4
4226  5
89904  9
72998  3
133780  70
586  4
36535  6
154|7
36535  9
119145  11
81834  7
122904  8
106072  9
76093  11
77561  12
155|10
77561  6
3286  3
1200  8
260  8
141  8
2355  8
2384  8
2948  7
432  5
2959  9
156|20
2959  70
31038  70
1230  10
1711  5
3341  11
6296  9
762  5
2361  6
2076  10
4784  5
661  8
2926  11
8571  70
47  7
3176  8
58  7
848  8
866  10
1485  6
923  9
157|5
923  7
3617  8
2720  3
2770  5
527  8
158|6
527  8
2605  8
2872  7
2723  9
2428  7
66320  70
159|20
66320  8
60069  7
45720  9
597  7
4022  6
89864  7
49286  7
140110  6
84954  6
4447  7
1197  9
68954  8
6942  7
1961  7
106696  9
480  9
539  9
166643  8
40819  6
63082  7
160|20
63082  4
1371  9
1198  8
196  6
3408  8
5349  6
3213  8
2408  4
839  6
3593  3
2748  3
533  8
1975  6
1676  5
3745  6
2011  7
733  9
3826  5
778  6
2840  8
161|8
2840  8
7247  5
47610  8
1223  10
38038  10
3429  9
2144  9
2336  9
162|8
2336  11
225  8
168  7
50  11
300  11
266  8
31  9
62  8
163|5
62  7
1810  8
1747  7
1777  6
1837  6
164|8
1837  9
2916  9
110  10
589  9
3527  8
1101  8
1201  10
2167  8
165|13
2167  8
3624  6
110  9
5505  8
5527  8
3256  7
5956  7
5418  8
5530  5
5450  6
1127  9
3409  6
5881  7
166|20
5881  10
1721  8
4011  10
5378  8
3481  9
49530  8
2353  7
47644  6
54272  8
8961  9
1198  10
2542  10
1036  9
608  10
434  7
5219  8
5418  10
2396  10
349  9
2324  11
167|20
2324  7
4886  8
778  9
3052  6
7147  9
6857  6
45501  4
6480  70
1682  8
2231  7
784  6
33794  8
2083  9
2413  7
6333  7
8961  10
2139  9
150  7
6773  7
35836  7
168|19
35836  10
1248  12
1201  11
1089  10
296  9
923  9
1222  10
5291  10
3543  9
1302  9
3362  10
1148  11
3101  7
57669  10
2076  10
1729  9
908  11
85354  7
80463  10
169|20
80463  10
2028  11
364  11
953  10
4886  10
5400  8
8644  10
524  10
2795  10
1022  10
3114  11
3967  10
1517  11
1035  10
8641  11
6365  9
661  8
457  11
3287  6
1416  11
170|10
1416  9
296  8
586  7
377  7
34  6
592  8
277  7
500  7
266  8
588  8
171|17
588  8
1220  9
1025  9
801  11
1259  12
1079  11
828  9
317  8
869  9
380  8
1136  11
1225  12
661  10
318  11
47  12
1198  11
1208  11
172|6
1208  6
3578  9
7438  8
2072  5
3793  8
2762  9
173|5
2762  7
329  7
586  7
597  7
588  7
174|14
588  9
520  8
224  8
648  8
161  7
317  10
158  5
780  8
315  7
485  8
282  8
440  6
350  7
10  8
175|5
10  7
8911  70
43904  4
38388  5
8362  6
176|8
8362  9
434  9
39  8
368  8
380  9
780  9
47  10
471  7
177|20
471  6
91542  9
6332  8
3668  8
45672  6
783  7
27706  7
2657  9
114662  6
1206  9
83132  8
5218  9
508  8
3114  8
1321  8
2176  8
8798  8
88140  8
2012  8
339  8
178|16
339  9
527  11
2329  10
5995  9
6502  10
4235  9
1198  10
208  7
6539  9
296  9
349  9
10  8
4226  10
1240  9
2579  9
318  10
179|14
318  8
589  11
161  10
231  6
288  8
743  7
1061  10
317  8
786  8
592  9
671  8
296  11
434  7
364  10
180|5
364  9
260  9
1748  8
1242  9
2140  9
181|20
2140  7
593  7
596  8
353  9
539  8
516  6
132  5
169  7
25  7
31  6
542  6
6  8
707  5
185  6
464  6
502  5
415  7
480  8
592  7
344  5
182|20
344  70
6969  70
3911  8
2728  10
4313  7
8042  9
1291  9
3113  8
3578  8
1590  7
161  9
4452  6
224  10
4980  8
4262  8
2353  8
2890  7
1127  7
541  9
6041  7
183|12
6041  9
380  9
1196  11
2951  8
2534  6
4085  8
1287  9
2194  9
3247  7
1233  10
2662  8
1408  10
184|20
1408  70
181413  70
193565  70
97304  11
74754  4
168250  8
191005  70
106072  8
166291  6
127152  8
86332  9
80463  9
5816  7
122898  7
81845  10
5810  7
170813  7
174479  70
112852  9
148626  8
185|10
148626  70
2396  8
5377  8
1721  9
5952  7
1393  6
595  8
2085  7
4995  9
899  8
186|20
899  7
1214  10
1291  10
3745  8
1269  10
2527  9
2532  7
4361  10
1307  9
2968  9
4306  9
2541  9
1702  8
480  9
1097  9
3977  8
919  10
3527  9
593  10
1196  10
187|20
1196  70
3949  9
49272  8
231  6
1206  9
6874  8
1729  8
1209  8
48394  8
6502  9
2701  4
4027  8
288  8
2542  7
7153  9
39427  6
6890  8
1222  8
8949  7
1748  9
188|10
1748  10
1212  12
594  8
1282  11
3469  9
2396  10
1091  5
3341  11
1264  11
2206  10
189|5
2206  9
4993  9
79132  9
2959  10
58559  9
190|14
58559  9
4776  9
8784  8
4995  9
5630  8
4306  9
30749  9
1221  10
4975  8
8961  8
858  11
8464  8
69844  8
7438  9
191|17
7438  70
21  6
72  10
175  9
494  7
417  9
17  9
6  11
85  5
292  6
314  7
58  10
235  7
213  12
161  10
160  4
162  9
192|5
162  8
288  7
316  8
349  8
432  7
193|7
432  9
55442  11
4878  11
6016  9
307  9
1270  6
5618  8
194|5
5618  9
1396  8
1500  9
1288  9
5060  10
195|20
5060  11
2770  6
1041  10
1653  9
1923  9
3160  6
4723  4
1863  6
2336  7
2166  7
4308  7
1909  9
260  10
2028  10
3252  7
2908  9
1392  7
1365  7
70  8
190  4
196|7
190  8
3578  11
59315  8
58559  9
364  10
1214  8
110  9
197|7
110  6
1240  8
1882  5
786  7
2167  7
153  7
1784  9
198|20
1784  70
3499  6
920  9
1213  9
3949  9
1994  7
1485  6
2572  7
4019  8
1089  9
110  9
593  8
4128  9
1270  8
4886  8
1079  9
2117  7
912  8
1573  8
1682  8
199|20
1682  7
2165  7
2280  5
736  6
5673  8
349  7
5502  7
482  8
8532  70
1172  7
300  7
50068  8
4881  8
3175  7
7445  7
2973  8
34338  6
41997  9
1956  6
377  7
200|20
377  9
7022  10
50802  9
3968  7
2485  8
500  8
5610  5
590  10
1029  9
53996  7
2572  10
4993  11
4041  12
57640  10
1302  9
1784  9
6383  7
1653  10
1569  8
1517  8
201|20
1517  9
1527  9
1584  11
2858  11
339  9
589  9
2717  8
994  11
788  8
1196  12
2797  10
733  8
1259  11
2174  8
1198  11
2455  9
1569  9
1213  10
160  7
24  8
202|20
24  70
924  9
29  9
2289  8
1197  10
1196  10
2966  8
161  9
608  9
1209  9
1296  8
3194  8
1784  8
469  8
923  9
2000  8
1587  7
1719  11
3147  9
32  9
203|9
32  8
8665  10
2407  8
5952  9
590  9
49272  10
40815  8
333  9
296  10
204|17
296  10
3949  9
33794  10
48394  8
27075  70
1080  9
79008  9
6104  10
8874  10
81591  8
4878  9
91658  9
711  6
2313  10
86320  10
55820  10
5218  8
205|6
5218  9
99114  9
91542  8
5816  8
95167  8
96079  9
206|5
96079  9
608  10
733  8
140  8
141  10
207|5
141  7
2428  3
2707  8
3740  8
100  5
208|6
100  9
2628  6
380  7
2353  6
2278  9
2762  8
209|7
2762  8
1291  10
68157  8
74458  10
185029  10
122886  9
88125  9
210|20
88125  70
34405  11
166203  70
3147  10
31696  10
7649  10
58559  10
2105  9
6365  8
34397  70
4625  6
84772  8
122926  10
76093  9
62836  70
33493  10
1584  10
47610  9
108932  9
122918  9
211|18
122918  9
63113  8
90405  8
57669  10
60684  8
7153  9
73017  8
2105  8
4367  7
356  9
2642  6
1556  5
318  10
44665  9
85414  9
1198  9
1136  9
260  9
212|20
260  6
122920  7
122892  8
2571  9
5218  8
48394  8
3578  8
1196  9
135143  8
74795  8
179401  7
79132  8
77800  10
108932  8
110102  7
96821  8
8874  8
65261  8
59784  8
2291  8
213|17
2291  8
87520  5
80363  6
76251  9
8957  9
2860  8
1234  10
5419  7
51935  9
69844  10
39446  6
4132  6
858  11
69526  5
4558  7
49530  9
58559  11
214|5
58559  70
628  7
743  4
1363  6
802  6
215|20
802  9
4973  10
63082  9
1291  9
2028  9
3252  9
3210  8
1968  9
1247  9
49272  9
1089  9
72407  5
5650  8
318  10
1208  9
2000  9
1197  10
1196  8
1297  8
4019  7
216|20
4019  7
21  8
3996  9
3946  5
2946  8
3993  8
3897  9
2599  8
34  7
3994  8
4034  9
3363  10
1965  8
3422  8
3555  8
3253  9
2087  7
3986  7
2018  8
1923  7
217|20
1923  70
3434  70
1275  6
2468  4
3197  6
1912  7
2302  6
1876  5
380  7
1221  7
2471  6
1918  6
1385  5
3165  5
1590  6
1562  5
1703  5
2056  70
1831  6
160  7
218|6
160  9
2692  10
1380  8
1198  9
6934  7
5349  8
219|20
5349  6
2115  8
59315  8
6539  8
442  6
30707  9
1704  9
180  6
1219  9
1005  5
27773  8
56156  7
6188  8
6721  7
30825  6
2997  8
1552  6
1500  8
2890  6
1921  8
220|20
1921  10
733  9
1198  11
3994  10
6539  10
1258  9
1917  9
4545  8
33794  10
165  9
71264  9
4623  8
53464  6
5218  9
6365  8
3751  10
32  10
1036  10
5502  8
1591  7
221|20
1591  70
7013  9
8529  8
1080  9
3246  9
2871  9
1208  10
7063  10
2702  8
4029  9
5954  9
2352  10
922  10
2997  10
1278  9
2858  10
1212  9
1959  8
1961  9
3671  10
222|20
3671  70
100498  4
48516  7
1249  9
99813  7
91529  7
59900  6
93287  7
1721  7
2706  7
3273  5
2411  6
64622  7
7143  7
87869  8
778  9
30825  6
42011  4
673  6
64839  8
223|15
64839  70
6711  8
1  7
736  7
1961  7
457  9
2716  7
48394  8
608  7
8784  7
48516  7
3863  6
4306  7
260  9
2683  7
224|11
2683  70
3044  7
356  10
2915  11
289  11
3668  10
1270  11
2797  11
1721  8
2716  10
1259  10
225|15
1259  10
1285  8
588  9
1717  7
2791  8
1321  7
1136  8
1197  10
1753  8
2004  11
2371  7
1407  6
785  9
1060  9
3024  6
226|20
3024  70
32666  70
3552  9
542  4
1240  9
3098  9
2804  9
3668  8
3653  9
2231  8
145  6
2253  6
3052  8
2628  7
762  6
53129  7
4816  7
16  9
2144  9
46948  8
227|19
46948  8
52319  7
81845  8
109487  9
134130  9
215  11
48738  9
47099  9
1196  10
32587  9
912  10
55721  9
1682  9
750  9
778  10
40629  9
97913  8
70286  9
150  8
228|5
150  10
1373  7
362  11
318  11
3113  6
229|13
3113  8
589  9
377  8
45  7
587  9
5  7
475  10
442  8
597  8
364  10
213  6
110  9
527  9
230|20
527  70
52715  70
47  7
7438  7
527  7
3147  8
45499  7
6537  6
2291  6
1387  7
6863  6
1485  6
595  6
4022  6
2096  5
588  8
4034  7
1676  7
8644  7
2641  7
231|5
2641  9
858  10
593  10
1198  10
109487  10
232|20
109487  70
41769  70
57526  70
70336  6
8644  7
1586  7
44972  5
4019  8
43928  5
30883  3
65802  6
8376  7
39292  7
1035  9
66198  6
66097  7
32011  4
6564  6
7451  8
33164  5
233|20
33164  7
3751  7
48516  8
1721  6
356  8
106100  9
162600  6
608  9
7153  9
134214  7
57669  9
122920  7
2329  8
4239  7
7371  8
3977  5
3147  8
3948  6
49272  7
5418  7
234|20
5418  7
2140  9
172  8
126  7
1562  7
4519  10
153  7
2710  6
3624  6
3483  7
1391  8
438  8
1460  8
2987  8
65  4
260  11
1359  5
3175  8
588  9
2080  9
235|13
2080  9
736  7
500  8
454  8
592  7
235  8
595  9
32  9
527  11
648  9
223  8
588  8
377  8
236|30
377  70
1278  70
1345  70
1350  70
1387  70
1388  70
1982  70
1997  70
1998  70
2447  70
2459  70
2490  70
2496  70
2502  70
2505  70
2542  70
2572  70
2580  70
2596  70
2598  70
2606  70
2657  70
2683  70
2694  70
2718  70
2770  70
2806  70
2858  70
3024  70
3052  70
237|10
3052  8
4254  5
94959  6
293  8
1371  6
1193  8
7361  9
7980  8
43936  5
1374  8
238|9
1374  9
3528  7
4265  7
4901  8
4238  7
593  9
4499  7
4957  5
1193  9
239|20
1193  11
5459  7
4085  8
380  9
95  7
7445  7
608  11
7147  10
6378  9
2115  8
4896  10
36529  8
3994  9
33679  9
47  9
590  9
4022  9
208  8
733  9
51662  9
240|20
51662  8
543  8
480  11
367  8
810  7
500  11
546  5
110  10
173  7
1  10
542  7
104  11
34  10
174  7
204  7
225  10
383  6
262  11
434  8
420  8
241|16
420  70
71899  9
527  8
1206  9
1193  8
99114  9
100714  5
8981  8
53123  7
116897  10
56367  6
3910  9
106782  9
115569  9
4235  10
48780  8
242|7
48780  7
380  8
231  5
457  7
592  8
454  8
111  10
243|8
111  7
353  10
62  6
588  10
193  5
586  7
181  4
376  7
244|19
376  10
1049  7
110  10
257  11
165  9
151  8
1090  10
3755  6
2278  7
648  7
1580  8
1957  11
1610  10
1196  11
3256  9
1573  8
1242  9
3753  8
2243  8
245|5
2243  8
2739  6
3114  5
3274  7
1361  6
246|20
1361  10
616  10
1680  10
6016  9
3081  10
44191  10
60684  10
4973  11
1732  10
1298  9
53125  9
2291  9
2692  10
293  9
4011  11
5013  10
60069  10
48082  10
82202  6
95167  10
247|20
95167  9
593  8
2858  10
49272  9
1961  9
44191  8
527  9
116797  9
68358  7
122886  9
480  9
223  8
1265  8
2078  8
1198  9
1682  7
6377  9
1089  9
953  9
919  7
248|11
919  9
1198  10
166528  8
176371  7
316  8
147374  6
102903  4
189333  6
122912  6
58559  10
5218  7
249|20
5218  70
102903  10
2167  8
94959  10
84601  9
2395  9
97306  8
3408  10
89047  70
91500  9
91542  9
40815  9
69844  9
904  11
46723  8
3826  6
68791  7
88812  7
67695  5
50  10
250|6
50  8
2407  7
318  11
1597  7
1246  12
8880  9
251|5
8880  13
293  12
356  11
318  11
1089  11
252|8
1089  11
89745  9
6377  10
164909  10
1682  9
166643  10
143355  8
78499  11
253|10
78499  11
916  11
608  10
2300  8
7099  11
4217  12
26366  70
1192  11
4642  10
3363  10
254|20
3363  9
44195  10
207  7
49278  9
6333  8
780  8
110  9
1210  9
49272  9
27846  11
32587  9
2571  10
44929  9
47  9
293  9
1580  9
5995  8
32  9
592  8
48394  8
255|9
48394  9
4467  7
2023  6
3501  3
1663  8
1394  9
3392  13
2542  7
2915  5
256|20
2915  6
88744  9
377  9
4973  11
53972  7
118696  5
95441  7
104841  7
71535  9
2953  7
81229  11
53121  7
30707  10
2571  10
68791  10
170  9
6942  9
90405  9
6537  10
33493  9
257|5
33493  9
594  7
2502  7
494  8
2406  8
258|5
2406  13
7147  11
72641  9
76093  12
47099  9
259|6
47099  8
5945  10
1784  8
4886  8
1356  8
1584  7
260|20
1584  8
3556  7
162  9
903  8
5690  9
6337  8
4878  7
5617  10
342  6
5219  9
2997  9
8011  7
1206  9
3317  9
6709  8
8874  9
2348  8
3822  7
2959  10
8645  9
261|11
8645  9
16  8
2060  9
296  10
2723  7
1682  8
4085  10
2194  9
7361  8
4238  8
58559  9
262|12
58559  6
539  6
457  8
322  5
339  6
85  6
26  6
17  9
213  6
273  7
593  8
728  7
263|20
728  9
150  8
500  8
2987  8
2953  7
110  10
4226  10
8370  9
1197  9
7458  9
708  8
1111  10
2125  9
6942  9
5013  9
163  8
457  9
8636  8
1967  8
2085  8
264|12
2085  10
1376  7
151  8
5816  10
1907  8
1320  7
1917  6
150  8
3578  8
1090  8
253  10
1876  5
265|20
1876  70
316  7
253  8
1302  8
724  6
1240  10
3504  7
230  6
3831  7
1956  10
3098  9
529  8
1270  8
3791  7
1177  9
2322  6
1488  7
2474  9
1198  9
1962  8
266|20
1962  70
2812  70
2700  10
2278  7
24  6
2770  7
2702  8
64  5
1405  5
2580  9
1527  8
2167  7
457  9
1580  8
2300  9
1923  7
2094  8
132  6
2571  9
2097  6
267|12
2097  10
593  10
1175  9
3006  8
1302  9
3999  7
3113  8
1093  10
589  9
2571  12
923  10
3996  10
268|20
3996  7
587  7
1125  6
1911  5
2802  6
1036  8
1370  5
50  8
2064  8
1784  7
1912  7
1966  5
454  6
1234  9
2247  5
1394  6
2829  5
802  6
260  8
2858  8
269|6
2858  8
743  5
95  7
1  10
63  6
648  8
270|8
648  6
62  7
79  4
628  10
14  6
1356  8
141  7
25  7
271|9
25  8
32  8
2791  6
969  9
6787  7
2858  8
55765  8
1320  7
2288  6
272|7
2288  9
1240  8
51662  8
122922  6
49272  8
158238  8
6365  7
273|11
6365  9
593  11
500  9
608  11
223  11
111  10
150  9
21  9
466  7
235  8
520  8
274|20
520  70
2947  9
3037  8
1645  8
4951  7
2036  6
1359  6
35957  7
553  9
76293  7
3918  8
1503  6
45431  7
4816  8
54999  8
5667  70
4876  5
56805  7
1921  7
54004  8
275|20
54004  9
2289  9
5884  70
1171  8
357  10
1912  9
2539  8
235  9
4886  9
2572  10
2355  8
3253  8
1192  12
926  11
111  9
2100  8
3089  10
1393  9
1719  11
1392  10
276|9
1392  8
356  12
466  9
104  10
631  8
648  10
2  10
1367  9
344  9
277|6
344  8
736  8
656  7
1  10
780  8
260  11
278|5
260  6
1347  7
4002  6
318  11
2369  5
279|20
2369  8
1101  9
166528  9
90405  6
61132  8
79132  9
56782  8
97913  9
1608  7
4226  10
59315  8
88129  7
54286  8
1258  8
8665  8
58559  9
4993  8
8376  7
107406  9
1200  9
280|20
1200  10
344  7
262  10
3146  7
4239  10
4447  8
8638  9
919  9
72641  10
86817  6
8368  10
49530  9
6863  8
35836  7
55052  8
54503  11
4246  8
48516  9
1911  5
3916  8
281|5
3916  9
8361  5
35836  8
3897  6
3861  6
282|20
3861  9
3977  5
3263  7
25  9
6708  9
2683  7
4718  7
6711  8
5481  8
6863  8
5669  9
3752  9
588  8
80463  9
1921  9
1193  10
4369  7
48322  9
1194  9
784  7
283|7
784  6
39  9
1704  8
356  7
586  6
2082  6
805  7
284|18
805  9
173  6
2  9
296  11
15  6
348  10
248  8
318  11
47  10
353  9
275  6
44  7
339  10
367  9
276  8
165  9
637  9
235  9
285|8
235  9
949  8
1247  8
6978  10
113207  70
4447  7
441  8
296  9
286|20
296  8
778  10
5989  9
1333  9
165  8
500  8
7438  9
2294  7
4993  10
4995  10
7361  10
70  8
4980  6
1258  10
4963  9
1097  9
4848  9
539  8
377  7
110  8
287|20
110  6
3578  6
223  6
2633  4
1059  5
586  4
3005  4
532  6
1193  7
2599  6
2028  7
1485  5
3826  4
2081  6
8949  8
2012  4
101  10
4034  5
2422  3
2115  5
288|20
2115  70
4966  70
1008  70
2867  8
42015  5
141  7
2571  8
13  6
53519  6
2407  6
5418  9
3916  7
2347  6
2528  6
30810  8
575  6
32587  8
587  7
2517  6
8361  8
289|24
8361  70
16  70
235  70
266  70
594  70
708  70
750  70
1080  70
1101  70
1208  70
1220  70
1258  70
1917  70
2012  70
2174  70
2710  70
2797  70
4322  70
6125  70
6327  70
6453  70
7025  70
7028  70
26704  70
290|20
26704  10
1299  8
2494  10
2739  9
608  10
2130  10
908  10
341  70
1447  7
342  9
1056  7
1719  11
953  9
928  9
1394  10
2648  9
475  11
2731  10
1357  10
2385  5
291|7
2385  9
122892  9
106489  9
134853  11
7153  11
88125  9
1  10
292|20
1  6
103339  7
122900  7
4896  8
2291  8
474  8
85056  7
46972  7
95167  7
164909  9
3176  8
3476  7
1608  6
31221  4
1101  8
3985  8
3984  7
1017  8
69844  8
231  6
293|5
231  8
1673  8
344  6
1617  8
1097  6
294|20
1097  4
3869  6
1064  5
2794  5
610  6
2133  6
1391  6
3868  6
1129  6
520  6
3387  5
355  3
2378  5
3693  3
785  6
2193  7
2367  3
2458  5
348  7
3501  6
295|9
3501  9
3198  10
1287  7
1213  9
4351  8
1198  9
858  9
318  10
2329  10
296|6
2329  70
2028  9
169034  70
4144  7
50  10
2324  10
297|15
2324  7
543  5
1645  6
111  6
454  5
1089  8
6  8
1249  7
1047  7
1370  7
1488  8
150  5
170  5
1092  7
866  8
298|20
866  7
95510  4
6811  5
8370  8
8807  4
63131  5
6881  7
3785  5
122900  7
103042  5
6294  5
2167  6
2005  6
6006  4
653  6
55995  4
3018  5
69757  8
103772  5
3825  2
299|5
3825  9
1387  10
188  9
1198  10
1214  9
300|32
1214  70
356  70
527  70
593  70
1172  70
1704  70
2028  70
2324  70
2329  70
2571  70
2762  70
2858  70
2959  70
4848  70
4973  70
5995  70
6016  70
6711  70
7361  70
8950  70
48394  70
56174  70
63082  70
79132  70
81591  70
92259  70
99114  70
109487  70
112183  70
112290  70
112552  70
112556  70
301|20
112556  7
357  7
2490  8
6711  9
589  8
8949  7
837  7
3948  9
364  8
527  9
5989  9
4963  8
608  10
292  7
3578  8
3897  8
4226  7
3753  7
1393  8
1792  6
302|7
1792  8
14  9
3  8
25  8
648  7
707  9
110  9
303|11
110  8
3703  9
1127  7
5544  9
1196  10
3471  8
1580  10
1394  11
2683  8
920  9
1358  7
304|20
1358  9
2571  11
2433  8
10  9
1376  10
480  9
1373  5
1777  8
1270  11
1517  8
151  10
356  11
208  8
474  9
1214  9
1375  11
640  5
1722  8
185  6
2701  6
305|20
2701  70
140627  70
87869  10
919  10
1197  11
106100  11
138210  9
788  6
7482  10
80590  8
103075  6
903  10
6537  6
93840  8
54736  9
592  8
2288  9
58803  8
55276  10
1272  9
306|20
1272  5
68954  9
69644  7
6377  9
95543  6
81847  6
111743  7
85367  8
168418  8
167018  7
72998  6
122904  8
69406  5
85788  5
4963  7
115664  7
134368  9
112852  8
161634  5
133419  9
307|20
133419  70
4181  70
31424  70
49314  70
5010  7
7845  8
3392  7
1220  7
6793  3
6483  2
2332  2
56003  5
1991  5
3273  5
4876  4
3421  6
1409  3
413  4
4447  7
52867  70
308|20
52867  6
45517  6
96821  5
72998  5
318  4
2  6
904  5
589  7
8961  7
56152  3
56367  4
5618  9
36  3
410  3
79132  6
4993  8
8464  8
1221  6
2248  9
6  4
309|20
6  10
1645  8
898  8
1682  9
296  11
1089  11
1269  9
7153  9
6947  8
8340  7
1104  8
7218  70
25886  10
1219  10
8154  10
971  8
1944  8
6365  7
1262  9
2762  8
310|13
2762  6
6947  7
1101  8
6503  6
2524  8
2457  7
5899  7
733  7
246  10
3254  8
1223  10
1080  8
2671  7
311|6
2671  70
5992  5
1517  7
6461  5
1407  7
2706  5
312|20
2706  8
1375  8
3499  10
589  9
2454  8
1358  8
4878  10
4103  8
3793  9
2028  10
1371  8
4121  6
2366  9
2747  7
4105  9
5446  8
2699  6
2529  8
1350  9
1356  9
313|20
1356  8
170  7
3917  7
2455  7
5544  9
541  10
2193  7
2000  9
6  7
1968  8
1089  9
1301  6
1240  6
3175  8
4865  6
2005  8
2167  5
1375  7
2087  8
2530  7
314|20
2530  8
1042  7
44  5
165  7
457  8
293  9
597  7
329  6
442  5
26  7
830  8
728  6
618  70
107  6
536  5
10  6
1376  5
153  6
208  5
150  8
315|7
150  7
2729  5
2529  9
2067  9
2553  9
909  9
902  7
316|11
902  7
253  8
3968  5
158  4
5445  7
3751  8
7438  8
6874  9
48  5
3882  5
2572  7
317|20
2572  70
73321  7
91529  9
74545  8
7445  7
1213  10
48774  9
4262  9
1884  9
5989  8
3578  9
4011  9
68358  8
1208  10
72011  8
3897  8
3499  7
96829  10
116797  8
56782  9
318|20
56782  70
81191  70
90245  70
111817  70
127180  70
145080  70
150696  70
7445  7
1090  9
116799  7
82459  9
48385  8
2294  7
64839  9
88125  9
109487  9
4021  10
33794  8
54286  8
89753  8
319|7
89753  11
6377  10
356  11
136864  5
1221  10
122904  9
110  10
320|5
110  8
71535  10
31184  9
59315  10
1013  7
321|12
1013  8
356  10
160  6
592  9
597  7
780  7
339  8
355  6
410  8
3  7
500  8
457  11
322|20
457  3
1968  8
2542  9
58559  8
2788  9
2146  7
2617  6
2918  7
778  9
2599  7
4027  7
4993  8
1230  8
51540  7
1  7
1617  8
1923  6
4010  7
11  6
1035  8
323|20
1035  6
480  7
356  8
1094  7
161  7
115569  8
1198  8
29  9
551  7
22  6
318  8
112183  8
253  8
111659  5
3257  5
260  8
150  7
329  6
342  6
266  7
324|5
266  9
3972  8
3864  4
3949  8
3897  9
325|20
3897  70
235  8
2986  4
262  9
1573  7
2596  7
1584  8
1217  9
1676  7
4714  4
3770  6
3261  9
2894  70
2155  7
1279  10
1614  7
3994  7
2268  6
2915  8
5008  8
326|20
5008  9
47610  7
20  5
2858  9
86882  9
5418  8
4973  10
133771  9
48774  10
2324  10
1293  8
2692  9
72605  7
70159  7
54286  9
5446  8
6591  10
4226  9
105844  9
31410  9
327|10
31410  10
150  11
858  11
1923  9
51255  8
48516  10
1304  12
765  8
6888  8
2706  10
328|20
2706  7
112852  7
70286  8
1196  7
457  9
364  7
80463  6
3489  8
318  8
595  8
5349  7
2542  7
1219  8
35836  7
3751  7
79091  5
7153  8
596  5
2398  6
1148  7
329|5
1148  70
136850  70
858  2
1884  6
750  6
330|20
750  6
316  6
1639  7
2918  8
919  8
3949  9
3535  10
5349  8
380  7
1676  7
2502  10
3703  8
1682  10
2683  7
1206  10
1721  6
2791  8
2081  7
8874  10
592  9
331|20
592  9
6157  5
88125  8
6539  8
3897  8
4446  7
7361  9
50872  9
4995  9
4306  9
6874  9
5502  8
3911  9
608  10
4447  8
593  9
3751  7
8665  7
4367  7
2959  9
332|20
2959  9
1653  9
1258  8
316  7
8983  8
431  8
97757  70
2291  8
1835  7
356  9
5502  7
4308  7
1203  9
1682  8
1249  9
76251  8
2905  8
318  9
2294  7
32  8
333|5
32  5
3752  6
3616  5
3615  7
3646  4
334|20
3646  7
1196  9
1580  6
1291  8
3996  8
589  7
30810  8
4027  7
1  7
64957  7
1625  7
50601  5
44195  8
27416  8
6867  7
2997  8
293  8
480  7
5378  6
51935  8
335|6
51935  7
592  8
356  8
296  9
2699  6
2001  7
336|12
2001  11
1  10
38798  10
33660  10
1784  9
2001  8
2268  9
293  9
1625  10
4886  10
50  11
150  9
337|16
150  12
47  10
16  11
805  10
1393  9
266  9
667  7
168  8
784  6
65  5
110  11
708  9
25  11
1356  11
277  9
786  8
338|8
786  70
190207  70
190215  70
190219  70
7153  10
593  11
187541  6
185029  8
339|20
185029  9
5445  8
84152  9
96079  9
106072  7
69122  10
5617  8
41285  8
56869  70
48322  9
65216  10
91630  8
86504  9
91529  9
83613  7
4993  10
3470  9
102407  7
2028  10
5952  10
340|28
5952  70
110  70
150  70
153  70
161  70
165  70
185  70
208  70
253  70
288  70
292  70
296  70
316  70
318  70
329  70
344  70
349  70
356  70
454  70
457  70
480  70
589  70
590  70
592  70
595  70
648  70
780  70
1356  70
341|11
1356  7
3624  6
130087  6
1370  7
135137  8
117529  8
5459  7
45672  7
1  9
47099  10
4025  8
342|14
4025  6
2598  8
2881  7
2369  5
1268  8
2605  7
2599  8
1198  9
3157  5
3826  5
2428  6
2827  6
3863  7
1959  8
343|12
1959  9
3000  9
48394  8
4226  9
4878  11
3993  9
2571  9
1617  10
31658  9
55363  9
55820  9
296  11
344|14
296  8
380  8
316  6
2628  6
4226  10
2571  9
4014  8
2012  8
4034  7
260  9
2541  9
4973  11
5418  8
2712  9
345|13
2712  6
2539  8
926  10
5902  9
8810  6
344  8
5707  6
2366  9
56949  6
3649  7
6658  5
3489  9
412  8
346|20
412  8
778  9
608  8
6711  8
6286  9
306  9
7323  9
307  8
3535  8
1212  6
357  8
3949  9
714  7
7937  10
7396  10
5878  8
1120  6
1131  8
3627  9
7115  7
347|9
7115  6
590  8
39  8
150  9
454  7
380  8
587  8
317  7
457  9
348|11
457  12
2324  11
4368  6
1213  11
6016  11
2959  10
6893  12
4973  12
1221  11
1960  10
2019  10
349|8
2019  7
161  9
589  9
381  12
349  8
231  9
588  9
509  8
350|8
509  8
7  6
637  5
648  8
733  7
12  5
858  10
661  9
351|20
661  70
87222  10
73344  10
52579  6
2231  9
88744  9
43836  4
79132  9
597  8
58559  9
12  5
8914  8
8950  8
63082  9
6214  8
90376  9
84152  9
480  9
4878  9
1193  9
352|20
1193  8
71745  8
1801  6
34319  8
2600  9
65682  8
1080  9
79695  7
110730  5
38038  9
130490  9
97752  8
1214  8
94864  7
41566  10
56587  7
44191  10
114935  9
59315  9
47610  9
353|18
47610  8
25  9
267  6
216  8
367  8
288  8
144  11
186  7
333  8
266  9
112  5
198  9
234  4
145  7
293  12
158  5
163  9
296  12
354|20
296  8
4306  8
2692  9
3147  9
47  10
903  10
733  8
3977  7
1225  10
35836  9
648  7
44191  9
8665  9
1917  8
7147  9
1923  8
589  9
2959  10
4718  6
1196  9
355|6
1196  9
1580  10
3035  10
3175  10
317  7
916  8
356|20
916  9
52435  10
52975  9
7122  70
44889  70
1641  9
2706  8
4011  9
802  8
7323  9
2502  11
56367  8
1223  10
55118  11
3949  9
3996  8
1246  8
1466  8
223  9
7153  10
357|20
7153  70
8998  70
27329  70
2804  9
595  9
529  9
4663  9
4091  8
1224  10
1242  10
34  8
208  7
58559  9
6296  8
30793  8
1042  8
2100  7
551  9
471  8
2067  11
358|9
2067  70
605  5
5066  8
52328  7
2226  70
42728  9
7361  9
69844  10
36525  6
359|15
36525  6
1092  7
1101  7
51412  9
648  8
296  7
1097  8
2396  8
2424  8
593  8
2701  5
2942  6
1682  9
2530  4
4995  9
360|5
4995  7
1620  5
1488  7
1711  9
1414  6
361|20
1414  7
1580  5
377  7
1552  7
49272  8
1263  8
53125  7
589  8
49822  5
8360  7
318  8
2529  8
5218  7
6188  9
2422  4
3082  8
1732  7
1370  8
46972  8
7458  8
362|20
7458  11
592  8
6539  10
51540  10
5989  10
637  7
70  9
7153  10
1252  10
44665  9
407  8
6874  10
2959  11
1196  10
1208  10
8961  9
48516  10
7438  10
356  10
1201  10
363|6
1201  6
1732  8
1517  6
296  8
653  4
318  8
364|5
318  12
9  7
783  9
376  10
1  11
365|20
1  5
81229  7
128975  4
6874  8
90345  6
158872  7
129354  6
103075  4
135536  5
70286  7
112852  7
76077  6
112818  6
1777  6
6502  6
155820  2
541  6
95720  6
93270  2
135569  7
366|7
135569  9
59315  8
33794  8
91529  8
2028  9
122882  9
7438  10
367|20
7438  9
3061  10
1270  11
1287  9
486  6
3536  7
3824  8
2384  9
3072  8
898  10
3618  8
3225  5
2248  9
3157  8
3969  6
3717  8
1259  9
4023  7
1196  11
1258  10
368|20
1258  6
2112  6
1944  8
2986  5
3869  7
1214  8
2947  7
415  5
3035  8
832  6
50  8
2819  8
1801  7
2490  6
1917  6
1391  6
2193  7
225  7
161  7
2881  6
369|20
2881  7
785  6
47  9
2706  7
839  6
377  7
52973  8
743  5
4214  8
5418  8
3863  7
1372  8
27904  8
60069  8
2857  9
1967  9
150  8
2011  7
1580  8
3174  7
370|19
3174  8
4878  8
8961  8
6377  8
2628  5
1748  7
2116  6
589  8
2329  8
7438  9
3977  6
1676  7
593  9
4973  9
4226  9
1240  7
1089  9
8636  8
2716  7
371|9
2716  10
112512  70
1258  11
4090  9
56715  10
3000  10
4226  11
4993  11
1748  11
372|20
1748  70
924  7
318  10
1603  6
1479  8
589  7
81  6
387  5
616  8
337  8
1220  8
1201  6
165  8
1243  7
1258  8
377  9
1401  7
450  6
1206  8
1306  8
373|20
1306  6
60  8
169  3
350  8
585  5
44  5
371  8
163  8
616  8
198  6
265  6
25  6
6  9
733  6
47  8
2  6
736  6
305  7
357  6
141  6
374|7
141  9
208  8
1219  10
480  8
592  7
1258  9
1339  8
375|7
1339  8
1027  8
32  9
2628  7
3256  8
4226  10
500  8
376|20
500  7
2002  7
1214  10
1101  8
2916  8
33794  9
1198  10
349  9
1371  8
376  8
1240  10
1375  7
4993  9
858  10
457  9
4226  11
5952  9
344  7
2763  9
2797  9
377|20
2797  70
2793  4
1262  13
2791  11
748  7
1345  6
5027  6
5113  8
27692  70
3421  11
6021  70
3364  9
2072  6
8641  9
2163  6
92760  70
2858  11
1503  5
2124  6
2015  8
378|10
2015  10
7153  10
48516  9
3114  8
858  9
68954  8
91529  10
71535  8
90600  9
364  9
379|8
364  10
377  7
19  6
292  7
480  8
367  7
597  7
344  6
380|20
344  70
172875  70
172881  70
172887  70
355  6
6979  7
5476  4
2735  5
68194  11
63433  8
72356  12
105731  5
1833  6
551  9
6731  9
27831  9
1665  7
393  7
140956  8
2791  9
381|20
2791  9
1088  7
3253  7
185  6
317  8
27808  7
1240  8
19  6
3753  7
4321  7
72011  9
3082  6
333  8
2140  9
1385  6
2273  7
1208  10
457  9
104  8
2716  9
382|20
2716  10
142372  5
135532  7
1201  8
112171  8
1198  11
912  10
81847  10
4638  8
63540  4
1681  7
170289  70
103042  8
72737  9
2496  6
357  8
81537  8
59501  7
101362  6
4890  9
383|7
4890  11
2541  7
2496  7
1584  8
2558  6
1246  8
903  10
384|14
903  9
1388  5
2683  7
2502  8
4333  12
3098  10
4396  6
457  10
358  5
968  6
2724  7
296  9
3991  4
1204  10
385|20
1204  7
1080  8
249  9
1219  8
1036  8
1136  9
282  6
1073  8
1200  8
1228  8
1022  7
1007  7
1201  8
1246  8
344  6
589  8
1023  8
1287  8
594  7
1303  7
386|14
1303  6
410  5
112  6
165  6
223  6
648  6
185  5
608  7
485  6
305  5
44  5
585  4
349  5
10  7
387|20
10  70
5156  70
5780  70
7336  70
26124  70
40966  70
2712  8
5062  7
1247  9
5489  70
4195  6
7132  9
2946  6
1387  9
3000  9
51939  6
4995  8
912  9
7938  70
1783  5
388|6
1783  70
63239  70
33615  7
86298  5
62999  7
8360  6
389|7
8360  11
140  8
628  10
762  6
743  7
95  9
32  12
390|17
32  70
64957  7
4239  9
5220  3
1193  9
2571  9
9010  9
2291  8
5296  6
4226  8
7254  8
6377  10
63062  8
1206  9
2329  9
4014  7
1784  7
391|20
1784  70
500  7
3994  7
1213  9
516  6
199  7
4027  9
150  8
1408  8
4014  8
1527  10
1059  7
2916  9
4973  11
357  9
555  8
5026  8
4936  8
1210  8
3067  7
392|5
3067  6
2858  8
707  7
1198  10
1125  9
393|20
1125  7
102125  9
48394  9
36517  8
8636  9
110102  8
44199  8
5388  8
54259  9
4848  9
5669  8
1291  10
68848  8
86190  9
2571  9
1206  10
122892  7
106642  10
1625  6
106489  7
394|5
106489  7
316  6
344  6
225  6
457  7
395|13
457  7
1025  8
296  9
160  5
208  6
173  5
485  6
355  4
520  7
595  7
126  3
48  5
367  5
396|6
367  9
1597  8
1777  7
44  6
204  5
2081  7
397|5
2081  6
8645  8
1701  8
8228  9
6993  8
398|10
6993  70
1197  10
5971  9
7022  9
1198  9
60069  11
2455  7
1136  9
48516  10
82459  7
399|8
82459  9
110  9
5445  9
1196  9
593  9
480  9
1270  9
2194  9
400|9
2194  11
356  10
2571  10
2959  11
7153  10
1221  11
3578  10
858  11
59615  9
401|15
59615  9
6297  6
55768  7
48982  8
166461  8
49274  5
50872  9
32031  8
79091  9
170939  70
38038  8
8360  7
3114  8
33615  7
1136  9
402|10
1136  11
597  8
52  8
329  9
296  10
586  7
315  8
1036  10
434  8
527  11
403|7
527  9
2427  7
3210  9
296  9
61465  5
1663  9
180  7
404|12
180  5
349  8
474  8
34  8
364  8
508  7
105  7
593  9
509  8
277  8
315  5
185  7
405|20
185  70
293  9
7254  9
37731  9
2959  11
345  9
1213  10
7134  70
64614  9
6023  5
1241  7
2329  10
1247  9
3052  9
68237  7
1199  9
27592  10
27664  6
3418  9
1215  10
406|5
1215  6
135  6
56949  7
46972  8
724  9
407|5
724  9
2959  10
6539  9
1240  8
54286  8
408|20
54286  10
122904  9
44840  9
165101  8
6618  8
1291  9
1210  10
89745  10
1278  10
7324  8
44  9
8641  10
115210  10
103596  4
68554  8
2571  10
109487  10
63131  10
80489  11
4649  9
409|20
4649  7
2490  9
2028  9
3812  7
1278  10
2997  9
296  9
1078  8
3016  7
1073  9
2683  8
2289  7
3846  6
912  10
2013  6
1911  6
2352  10
1230  10
2541  7
3174  9
410|20
3174  70
3224  10
318  11
2302  8
4002  6
1060  7
4297  7
3263  6
1859  9
111  10
58  8
2145  8
3255  8
2321  10
3504  10
3948  7
11  8
4019  8
3  8
597  8
411|20
597  9
261  9
586  6
432  7
353  9
431  8
194  8
318  9
272  8
515  7
356  9
266  7
257  10
349  8
10  8
31  8
344  6
227  5
455  6
122  5
412|20
122  2
2384  7
2915  8
903  10
608  9
2720  4
2858  10
1883  7
1307  9
1214  10
1784  8
2239  9
1  9
930  10
1136  9
2710  7
915  8
2398  10
17  8
1079  10
413|12
1079  9
1198  12
3753  10
2424  10
593  12
128360  10
4993  12
16  10
5574  9
3948  8
64957  11
2959  11
414|20
2959  70
4666  70
5285  70
5635  70
6033  70
6493  70
6563  70
6628  70
6797  70
48319  70
58879  70
169992  70
3802  4
3599  8
1600  6
8666  3
4975  8
7444  7
4081  4
177593  12
415|19
177593  9
1213  10
4321  10
3507  10
4308  9
47  10
1021  5
111  10
2617  8
1276  9
3861  8
4369  8
99114  10
1221  10
63082  10
1234  9
45722  8
1197  9
175  8
416|11
175  9
5951  3
531  6
1296  6
1199  7
1721  5
830  4
1206  7
7323  6
4848  6
3677  5
417|14
3677  11
4995  10
4975  9
7254  9
1198  10
106782  10
27773  11
168250  11
1625  8
7153  10
74458  9
110102  9
48394  9
4878  10
418|19
4878  10
296  9
63082  9
104374  6
1276  8
1136  9
117176  11
1573  7
137337  11
1682  10
5816  8
88125  8
74458  9
367  7
89745  9
45672  6
87869  7
7361  10
54001  9
419|20
54001  70
111  8
46976  9
27822  4
2858  9
319  10
6287  8
3578  9
1213  10
64969  7
47  10
79592  10
34319  7
89580  70
60756  9
27704  70
90943  70
2412  6
1240  8
52245  6
420|20
52245  8
4993  10
45499  7
923  9
26693  70
48385  8
1927  9
5608  10
2052  7
6934  7
7022  9
3979  6
59295  70
2329  9
54259  9
1131  7
2762  8
4973  10
5669  8
527  8
421|8
527  10
909  10
5008  10
953  9
1178  11
2313  8
2478  9
1203  9
422|19
1203  7
2710  6
4947  6
4971  6
5039  10
4925  70
2581  7
4916  7
1265  9
2804  9
3053  7
2665  70
1283  9
4835  8
2908  8
3943  5
1213  9
2670  7
858  11
423|5
858  10
110  10
2194  8
5349  8
1320  9
424|20
1320  9
141  6
2804  7
40278  9
608  9
108729  8
293  8
69122  7
1092  8
54503  10
58559  9
3186  7
66097  9
778  9
5679  8
3176  7
2288  7
2174  7
71668  7
112556  8
425|20
112556  7
377  8
2329  9
733  8
6  8
1645  7
8368  8
2081  8
4306  8
1680  9
1909  7
367  7
46723  7
1625  9
1036  8
4901  8
750  9
2353  7
1342  6
145  7
426|18
145  7
150  8
471  9
337  8
54001  9
1197  10
6378  9
72641  9
4886  8
8644  8
37729  8
597  8
5444  10
91325  3
588  8
3247  8
4022  7
79091  7
427|17
79091  5
5463  5
5015  8
110  8
58  8
5528  7
6348  6
5312  6
2710  6
5696  5
4993  9
5266  6
2683  7
5400  7
5816  8
1208  9
5574  6
428|20
5574  4
2762  7
3827  6
1089  7
2953  5
2916  7
1380  6
1997  8
3440  3
4022  6
317  6
4255  3
1208  8
1391  6
6377  7
2581  5
260  7
3285  6
588  6
653  5
429|12
653  9
421  10
150  10
225  10
165  9
266  10
329  9
252  9
279  7
317  8
237  9
204  7
430|12
204  11
2987  9
3745  8
6287  7
2858  9
6365  9
2571  10
4447  9
4014  10
329  7
2076  10
4446  9
431|5
4446  7
1625  8
1376  7
3948  5
802  7
432|20
802  5
5630  9
6870  9
8640  6
6539  9
3916  9
5989  9
84189  70
110  8
35836  7
4886  9
2762  8
1206  8
49272  9
19  6
318  9
58559  9
69481  8
7158  8
33660  8
433|5
33660  7
1089  8
50  9
5299  6
110  8
434|20
110  9
3147  10
1090  9
1265  8
5989  10
1101  8
1779  6
586  7
344  6
3863  7
1208  10
3160  10
589  9
780  7
6796  9
2791  10
4226  10
2194  9
8665  9
1291  9
435|9
1291  8
44191  10
485  8
3510  9
34405  11
2302  8
158  8
82459  10
48780  11
436|20
48780  5
435  5
440  7
432  6
161  8
480  9
377  7
531  6
536  5
502  5
364  9
235  8
371  7
344  6
2  8
585  6
450  6
587  9
437  5
227  7
437|20
227  7
318  11
5  7
640  3
1299  10
1120  8
1396  8
1246  9
454  8
1171  8
1225  10
1183  9
1097  9
1307  9
1268  8
592  7
198  9
155  4
112  8
246  11
438|20
246  7
2501  10
8966  8
27801  9
1527  9
6711  10
3898  3
1784  8
8644  8
6367  9
2424  8
3889  4
223  8
1517  8
7361  10
2641  7
5009  7
2617  7
3753  8
2393  7
439|5
2393  8
4022  8
7153  10
78499  9
1240  9
440|7
1240  70
541  10
29  9
1653  10
1274  9
3174  8
1235  9
441|9
1235  10
2683  9
2959  10
4306  11
260  11
296  12
51255  13
47  10
68358  12
442|5
68358  6
2881  1
1186  5
3752  2
4361  2
443|8
4361  9
79132  10
296  9
48394  9
106487  8
108190  7
7153  10
63082  10
444|9
63082  9
592  8
208  6
21  8
111  10
110  9
235  8
296  10
344  6
445|16
344  9
590  8
34405  10
47  9
116897  10
780  7
4011  10
899  10
593  9
33794  9
1080  7
45722  8
17  9
1230  9
306  7
2710  7
446|17
2710  8
339  7
300  9
296  8
480  7
368  7
288  7
172  5
17  9
16  8
357  10
150  7
434  5
153  5
648  6
593  8
337  6
447|16
337  9
293  9
337  11
531  7
382  7
589  9
552  7
253  8
362  7
532  8
292  7
31  10
474  9
540  7
442  7
160  6
448|373
160  70
3284  70
3933  70
6302  70
6476  70
7245  70
48262  70
49688  70
75803  70
75816  70
78116  70
79590  70
86593  70
92198  70
98908  70
100326  70
102819  70
104760  70
108715  70
109191  70
111680  70
113416  70
116207  70
116985  70
129657  70
130083  70
133377  70
136654  70
138546  70
142424  70
151777  70
152658  70
157130  70
158022  70
161290  70
164375  70
53996  7
136778  70
5418  8
288  7
88356  5
2580  9
155358  70
2889  9
4034  8
148888  6
81156  9
2713  6
103335  9
95441  6
34048  6
80126  9
3057  70
1057  7
2794  6
33830  11
8665  8
6059  7
110553  6
90374  7
151501  70
3764  4
6143  6
103819  2
4361  7
104913  8
3986  6
5528  7
1196  8
105351  5
83349  5
3276  70
1090  9
5349  8
587  8
106330  4
4677  6
95508  70
109895  6
110611  70
671  7
2289  7
152077  6
80693  10
111360  5
170  7
87444  7
94323  5
8493  7
3671  8
91653  7
4981  70
2991  6
78034  70
119145  9
5099  6
4299  8
2567  9
6996  3
109864  4
6582  6
73017  7
370  7
543  5
115617  7
590  8
154065  70
5553  7
41569  6
3286  6
6645  10
589  9
1920  7
2857  7
111663  6
78499  8
2657  7
6537  7
1148  9
46974  6
48516  8
80241  8
445  6
4262  9
3689  4
114935  10
6428  4
127194  70
109673  8
127096  7
89388  70
4156  70
3793  8
33679  6
2014  6
64285  9
3968  6
49530  7
3450  7
160563  8
5502  5
8169  6
6314  4
122490  70
3386  6
140725  7
4896  7
2642  5
127136  7
2763  8
2520  70
457  7
48783  7
3263  7
5400  5
5541  7
4011  9
58351  70
127132  70
152091  6
3698  7
435  7
4799  4
84152  8
3401  6
2858  8
3174  8
7076  6
106542  70
6218  9
2860  7
1283  7
3618  5
2616  7
90439  8
2404  5
4660  70
2530  5
26386  70
4327  7
3030  10
71464  9
32  8
91529  7
4158  6
99114  10
98585  8
93326  5
2268  7
80489  8
130576  6
105504  8
2791  7
50601  4
7007  9
4234  7
3623  7
80727  12
78467  3
8641  7
4128  10
106782  11
2537  3
112138  8
3247  5
112818  5
2027  4
3101  7
5779  70
82202  8
1704  8
98296  70
6863  7
89305  8
4203  7
1201  10
6212  6
637  5
84954  5
6814  70
94864  6
67695  7
159077  70
92439  9
6812  3
3156  7
802  6
118354  70
134130  7
138036  7
65135  70
52975  7
4368  4
90717  8
45722  6
79259  70
68157  7
4233  4
74458  9
3258  3
1262  8
3949  9
101025  6
69526  5
1831  5
1083  6
1884  8
1476  9
156609  5
3755  6
111659  6
4734  8
161  8
95201  70
135887  9
2598  6
87232  6
4634  8
5334  5
5459  6
146730  70
72694  70
157432  70
132488  70
4558  6
1375  6
6424  70
71518  9
2716  7
94780  6
3593  4
129354  9
158  6
1409  3
6514  70
2881  4
51662  9
90522  7
68554  7
2126  5
122932  70
93510  8
137857  7
125916  1
2953  8
2090  6
1760  3
480  8
58803  7
2109  9
50792  4
46062  3
85510  7
80864  70
112171  6
122900  8
2587  7
1527  6
117529  6
4993  8
92264  4
5247  5
533  4
912  9
26464  70
2249  7
4678  6
103772  7
114601  6
96861  7
420  7
59615  7
2349  11
109372  5
95207  5
348  4
19  6
136020  6
4502  6
91094  8
138208  5
3511  7
79428  6
2643  4
109183  70
2139  7
4212  70
5942  7
96417  6
112852  9
99728  7
89470  8
142448  7
64983  6
2640  8
2046  6
4881  10
3882  6
3744  4
1032  7
116799  7
5  6
4040  5
157407  70
2115  8
1617  7
4367  6
105254  9
3388  5
3760  9
2146  7
2968  8
6281  6
466  6
96448  5
86332  7
64969  8
115170  70
1036  8
3397  8
2474  7
1408  9
155743  70
106920  8
8542  8
120466  7
2051  3
7143  7
7150  5
89087  8
34150  6
2253  4
2973  8
449|8
2973  6
2502  9
4034  9
1222  7
2770  6
762  4
2011  8
2324  8
450|11
2324  6
589  10
110  10
3363  9
3535  9
3948  8
3409  8
1035  9
3568  70
358  6
1259  9
451|7
1259  7
593  10
7  7
5  8
494  7
25  9
17  9
452|20
17  8
2858  11
2617  9
5292  12
1206  11
1676  10
3219  9
47  12
3101  10
163  11
1092  10
1917  8
2126  7
1356  10
552  9
2628  8
1200  11
608  12
2707  9
3273  9
453|20
3273  7
858  10
2335  7
4022  10
3618  10
1617  9
3452  7
1357  10
112  7
2671  9
1884  11
1894  6
2294  9
318  11
1614  8
3534  9
2959  10
798  10
5266  7
780  7
454|9
780  9
2692  9
7116  4
55820  9
6016  9
27773  7
2160  9
2858  9
26131  9
455|12
26131  9
432  5
367  7
590  8
253  8
364  8
555  8
252  7
110  8
225  7
588  9
597  8
456|9
597  8
634  5
135  5
5  5
724  6
780  8
733  10
260  11
706  70
457|10
706  8
3593  4
2692  7
1356  9
223  8
2394  10
2701  5
3608  7
733  7
2094  8
458|12
2094  9
185  8
10  9
380  9
95  8
454  8
300  7
595  10
153  7
587  10
150  10
552  7
459|6
552  11
5618  10
8961  9
48780  10
50872  10
260  12
460|17
260  70
4886  9
4703  8
3831  8
1441  8
4878  10
3483  8
8970  10
1  10
49272  10
40815  9
85414  8
68237  10
76093  10
47610  9
63082  10
2571  10
461|6
2571  7
2762  8
1036  8
91500  8
3578  7
539  8
462|20
539  70
89090  70
164655  70
188189  70
1136  7
1219  8
158966  9
1248  8
508  6
1653  7
1674  6
8917  5
8620  0
3424  7
2146  6
7044  7
3814  9
1213  8
82857  70
26131  9
463|7
26131  8
2028  10
4310  7
3753  8
2006  7
1092  8
5995  10
464|20
5995  8
58025  6
63853  6
296  9
2019  10
3527  8
5254  10
7007  10
1101  7
1779  7
377  9
1653  11
55820  9
648  9
33493  8
1610  8
65088  9
74727  9
1617  8
62374  9
465|20
62374  8
2987  9
1200  10
3448  9
5060  10
1299  10
3703  9
3649  6
1625  9
292  8
904  11
3101  8
1754  8
750  11
1256  10
593  10
3732  7
3740  10
3334  11
377  8
466|20
377  9
30793  8
79091  9
92259  10
5989  10
5459  7
318  11
63082  11
59784  8
5010  9
74458  10
6281  8
5952  9
8529  7
64716  10
68954  9
4993  10
45447  8
81845  9
55247  9
467|22
55247  70
58  70
389  70
466  70
527  70
593  70
780  70
1183  70
1233  70
1357  70
1365  70
1408  70
1721  70
2028  70
2125  70
2324  70
2334  70
2384  70
2390  70
2393  70
2394  70
2493  70
468|7
2493  8
349  7
1  9
317  7
296  10
32  8
165  8
469|20
165  70
3832  70
3507  10
3032  10
2736  10
2132  8
1958  8
910  12
1090  8
1485  6
1388  6
2321  7
1234  9
2081  8
1193  10
36  8
2908  9
909  8
2023  7
3255  9
470|16
3255  7
318  9
110  9
588  8
282  6
5  6
597  8
32  8
595  8
592  8
500  8
26  8
356  8
357  7
434  6
300  7
471|6
300  9
8874  8
527  8
1  8
8360  6
7147  8
472|6
7147  10
3450  7
3298  10
2840  11
1221  10
858  8
473|8
858  9
2959  9
60  7
7147  9
6281  7
3897  8
48322  9
2596  9
474|422
2596  70
2179  70
2697  70
4046  70
5114  70
5311  70
5353  70
5455  70
5601  70
6201  70
6273  70
6382  70
6407  70
6592  70
6912  70
7702  70
7826  70
7832  70
7839  70
8057  70
8446  70
8458  70
8459  70
8611  70
8650  70
8774  70
8938  70
1466  9
6708  8
2940  7
2616  6
2334  6
7139  8
4218  70
371  7
750  10
2935  9
8645  8
5481  7
6370  10
25865  70
2553  10
912  9
2467  10
5548  7
7301  8
52967  8
5945  7
480  8
1983  5
3462  8
1068  70
8600  6
6650  9
8482  70
6791  10
4016  8
1784  7
3668  7
3977  7
8961  8
4160  8
30820  7
6984  70
2750  8
5034  6
7716  70
2612  70
4419  10
1300  8
4187  8
1187  7
6565  8
272  9
5440  70
25937  7
1099  8
3125  70
5826  70
5649  70
7256  8
4912  7
6016  8
1208  9
2083  8
3385  6
2310  7
3360  7
3163  7
1413  6
4081  3
1643  7
968  8
2116  8
26965  6
5954  8
1263  9
5116  70
3536  9
8778  6
63433  7
2952  7
318  9
3394  6
1200  9
3384  8
4356  9
932  8
7698  7
516  8
4873  9
48385  7
39869  10
1902  70
2641  6
7036  7
2181  8
4638  7
31116  9
2455  6
2146  8
628  8
3897  9
1030  6
4022  7
344  6
3196  7
92  4
237  8
6770  7
3259  7
3368  5
26151  7
1293  8
34072  7
3044  7
1639  9
5944  7
6539  9
477  7
7361  9
55687  70
58  7
4014  8
3467  7
8154  9
4191  8
2134  7
4644  9
4293  7
5013  7
1399  7
1196  8
2918  9
5899  8
4465  8
100  6
361  7
3341  9
8921  70
195  6
3789  70
4709  7
1588  7
3468  8
4678  7
2723  7
2118  7
1939  9
7019  5
3147  8
1792  7
33903  10
1682  8
41566  8
1693  7
1957  8
5021  8
2313  9
3870  70
948  8
47099  8
3447  9
6614  5
216  7
5619  7
3987  4
5060  9
3111  9
45950  8
32584  6
5525  70
2567  7
5956  7
7  6
1172  7
3217  8
8331  70
587  7
5238  7
1189  8
2416  7
832  8
3095  9
7386  8
1223  10
7058  70
5246  4
5418  9
27803  8
26  6
4002  10
1135  7
45  8
6945  11
2411  6
2520  70
7347  8
5375  70
5673  9
3039  7
7833  70
33781  6
720  8
2103  6
33154  10
608  9
1327  5
101  7
7061  70
5451  6
5682  5
5434  9
6609  70
31658  9
4578  4
2009  8
4704  70
7572  70
4929  6
3306  8
6334  7
5379  8
5437  8
42418  8
4128  9
7451  9
2786  4
2243  8
27846  10
6197  8
3264  6
3608  7
5603  10
6124  7
1222  9
1663  8
3566  7
3755  7
2628  6
4815  5
2089  7
7102  6
27706  8
7013  8
1348  9
45666  5
5755  4
4055  8
2058  9
4462  2
1544  5
2405  6
4998  70
273  7
1977  5
1732  8
7822  70
7073  70
41527  7
4787  9
1676  9
3708  7
6669  6
317  7
25940  70
971  10
7366  7
3115  8
7026  6
2710  6
50685  8
2114  9
3809  8
3516  7
2770  6
535  7
4878  9
5992  7
41997  8
1083  6
4487  9
7293  7
1016  7
2006  7
1007  5
4993  10
3412  7
5007  70
3929  3
6639  11
8712  70
1876  6
3546  70
34359  70
7579  9
7325  8
6837  70
2634  6
7753  6
8943  1
8385  70
4308  8
3246  7
3745  8
1148  7
42002  7
50740  8
3952  9
1927  10
7581  6
910  8
3948  6
54881  8
1284  8
4007  8
5341  7
3675  8
52975  7
6244  8
965  7
454  7
1247  8
7215  9
1282  8
8207  8
6242  7
6502  8
4509  7
3528  8
2391  8
4262  9
4039  7
42018  1
3271  7
976  70
48394  9
5384  70
5168  70
1358  6
6534  6
8773  70
2384  6
48780  8
1269  8
4600  7
2642  6
111  9
933  9
3578  8
5297  3
944  7
6020  70
2123  6
748  7
4896  9
5380  9
53953  7
3712  6
25996  70
1997  8
4464  7
4085  7
51540  8
2707  7
2069  10
6710  9
1488  6
6378  7
928  8
3038  11
7116  6
44511  70
594  8
1962  7
421  7
4316  3
2761  10
4823  6
892  9
1345  7
5294  9
1408  9
6579  9
3272  10
3421  8
3844  7
6787  9
37736  8
2249  7
1610  8
2468  4
3498  8
4902  7
6268  7
5225  9
5404  9
929  70
25999  70
7835  70
805  7
4126  7
475|20
4126  11
4993  12
87232  11
40815  11
5816  10
8644  9
81564  10
4701  8
81834  11
6564  6
68791  10
111759  11
7153  13
1527  10
71530  8
4896  10
106487  9
112852  12
3578  10
82461  11
476|14
82461  10
34  8
380  8
158  8
153  7
586  8
440  9
364  9
378  8
357  9
224  9
165  8
296  10
11  9
477|20
11  8
913  10
3100  10
2105  8
1271  7
1207  9
70687  2
2174  8
45672  8
4571  9
3973  4
4226  9
1103  10
5291  9
348  8
3593  5
1  9
1274  9
6502  9
59615  7
478|5
59615  8
3114  7
594  6
1584  6
1101  5
479|20
1101  70
4488  7
524  5
1025  8
3707  4
1220  10
4010  7
3244  9
3526  9
4092  5
1968  9
4700  7
4003  7
3671  8
2671  7
341  70
2012  7
2542  8
454  7
2384  6
480|20
2384  70
2700  7
8533  9
2193  7
2797  8
3484  4
2571  9
1210  10
2596  6
8866  6
47610  7
6306  9
5379  8
2018  6
7153  9
3911  6
44191  9
38061  8
5673  9
380  7
481|7
380  6
1687  4
1629  8
1729  7
1620  4
1597  6
1485  7
482|20
1485  9
8985  7
1036  10
474  9
1042  8
4389  10
780  9
27706  8
3211  8
1610  10
4367  8
1374  9
1220  11
1602  6
653  8
592  9
30812  8
4862  6
8361  6
8529  7
483|20
8529  70
783  7
2541  8
2959  10
109971  70
45722  8
1199  10
50872  9
2000  8
4306  9
69757  8
2683  7
2273  7
1588  8
109487  9
66934  10
1721  7
2328  6
68522  70
8972  8
484|20
8972  70
1438  5
6155  7
6944  9
2706  8
33166  10
6874  10
3697  10
1059  11
76293  8
919  8
2762  10
1821  6
837  7
5810  9
1753  10
3254  10
4718  7
2413  8
3646  5
485|5
3646  9
161  9
253  9
292  9
231  9
486|12
231  8
47  11
110  11
153  8
474  10
95  8
288  8
329  8
161  9
318  11
292  9
6  9
487|12
6  6
8961  7
318  8
1198  7
31658  7
1197  8
6539  7
5445  7
116797  7
4027  6
8874  7
86377  8
488|20
86377  9
838  9
608  9
1223  10
26  9
5135  11
2109  8
7720  5
7303  8
4014  9
5995  9
457  9
105  7
1136  8
272  9
1269  9
3176  6
1278  10
1125  9
910  12
489|20
910  70
86000  70
4848  9
736  7
8387  1
4700  5
45666  5
4720  7
2683  7
2021  6
2389  4
1619  7
950  9
58559  9
2236  4
2167  6
1616  5
247  8
376  6
2717  6
490|20
2717  8
89492  7
81591  7
91077  7
60074  5
5816  7
4144  8
54001  7
1  8
1784  8
7153  8
4993  7
89759  9
86320  6
60128  6
76251  8
8368  6
69122  7
2006  6
78499  7
491|13
78499  11
69757  11
7293  9
27808  8
4246  9
3948  11
104374  9
86833  10
140110  9
8529  9
180231  70
4306  10
88405  7
492|20
88405  10
784  7
628  10
858  12
852  8
64  5
990  8
830  7
743  7
62  8
52  9
1499  7
66  7
1210  12
881  5
1474  6
1405  8
724  8
1047  8
65  6
493|13
65  6
4444  7
2916  6
1275  11
2571  10
1527  6
2028  8
3793  6
2167  7
1215  10
4701  4
2924  7
260  10
494|5
260  10
4498  9
3578  9
2028  10
1210  9
495|20
1210  70
115149  9
1259  10
1721  8
136562  10
80489  9
19  6
50872  9
231  8
102123  6
52319  12
7254  9
7360  11
8528  9
1645  11
46578  10
30810  8
2918  9
148626  10
56775  8
496|6
56775  8
99149  7
858  9
904  8
8865  6
114713  6
497|11
114713  9
112556  7
112290  6
1916  3
92259  7
2329  7
112552  8
1258  7
2762  7
5349  6
111362  8
498|7
111362  6
231  8
648  9
10  9
300  9
356  11
316  8
499|6
316  9
2337  7
38304  10
327  6
56286  7
1304  8
500|18
1304  6
2987  8
543  10
2700  8
2542  6
1265  9
2916  7
356  8
3301  8
1784  8
1914  8
595  8
2355  7
3536  9
1885  5
322  12
838  10
720  7
501|9
720  7
62  8
93  4
45  6
3  8
637  6
11  8
18  7
662  7
502|7
662  7
1077  11
4412  2
3469  5
2001  5
2520  70
1777  6
503|19
1777  70
7361  9
4878  7
356  9
91500  9
593  9
527  9
858  9
4226  7
1259  9
1342  6
2877  5
92509  7
90866  9
500  7
441  6
48516  7
2858  10
48394  7
504|18
48394  10
5812  9
2321  8
1  9
3556  7
7153  9
6708  9
1288  10
6927  70
4033  9
4700  7
6565  9
342  7
3408  9
6879  10
4361  10
5952  8
5955  8
505|7
5955  8
4105  9
1029  9
74685  10
273  8
6502  9
54999  8
506|9
54999  8
54272  8
37741  8
56782  11
62293  6
51834  6
49286  7
112556  10
61024  10
507|5
61024  8
266  6
253  9
377  7
593  10
508|5
593  5
2011  6
1952  5
1175  5
898  8
509|20
898  70
130073  70
2028  8
87232  8
33830  8
5313  5
48  6
2090  7
2080  7
6942  8
8907  5
6156  5
5816  7
39  7
3988  7
6807  9
7458  6
1196  9
45447  6
616  7
510|20
616  4
7026  5
35836  7
494  6
1198  7
514  7
457  6
2935  6
858  6
2699  5
317  5
8949  7
2918  7
145  5
1262  7
6787  7
1208  7
372  7
1242  7
40819  8
511|11
40819  11
53953  8
115149  11
164179  9
6534  6
99114  10
92259  10
318  10
2324  9
1653  10
56757  9
512|10
56757  9
150  8
349  8
47  9
350  10
442  7
457  9
50  10
317  8
593  10
513|7
593  11
318  10
2174  9
235  8
1304  9
1220  8
1080  10
514|20
1080  70
5704  70
62586  70
168358  70
180263  70
1704  9
2005  8
2792  7
2013  7
1673  8
134130  9
76093  9
1333  8
58998  9
68157  9
2406  8
3210  9
54503  8
4855  8
1644  5
515|6
1644  11
2028  11
527  11
91529  11
58559  11
2959  11
516|26
2959  70
457  70
480  70
647  70
708  70
1042  70
1090  70
1197  70
1198  70
1954  70
1958  70
2021  70
2259  70
2268  70
3052  70
3471  70
4027  70
4291  70
4306  70
4321  70
4322  70
4333  70
4337  70
4349  70
4361  70
4429  70
517|20
4429  6
53125  4
1265  6
165489  70
97938  8
88744  6
86880  4
4148  4
26761  70
3398  6
1293  5
3988  5
2858  6
4963  6
1204  6
1704  5
47629  5
7669  6
1206  9
46578  7
518|5
46578  8
2657  9
783  8
1876  6
6365  7
519|6
6365  10
356  10
140110  10
6378  8
7445  8
1968  9
520|20
1968  70
318  10
1049  8
59315  9
4995  9
32  9
2716  9
4333  9
1291  9
1732  8
4085  8
2723  8
3081  8
3994  9
33493  8
135  6
2393  9
60516  5
2406  10
1584  10
521|8
1584  7
112  8
86  8
104  8
58  8
79  7
52  8
852  8
522|20
852  8
81932  8
89492  10
63113  7
2959  9
1193  10
1375  8
4993  8
223  9
27611  11
76060  7
180  8
59315  9
1617  10
10  8
67255  8
2023  6
6187  8
318  10
127098  8
523|15
127098  11
8970  11
5989  12
318  11
91529  12
1721  9
293  10
65261  11
4270  8
3147  11
27731  10
134130  11
31696  10
527  11
101962  11
524|20
101962  8
150  9
552  7
748  7
344  7
442  7
253  7
1225  9
20  6
589  10
1242  8
544  5
173  5
1302  9
380  7
457  8
1020  6
788  7
193  5
466  8
525|20
466  70
317  7
6863  7
8622  8
33004  7
7147  9
2396  8
40815  9
137337  8
1639  7
1968  8
91869  70
45880  7
2100  7
339  7
4886  8
50872  9
86332  8
8983  8
3996  9
526|12
3996  10
55247  9
46578  10
176415  70
1295  8
90430  9
4014  7
2352  8
176413  70
215  9
81845  9
51255  9
527|20
51255  8
3114  10
3210  9
3016  9
2161  9
4571  9
2118  9
3421  9
455  7
2867  9
2450  5
1909  9
1214  9
4299  9
736  8
2477  8
588  9
4016  10
1259  10
2533  8
528|15
2533  8
2278  7
80906  8
4037  7
1240  8
64614  9
3821  7
150  10
1291  9
80463  7
593  8
99813  11
85342  8
48516  9
58559  8
529|5
58559  8
135  5
65  5
62  6
733  7
530|6
733  9
500  8
300  9
586  9
593  9
11  10
531|5
11  10
590  9
919  10
480  11
1215  10
532|10
1215  9
4863  12
457  10
290  9
1245  11
1242  11
2023  7
2329  9
1304  10
517  6
533|8
517  10
6502  10
79132  11
46578  11
93840  14
4973  12
2455  10
66934  9
534|20
66934  70
97913  9
94953  6
2003  10
2167  9
7569  8
153  7
1485  8
65514  9
104218  6
344  7
2571  10
5445  9
95875  8
112818  8
82461  8
96610  9
2987  9
138036  10
1566  8
535|6
1566  7
2581  5
2700  9
2688  6
2583  7
2882  3
536|8
2882  14
272  10
356  7
335  70
225  5
150  8
434  7
589  10
537|10
589  10
367  7
7153  11
53322  8
104218  2
97304  9
6539  9
318  9
89745  11
105504  10
538|8
105504  8
3671  9
80549  11
4039  8
69757  11
5047  9
44889  70
66934  11
539|8
66934  10
6753  6
5218  8
50872  10
88  10
3301  8
4886  9
69122  9
540|9
69122  8
2959  10
1073  10
8874  10
1681  6
2183  8
2841  9
2747  7
1196  10
541|18
1196  9
457  8
413  7
15  6
110  10
595  8
597  8
480  9
356  10
203  7
529  9
357  9
22  5
345  10
546  6
586  9
281  9
350  7
542|20
350  8
30793  7
5299  8
2542  5
34319  8
33679  7
4963  8
5481  8
1997  6
4025  7
3623  6
924  9
4369  9
6378  8
2571  9
7254  6
41566  5
37733  9
7361  8
45517  9
543|16
45517  13
1702  7
595  9
3301  10
231  9
2378  7
2379  6
86882  9
6377  11
588  13
377  9
48385  7
2571  9
4526  8
4388  7
92259  13
544|22
92259  70
3  70
14  70
32  70
40  70
62  70
68  70
95  70
116  70
619  70
626  70
648  70
650  70
694  70
736  70
780  70
839  70
1042  70
1047  70
1059  70
1105  70
1356  70
545|5
1356  8
1267  9
2763  9
1367  7
44  7
546|13
44  7
3328  8
480  9
1970  6
2456  6
1976  3
589  7
2657  6
1673  9
3941  70
3959  6
3566  2
1977  4
547|5
1977  11
2859  9
2917  11
1394  8
1288  8
548|26
1288  70
260  70
356  70
733  70
1196  70
1393  70
1477  70
1621  70
2571  70
2716  70
3263  70
3578  70
3916  70
4776  70
4899  70
5955  70
6874  70
7458  70
8531  70
49910  70
58559  70
74532  70
80862  70
122904  70
125916  70
168712  70
549|5
168712  9
2028  8
4226  9
1210  10
589  6
550|6
589  70
102125  9
106782  11
116797  9
112852  10
122882  10
551|20
122882  9
34162  8
60069  8
1544  6
45186  8
103772  6
51935  8
4226  11
2353  9
7153  10
5989  10
135569  6
115149  12
88129  7
134130  8
6934  7
47  9
4701  7
2959  10
98809  9
552|20
98809  7
3317  9
1405  5
2953  6
2245  7
2944  7
2890  7
2125  6
508  6
3948  7
5349  8
2959  8
2857  6
173  6
2991  6
2871  6
2628  5
4308  6
4878  7
3101  8
553|17
3101  10
3481  9
1923  9
2571  10
4011  11
50  10
3949  11
1089  11
44199  10
5513  70
2231  10
2395  9
3052  10
61257  70
1221  11
33166  9
2959  11
554|18
2959  9
1022  9
2820  70
1207  12
1517  10
1282  9
1210  12
1760  5
2282  9
1225  10
907  7
1358  8
2096  11
1028  9
593  10
608  10
953  11
2324  10
555|20
2324  70
3664  70
1  9
3111  10
3395  8
104  8
1334  8
2506  7
2072  7
4002  8
1266  11
2641  7
2256  6
2791  10
2701  4
1333  9
1320  7
337  9
1393  10
3526  8
556|7
3526  8
122890  10
3081  8
88125  11
588  10
72998  10
74789  8
557|6
74789  8
231  8
1291  9
260  11
1210  10
150  9
558|12
150  10
5064  11
4903  9
2297  10
2568  6
4993  10
4306  10
367  9
5283  9
1097  9
4164  10
5294  10
559|20
5294  6
608  9
355  5
329  7
544  7
1527  8
173  5
377  7
745  10
174  7
529  8
350  7
349  8
533  7
836  5
1210  9
420  5
786  6
227  5
253  9
560|20
253  70
91535  6
136018  5
67997  10
79132  9
3253  7
142558  70
2355  8
39435  6
1527  8
40414  8
64614  8
48744  8
56587  7
593  9
76251  9
84944  8
109313  70
5878  8
40819  8
561|20
40819  70
5308  7
78469  7
3703  7
60069  9
91535  6
2105  7
73017  8
5445  8
2000  7
83134  7
79132  9
79592  8
80463  8
89745  8
527  9
8972  7
353  8
33162  7
68157  8
562|20
68157  70
6870  9
6377  9
2580  9
1249  10
4776  10
36529  9
1259  9
1982  9
2268  10
2133  10
83134  8
3210  9
48394  9
30707  10
33836  6
2692  9
88163  9
99191  70
1240  8
563|20
1240  70
70932  70
80858  70
919  8
74450  6
588  8
5943  7
118997  7
86833  9
1197  9
128832  70
85397  7
45221  6
33499  6
7380  8
96821  9
81784  5
95307  5
65585  8
55250  5
564|20
55250  70
356  9
31685  7
131013  9
61024  9
79224  7
87869  8
500  8
108156  7
81784  5
93270  2
6188  9
106918  8
65230  11
67087  8
80693  7
94677  6
8984  7
73266  6
2671  7
565|6
2671  8
231  6
19  5
21  8
50  9
539  7
566|15
539  7
10  7
231  6
329  7
342  6
141  9
203  7
345  9
39  7
497  10
265  9
588  9
708  7
353  9
2  8
567|20
2  70
26743  70
92681  70
109897  70
152071  70
5690  5
136602  4
122888  70
6333  6
1274  6
122922  6
153070  70
151687  70
117877  70
108928  3
954  6
122924  3
27773  7
648  4
135887  7
568|23
135887  70
147  70
296  70
356  70
480  70
593  70
765  70
1103  70
1104  70
1257  70
1298  70
1895  70
2313  70
2359  70
2863  70
3053  70
3148  70
3261  70
3363  70
8169  70
46723  70
63853  70
65088  70
569|5
65088  9
50  11
380  10
588  10
592  9
570|20
592  6
8636  8
48516  9
1225  9
586  6
2683  7
457  8
1196  9
110  8
4993  9
7361  8
1198  9
1079  8
10  7
3793  8
1391  6
589  8
380  7
527  8
185  6
571|20
185  70
2982  70
2366  4
1128  7
610  8
2902  7
1998  2
3696  6
1980  70
1987  70
70  6
1924  9
2279  6
1327  6
3732  5
1972  4
1278  10
1644  6
2327  8
1978  4
572|20
1978  9
2570  9
2788  10
2321  9
111  10
904  11
2987  9
2302  8
1834  9
2539  8
2917  9
1307  10
1  10
161  10
3421  9
838  8
1356  9
2006  8
3167  8
1953  11
573|20
1953  10
72998  10
3752  8
356  11
7293  8
6754  10
8665  11
32587  9
1073  9
88744  9
1127  8
68954  10
98809  9
2640  9
48516  10
71535  10
59369  9
60069  10
88140  9
1562  5
574|23
1562  70
110  70
150  70
153  70
161  70
185  70
225  70
231  70
292  70
296  70
300  70
316  70
318  70
329  70
339  70
344  70
380  70
410  70
434  70
588  70
592  70
593  70
595  70
575|8
595  7
2580  8
296  12
2581  6
2572  7
2542  8
2574  5
2598  8
576|5
2598  3
1321  7
1373  9
1479  7
2289  5
577|20
2289  70
1183  7
1288  9
1129  7
2944  8
2194  8
733  7
1213  8
2076  8
2020  9
1262  8
1931  8
1391  7
2987  8
952  6
1909  9
260  9
919  9
2248  9
1270  8
578|6
1270  70
52668  8
45668  12
830  9
72407  8
75446  70
579|15
75446  8
2485  6
1022  9
2018  8
838  9
1917  6
1391  6
596  7
1573  9
2965  70
1653  11
2599  8
892  10
2687  8
595  9
580|20
595  70
6583  70
480  8
8844  70
6989  8
3809  8
41569  8
3699  7
4041  7
33166  8
356  9
508  9
8376  9
3578  10
608  9
3785  7
3089  9
1320  6
54286  9
1201  7
581|8
1201  10
5995  9
4973  10
116797  10
3949  10
4306  9
109487  10
6377  10
582|12
6377  10
2959  9
116797  9
4993  9
5618  9
2571  9
76251  8
69844  8
104841  8
48516  10
97752  9
76093  10
583|12
76093  9
88405  7
2706  8
117590  10
317  5
60756  7
6942  7
595  7
46578  9
104  8
2694  8
7451  8
584|17
7451  8
22  7
203  9
315  9
500  10
316  8
539  12
234  7
296  7
257  8
434  9
586  10
338  8
349  11
282  10
480  11
590  10
585|13
590  6
1228  10
54503  8
2959  11
428  9
1405  8
7254  9
441  10
1805  8
296  10
27373  70
5325  8
79132  10
586|20
79132  8
4016  11
111659  5
106002  9
149406  8
167036  10
45499  9
136556  70
5445  11
117851  9
1291  10
71264  10
106489  8
135436  9
3753  8
2640  9
3147  11
122916  11
3793  9
101362  6
587|20
101362  10
628  9
2012  9
534  9
2002  8
1641  8
236  7
1376  8
2622  7
1541  5
3260  10
497  10
3082  8
445  7
3448  9
2574  5
765  7
691  7
329  8
3406  7
588|12
3406  9
16  10
20  7
356  8
350  7
198  8
593  9
364  8
163  9
253  8
223  8
3  8
589|8
3  9
318  10
590  9
373  10
586  7
587  8
527  12
337  10
590|20
337  9
8807  8
2371  7
38061  9
81834  8
40815  8
4890  6
903  8
5  6
3624  7
555  7
4047  8
51662  8
2085  7
419  5
595  8
329  7
2376  8
3635  8
2398  9
591|11
2398  9
2706  8
2712  7
2355  7
3615  9
3578  9
2394  7
3798  7
356  8
223  9
2724  8
592|19
2724  10
2  10
153  7
415  6
110  10
177  7
420  8
380  9
44  5
788  5
588  9
163  7
204  7
610  8
39  8
419  6
253  8
432  7
240  7
593|20
240  8
1073  7
1086  7
1617  8
4034  9
41566  7
1197  7
344  5
8368  8
339  7
2959  9
8961  7
5816  8
2797  7
4896  7
588  8
595  7
5952  7
377  8
141  5
594|20
141  70
2671  12
7115  8
1616  10
5943  9
1188  8
2269  7
1733  12
4902  10
6996  4
780  9
1429  11
6140  10
7046  8
39  9
595  9
799  11
2028  11
8482  70
7169  10
595|5
7169  11
50  11
1186  10
1199  10
1966  9
596|20
1966  70
43744  70
182793  70
129397  5
128908  70
1  8
142488  9
122922  8
4310  7
71838  7
4025  6
2501  8
110102  8
149406  6
2774  70
5502  7
8665  8
6537  7
2571  9
345  8
597|20
345  7
490  6
3040  5
2529  9
2858  9
903  10
3039  9
2000  9
1291  10
357  9
1228  11
1845  11
2411  7
1580  9
1148  9
1198  11
2723  7
485  8
592  8
2692  9
598|5
2692  7
8360  9
593  8
114265  70
103543  4
599|496
103543  70
26567  70
26590  70
26676  70
26854  70
27595  70
34800  70
53450  70
60803  70
69131  70
74696  70
79895  70
84523  70
87960  70
92674  70
98799  70
102735  70
102852  70
104017  70
105020  70
122433  70
157865  70
158874  70
160978  70
161044  70
174727  70
179053  70
1801  6
6035  7
3387  6
33437  7
112  5
5995  8
167706  70
4394  70
836  5
7235  7
8809  8
102749  70
89087  6
42011  4
432  5
471  5
5628  6
1015  6
2  6
2269  7
69  7
3947  7
79091  6
104837  70
4037  7
7587  7
6881  7
1449  6
7225  6
81229  6
68952  7
4728  6
5081  4
33966  70
1779  6
3669  70
87197  70
170297  70
79057  7
95965  70
55207  70
4007  6
1220  5
80831  6
46723  6
71282  7
7757  7
3259  6
92309  6
1376  5
7192  4
4654  5
101423  70
53468  6
62662  70
3174  5
3698  6
2882  3
2359  5
1183  7
2792  6
1095  6
8387  1
53125  6
115713  6
2949  6
2471  6
3  6
1231  6
3861  4
240  5
1480  6
2301  6
1445  4
8045  70
586  5
2942  5
1185  8
4594  70
2474  6
3671  7
3196  7
64839  7
98697  70
2606  5
1777  6
5309  6
7022  8
4873  6
541  7
27311  8
43921  6
67734  7
4240  70
5026  6
168  6
33493  7
4125  1
7354  6
207  6
1094  6
742  6
1609  5
1042  6
3362  7
4553  7
4632  5
2278  6
468  6
122904  6
75416  70
42718  6
4285  4
79274  8
1794  70
45081  7
108192  70
3489  5
3503  8
89804  6
163809  70
577  4
3071  6
1204  9
3981  3
95771  70
45382  6
6548  4
59387  6
166528  7
168492  7
6691  70
605  6
424  3
2991  6
248  5
97950  70
3865  6
1216  6
342  6
35836  7
27772  4
176419  6
151781  70
277  5
6320  2
39381  7
5111  70
4090  6
2450  3
2676  6
2356  5
79702  6
1597  6
410  5
1721  6
3702  6
183301  70
1387  8
2072  6
26729  8
2393  5
4247  5
4591  5
1032  7
3087  5
1895  8
634  4
210  5
2074  8
51575  4
3505  6
5247  4
481  7
4215  4
1355  3
2657  6
2028  8
4011  7
420  4
552  5
1196  7
2395  7
5303  7
1752  3
3186  7
4310  6
1784  7
3200  9
7254  7
688  4
473  4
1079  8
1552  6
1148  7
1544  6
63113  6
2325  5
26649  8
6804  70
161  6
4109  7
34332  9
1653  8
4808  4
7707  70
3468  7
502  5
1221  8
1792  5
68319  5
6787  7
2119  2
3884  3
4254  3
3973  4
103609  70
8934  70
5377  7
42632  7
55290  6
4506  6
7840  7
5568  4
1689  3
7005  70
103228  8
59947  70
786  6
4351  6
172253  70
4679  4
1411  7
117630  70
1590  6
112623  6
3146  6
8984  6
1920  6
519  5
179817  7
3979  5
3741  8
44020  4
26630  70
7285  6
3030  7
1021  5
8638  6
87  6
7153  7
2877  4
2018  8
3173  5
5198  70
7101  5
7701  3
3213  6
26159  7
2339  70
33896  8
2000  7
4006  5
136562  5
37382  6
6645  6
171763  7
8528  6
27008  70
4017  7
4167  5
86142  8
1249  8
3255  6
736  5
2779  6
84414  8
27773  7
2083  6
98499  5
4034  7
119828  70
1993  4
94864  7
6631  2
2321  6
26242  6
3703  6
41566  5
2529  7
1968  7
8914  6
3257  5
159403  70
1036  6
76093  6
5103  6
6947  8
1952  7
2124  6
4084  6
6016  8
778  7
81  7
2171  6
1253  6
4275  4
7982  9
3723  6
849  5
2681  5
6565  7
39414  7
122916  7
6440  7
8917  6
72011  6
1605  5
1240  7
923  7
68157  8
5961  70
5053  70
3571  6
2403  6
3871  7
44238  70
72226  7
7004  5
2054  5
62970  5
5159  8
354  7
122924  5
48774  6
1394  7
3763  6
70286  6
1904  7
3969  6
81562  7
102590  70
233  7
4155  5
1031  7
76  6
459  6
1097  7
1178  8
60291  7
3328  8
1232  8
3036  7
5283  6
4327  6
610  5
2726  7
4732  4
5970  7
2396  6
594  5
1247  7
45499  6
3476  7
2399  5
137218  70
1997  7
3271  7
27801  8
6365  6
1799  6
580  4
122900  6
2803  6
80219  5
466  5
110882  8
3997  4
26176  70
2378  6
117895  3
26662  7
90603  7
119218  70
44  5
809  6
1960  7
4519  7
1959  6
414  5
1073  7
61236  6
1479  6
4019  6
1245  7
37857  7
161032  70
371  7
3020  5
88593  70
6774  7
2005  7
90405  7
26285  70
6793  4
627  6
1617  8
6734  3
108090  70
2427  6
51024  7
122922  6
3440  4
6874  7
4919  6
338  5
81591  7
1704  7
1499  4
357  8
62155  6
144  5
34148  5
53519  6
4504  70
2796  6
216  6
6827  2
1429  5
7445  7
1385  6
90471  6
8425  70
10  6
26542  5
7387  6
72998  7
89470  6
3629  8
1297  6
3424  7
1672  6
44761  6
196  5
70703  70
2383  4
180  6
4040  5
6333  6
4440  8
5291  7
88235  7
1639  7
4580  1
153236  70
86190  7
4477  4
103027  70
32291  6
34811  70
5171  6
122260  70
8784  6
5954  7
8798  7
707  6
880  4
314  7
61323  6
600|20
61323  6
1394  8
3785  6
2717  5
5569  6
4306  8
1206  8
56775  6
2015  7
7  6
2013  6
262  8
1210  7
1060  8
2431  8
2077  6
2423  7
4641  7
527  7
5076  5
601|20
5076  70
68157  10
1262  11
106782  9
60069  10
49272  10
5445  9
1193  10
1207  10
79132  10
904  11
166024  10
1917  7
7153  11
2324  11
170697  8
31658  10
5989  9
88810  10
2571  10
602|20
2571  6
19  6
350  8
494  8
14  8
471  7
125  8
434  7
235  9
481  7
315  8
371  6
474  8
527  9
21  8
349  7
440  8
339  8
480  8
163  8
603|20
163  70
803  70
2008  70
2577  70
3459  70
4787  5
2912  9
1769  5
485  8
4420  70
920  9
1  9
2706  7
1844  9
3787  8
1222  8
190  7
2716  7
3983  9
101  5
604|20
101  70
292  9
151  8
329  9
410  8
426  7
435  6
316  9
22  9
235  7
181  8
332  4
273  8
637  8
285  70
173  6
588  11
23  8
553  6
1  9
605|20
1  70
6787  9
1197  9
5667  70
42738  6
51662  7
7373  8
596  6
780  7
4571  8
2316  7
7454  6
150  8
60040  7
8977  4
3269  5
72982  70
1210  9
62376  5
60937  5
606|20
60937  70
563  70
583  70
3808  70
4671  70
4840  70
5856  70
6111  70
6573  70
8685  70
32728  70
55805  70
3147  10
4392  7
2311  8
6308  6
50842  9
6591  10
8270  9
2025  9
607|20
2025  8
1610  8
448  8
3147  9
1094  10
1307  8
592  9
204  5
1552  8
527  9
3476  10
296  10
2313  10
3440  5
423  7
1518  7
2118  9
2193  8
380  7
2028  10
608|20
2028  4
2997  8
3793  7
2763  8
174  6
2000  9
1214  10
919  10
2700  9
4161  7
5146  7
1639  7
541  9
473  6
2529  10
522  7
4343  6
1909  7
2431  4
1220  8
609|8
1220  9
833  4
356  9
339  7
454  7
318  10
208  6
292  7
610|20
292  70
58975  70
70206  70
78626  70
82765  70
97988  70
107447  70
107462  70
110591  70
110746  70
118082  70
139655  70
160341  70
86644  6
56801  5
61024  11
77561  7
4816  9
62434  9
3972  10
