1|20
260  97
1927  89
804  81
3  81
1009  80
2406  85
1587  83
3671  92
2617  79
3053  88
2571  96
1222  96
2137  85
1377  78
2395  86
2761  92
2641  78
2872  86
1258  96
2700  91
2|6
2700  75
122882  76
71535  77
46970  68
58559  84
80489  76
3|8
80489  50
647  51
6835  50
5919  50
2851  48
2288  58
5048  45
4518  50
4|20
4518  66
1291  77
3408  68
265  70
52  68
4347  67
2467  71
908  78
345  70
1304  75
1923  70
2959  82
368  68
1219  77
4765  68
1199  79
4166  64
1732  76
21  67
2858  77
5|9
2858  73
1  78
364  80
608  82
290  75
261  75
34  73
318  88
21  71
6|20
21  74
318  90
775  72
141  72
348  75
104  71
327  65
410  66
165  74
87  70
366  68
17  76
1084  81
222  73
16  80
416  64
277  67
460  70
867  68
316  69
7|20
316  68
3623  51
8636  69
8360  66
1517  65
466  53
8373  53
1220  69
7155  58
8808  59
6863  63
31878  65
1610  70
1219  74
4700  60
45668  62
8970  67
27741  67
6333  68
8865  56
8|10
8865  83
47  80
231  63
318  88
454  72
292  69
32  80
141  70
380  70
252  68
9|10
252  64
923  76
5890  67
2901  62
922  77
6044  65
1987  65
5378  60
3735  70
5447  65
10|20
5447  65
33679  62
8533  67
8969  61
72720  65
88810  71
136020  60
6377  74
5943  54
109374  72
113394  64
61250  56
82167  59
140110  64
5377  70
77841  64
6942  69
1028  74
72330  64
66203  59
11|13
66203  76
1584  77
1210  86
170  73
1438  65
648  74
1918  67
493  76
10  75
457  83
1693  73
150  80
1923  77
12|7
1923  75
2100  76
838  87
2072  78
1876  74
2581  75
6942  87
13|7
6942  68
3624  68
3798  69
2174  75
47  82
3893  73
305  67
14|10
305  62
477  69
110  80
540  60
597  70
153  59
592  69
4  61
539  70
105  67
15|20
105  74
7438  74
111759  73
2329  78
1  74
1909  65
1240  72
115713  72
1200  75
293  75
2571  78
3949  74
120466  65
1198  80
2028  77
2011  67
158  54
160980  66
4306  73
4022  69
16|20
4022  74
78499  75
913  76
1136  78
1299  72
1617  76
1203  76
3429  72
2858  76
608  78
3683  74
4002  69
1199  77
912  79
2707  63
5782  70
1260  68
319  68
27773  73
2109  65
17|20
2109  88
64839  81
296  88
5952  85
527  88
1193  87
3681  84
1240  81
2717  67
2858  85
1093  73
81932  80
5618  87
50  88
5971  82
2959  90
1201  87
541  87
82459  80
1  83
18|20
1  71
65596  71
88094  71
145283  71
157110  71
166015  71
171023  71
103253  67
60684  78
44199  76
2  71
86628  71
59784  71
2918  79
109374  79
4226  84
53129  77
139385  78
47  81
1291  82
19|20
1291  54
3662  53
54  50
2733  52
1702  48
1240  61
1270  65
3712  53
1881  53
216  56
3  51
1834  59
2184  54
3017  53
2044  51
2354  49
2005  58
3146  44
3387  51
2694  51
20|20
2694  73
5419  69
4014  73
2140  75
586  65
661  70
3189  74
5014  77
1333  76
4161  70
3784  66
1030  65
5313  59
2804  80
2054  61
34  75
1097  78
6358  72
4519  71
1722  66
21|20
1722  64
117922  64
140301  64
57640  69
2985  64
2990  64
2717  57
5418  71
31433  61
112175  69
7153  77
30793  59
4446  64
52973  68
45186  66
2023  65
79185  63
1721  64
102125  66
5459  56
22|20
5459  57
2723  48
60950  50
64575  50
1193  62
70286  56
4993  62
2160  61
39183  52
7147  56
3996  57
3481  54
55765  57
48780  59
7361  64
51540  55
6711  61
2968  56
3949  59
48394  56
23|20
48394  65
3996  73
293  76
1206  78
1136  79
1960  69
7587  67
3424  74
3181  71
2467  70
1248  78
1617  77
6807  74
1952  75
6440  71
1258  78
1243  74
1080  74
8228  67
1711  61
24|20
1711  72
2617  62
111759  75
134853  75
58998  73
1265  76
1198  82
3147  79
1197  82
1220  74
2424  63
5418  74
72011  71
54286  72
27773  76
64957  68
356  80
44191  76
1682  74
68358  75
25|6
68358  94
60069  91
74458  88
79132  92
527  94
260  94
26|21
260  71
34  73
47  80
150  77
153  60
165  72
185  62
208  60
225  71
288  68
296  84
300  71
344  63
349  72
356  83
380  70
434  63
454  72
457  80
592  70
593  83
27|20
593  82
2478  65
2640  73
3508  80
3555  70
1201  82
3519  67
969  77
2080  69
673  59
2886  64
2529  77
1387  80
1101  68
1947  71
1250  80
1276  82
3114  77
1083  68
3809  68
28|20
3809  57
60943  57
61011  57
63033  57
5617  64
59369  59
60046  57
507  56
3300  60
55094  57
59018  57
26695  57
2951  66
3006  62
2231  64
5418  64
26812  57
2058  56
353  63
61167  57
29|17
61167  80
7379  74
1250  86
1201  87
111362  80
48516  88
1100  64
26554  75
3441  74
4327  76
2872  77
2301  78
1617  86
3681  85
55820  82
4223  77
99114  82
30|7
99114  92
108932  88
1200  91
91529  90
116823  85
112852  91
1198  96
31|10
1198  88
1200  83
648  74
1363  72
1073  81
1036  82
1197  88
377  75
1246  83
1270  84
32|20
1270  70
314  76
1356  79
357  74
224  74
627  73
1079  82
1084  81
318  91
761  63
1197  87
849  65
912  86
880  63
1198  87
58  80
203  71
608  85
497  80
410  67
33|20
410  81
17  75
2396  77
2272  70
448  72
428  75
265  75
1280  78
1177  76
1617  83
50  86
261  77
11  76
452  68
345  75
608  84
150  78
1188  73
800  78
2690  74
34|18
2690  66
2273  63
3717  62
26606  67
45499  66
3996  74
4310  61
3624  62
31685  63
1721  66
5146  65
7090  76
70  68
2006  61
3000  77
4306  75
27728  62
3997  52
35|5
3997  80
185  68
595  81
21  77
300  77
36|12
300  46
3066  60
552  49
4025  47
1262  65
2735  46
2359  56
1372  53
1278  65
2194  63
3347  61
1704  65
37|5
1704  69
356  89
661  74
329  74
457  86
38|16
457  57
39  62
223  72
161  68
246  75
168  57
273  57
480  69
356  77
457  74
364  74
50  79
500  63
300  65
551  67
21  66
39|20
21  86
2391  77
1921  82
1862  61
1219  84
1907  78
2081  77
2459  71
924  82
2529  81
1729  77
47  83
260  87
2080  73
592  73
296  87
3213  80
610  75
589  82
596  74
40|20
596  77
454  78
588  81
339  76
158  65
432  62
431  81
186  65
616  79
514  77
21  77
592  76
1  85
223  83
585  66
216  78
104  75
371  75
111  87
267  69
41|20
267  66
64839  67
122882  67
6287  55
1569  60
106920  68
86781  66
3160  66
1721  60
2028  73
6763  52
5418  67
53519  58
122904  67
55247  68
924  70
4011  73
2324  72
35836  62
5995  70
42|20
5995  75
4654  69
1021  60
2423  74
3248  58
4477  63
2500  64
1431  63
195  71
3326  73
2407  70
1090  81
2735  65
3693  66
1020  70
4545  70
4132  67
2263  69
3535  79
2805  65
43|20
2805  90
296  100
596  91
588  95
587  90
420  78
158  79
631  85
5  82
597  90
168  82
355  74
47  99
367  85
519  75
594  93
236  88
1  98
60  86
259  87
44|10
259  75
663  70
12  56
661  67
94  74
1  78
104  68
112  66
494  70
889  69
45|20
889  76
1036  84
2028  89
1653  86
1682  83
2396  82
3249  75
261  82
4308  79
329  74
1367  70
2890  80
593  90
1127  80
2431  75
6377  86
569  73
1197  91
1060  81
2858  87
46|9
2858  82
588  82
315  70
208  66
1  85
432  63
225  77
434  69
339  76
47|20
339  64
68932  60
72395  61
2420  63
597  61
148626  67
5989  68
96588  65
69122  64
6155  58
4975  60
30749  66
106100  65
45950  62
2028  72
4018  55
1259  69
6373  58
33166  67
2407  57
48|7
2407  84
1320  73
1527  82
1193  89
3793  81
48  72
1653  86
49|5
1653  86
1214  83
139385  80
318  92
527  87
50|20
527  53
114335  53
136564  53
142074  53
171759  53
175693  53
179073  53
175707  53
71264  56
82848  53
1377  47
44555  63
8157  54
6807  62
95543  52
8253  52
96610  56
924  62
32875  53
4896  59
51|20
4896  75
5620  69
2613  70
4437  79
2023  76
1500  79
522  77
858  91
4508  77
2951  84
1014  77
1407  72
2282  72
2420  79
3388  67
260  89
3186  77
3994  77
3501  74
2371  73
52|20
2371  87
51255  92
74458  90
1923  86
7438  91
40583  83
59784  82
55765  89
112852  92
86892  84
55363  87
112138  85
49272  92
52245  78
69481  90
50794  78
1704  93
54736  84
44665  88
47200  80
53|5
47200  82
1100  74
249  89
1125  87
916  94
54|7
916  75
593  74
639  58
1  70
205  59
161  65
500  60
55|5
500  57
673  49
3275  72
2890  63
4011  71
56|10
4011  70
253  78
165  78
110  86
589  85
370  70
434  69
410  70
69  80
185  68
57|20
185  69
942  71
920  70
3175  68
1784  70
3429  73
933  77
1193  79
3446  63
160  57
1499  46
2640  70
892  69
11  70
2947  73
6  75
2478  62
2291  72
1688  65
2301  70
58|20
2301  82
282  73
185  69
419  67
367  72
277  71
48  72
280  80
337  81
345  80
3  74
357  78
527  90
587  77
218  75
500  75
508  81
368  78
364  87
353  82
59|20
353  76
6460  87
3489  81
1188  81
1222  91
2076  86
3448  84
1263  87
1247  89
527  93
1244  88
904  94
903  89
965  83
2616  74
1953  86
608  92
105  77
912  93
3471  85
60|5
3471  69
58559  83
805  72
455  54
858  85
61|8
858  72
1101  72
7438  83
173  61
555  79
2012  74
4878  84
3949  82
62|20
3949  87
176371  84
3793  83
56757  81
73017  85
30793  73
179819  75
68554  77
185135  80
168248  84
5903  85
4878  89
2028  91
5502  76
6058  74
344  71
1721  78
45499  77
41566  79
78105  73
63|20
78105  73
4246  71
48780  77
500  66
6016  79
31658  76
2858  78
64285  70
85414  68
1221  81
106696  70
4963  74
50  81
1097  73
260  81
110  77
1222  79
4979  72
5952  78
77561  68
64|20
77561  79
3101  68
2640  76
2959  89
8784  78
2054  62
4239  78
4025  65
5026  80
40819  80
266  71
2699  64
27266  76
3969  75
1805  67
6296  77
4776  78
3148  78
4262  80
356  86
65|7
356  81
33660  78
7458  72
2329  85
4993  84
91542  75
3147  83
66|20
3147  90
47  87
5418  83
922  88
2139  80
2956  74
3745  77
1956  82
4581  77
5349  80
1210  90
1094  76
2001  74
380  77
6539  84
671  77
1  86
6378  81
7766  80
296  91
67|8
296  80
4306  79
27193  72
79132  83
60069  82
2012  71
4886  79
4993  84
68|20
4993  64
95218  64
6534  53
48696  65
67267  65
30825  60
1799  65
3556  69
8622  66
4351  63
63113  64
58295  65
7151  65
2413  66
6287  58
653  58
41566  65
5541  61
260  77
48043  65
69|10
48043  79
4848  89
3671  88
2476  83
1193  93
356  93
553  85
4022  84
260  93
3994  81
70|13
3994  89
1097  82
1914  78
1269  83
4995  87
318  95
8949  82
1968  83
1210  89
89492  82
1250  88
1235  88
2366  79
71|7
2366  72
647  71
736  66
95  62
733  73
589  80
7  64
72|9
7  72
150  81
858  91
2490  75
1357  82
260  88
50  89
1198  89
1196  88
73|20
1196  84
45720  74
105037  69
6333  76
59315  77
76293  69
138204  72
2706  72
152081  76
45221  66
68135  72
150  78
8376  71
93510  76
59784  71
116823  75
106072  71
1682  78
52245  67
35836  73
74|20
35836  79
2594  83
2908  85
30749  86
6870  85
3006  84
52281  83
49772  82
55118  87
2997  89
6305  83
608  93
4546  82
41863  83
27773  88
6001  84
1251  87
6552  83
46976  84
44555  90
75|14
44555  67
1240  70
5952  74
2193  65
6870  68
2529  71
168  55
541  75
3176  64
1962  65
2078  70
1889  66
1266  74
1374  69
76|20
1374  52
5956  59
2918  64
58803  59
1247  66
74458  64
7669  63
79132  68
8957  52
858  73
55820  64
1258  69
63436  54
1201  69
1208  71
48  52
288  54
34405  65
1  65
1196  70
77|6
1196  77
4973  85
7361  85
8636  77
3578  80
33794  78
78|13
33794  79
165  68
3809  65
589  75
546  50
27904  70
260  79
590  71
480  70
68791  65
344  58
44974  68
380  65
79|13
380  86
3029  76
589  87
1916  79
307  83
4005  77
260  91
1189  82
1345  77
2000  82
1374  84
2659  77
2076  84
80|20
2076  83
96691  81
84189  81
91630  84
49530  85
8950  88
6539  89
4223  84
5630  81
3527  85
76251  84
80363  77
52604  84
6502  89
34048  78
1221  96
60684  88
6952  76
5989  90
77561  82
81|26
77561  71
32  80
47  80
110  80
150  77
153  60
161  74
165  72
208  60
231  63
288  68
296  84
316  67
318  88
329  68
344  63
356  83
364  80
367  66
377  71
380  70
457  80
480  75
588  76
589  79
592  70
82|20
592  68
2381  62
2378  64
6566  65
368  70
6536  70
3253  70
4310  62
1608  67
1372  68
145  64
356  81
6708  72
1485  62
4369  62
6564  57
6888  53
5803  60
4015  58
364  79
83|20
364  68
7143  69
7323  65
6539  69
161  65
586  55
2115  66
1270  72
6874  72
2324  73
1537  67
7153  75
68954  72
48774  70
30749  68
8014  69
1222  74
3753  61
1223  73
64983  60
84|20
64983  70
987  70
912  84
1096  75
420  59
1227  79
113  68
580  67
5060  78
1293  75
900  73
1097  76
62  73
368  72
1305  71
1247  81
1296  74
11  75
1073  78
1094  70
85|7
1094  71
1624  69
1140  71
1694  66
1643  72
1747  70
1635  76
86|14
1635  86
4310  67
6947  77
2411  65
457  83
5418  80
3996  80
4901  74
1835  73
33794  81
1196  87
3555  74
1097  79
2687  73
87|5
2687  67
2009  73
3504  80
671  73
2139  77
88|12
2139  73
74795  74
4993  86
68157  85
5952  85
1193  86
223  81
8665  79
4262  80
56782  86
8677  71
58559  87
89|104
58559  68
32060  68
44851  68
53280  68
53578  68
67888  68
69211  68
81087  68
84246  68
103602  68
108078  68
109596  68
118894  68
121007  68
128089  68
128944  68
131098  68
131439  68
134847  68
140481  68
146684  68
148632  68
150554  68
164226  68
30793  63
169912  66
87869  71
1923  72
4015  57
950  70
173253  68
2324  80
27826  68
92259  79
11  72
3977  56
86298  64
8154  71
77688  68
2997  78
170837  68
49274  61
157775  68
1  77
142196  68
99117  65
62008  68
72624  68
108156  67
3752  65
2059  64
128520  72
3175  70
133879  68
48649  68
126088  68
5529  66
65588  68
99130  68
40962  66
1732  78
68659  66
91666  68
2683  64
3751  70
750  84
6650  70
149508  68
2395  70
51575  65
65230  66
171751  68
85881  72
139157  68
6863  68
4246  72
108949  68
1230  77
160567  70
73319  64
177185  68
130520  66
5220  61
121338  68
153386  68
50872  75
149566  68
145491  68
4890  64
129354  65
32243  68
84944  70
6402  68
1288  80
140133  68
119141  69
947  73
176621  68
4973  83
158398  68
69469  68
54503  76
141928  68
102481  69
90|11
102481  76
1144  76
581  80
81  74
892  80
1073  84
116  75
896  74
17  81
7  70
613  73
91|20
613  66
6395  66
8147  66
7153  79
3360  70
2791  74
3897  74
1080  74
4850  65
3429  73
7000  65
2060  67
2916  70
1391  61
2100  61
318  84
2146  67
1225  79
1246  75
8501  66
92|5
8501  79
2114  79
1015  71
2454  75
1801  77
93|20
1801  79
1917  75
552  78
1721  83
539  84
480  88
1372  82
368  85
2355  85
1923  87
2193  85
2006  78
339  83
1097  89
1591  75
260  97
2968  89
1676  81
593  96
558  80
94|12
558  56
377  64
367  58
364  73
288  60
19  50
10  64
586  55
590  68
380  62
589  72
318  81
95|20
318  80
4878  88
6979  78
4732  69
3019  83
5246  73
32  87
2952  79
1247  88
1198  92
5283  72
3361  82
1513  71
2009  77
539  78
122  69
1584  81
1240  85
4262  84
5349  80
96|16
5349  85
1094  71
272  76
3819  75
150  78
2021  73
2571  84
1214  81
2058  71
1220  78
733  74
2340  68
1721  71
2396  78
367  67
1291  83
97|8
1291  75
4306  86
3578  87
4993  90
4963  85
4299  75
3981  66
4161  76
98|19
4161  84
8961  81
122912  78
5299  70
63992  60
187541  72
56152  77
134853  81
69644  67
6863  73
5618  87
56801  69
3499  81
134130  81
74789  66
82461  72
1258  86
88810  81
79132  85
99|11
79132  97
161  82
420  67
592  78
196  66
122  70
145  74
150  85
316  76
236  76
588  84
100|20
588  83
296  89
1393  78
95  67
592  75
605  70
6059  76
28  82
2245  72
62  78
4308  78
1777  76
838  81
2125  80
1288  87
234  65
1197  90
2005  80
4014  77
4623  78
101|13
4623  78
3285  64
2723  69
2700  77
2908  75
2390  73
3175  72
2395  72
358  65
2702  67
3394  66
2997  80
2502  82
102|12
2502  56
588  73
150  74
592  67
253  70
480  72
344  60
539  68
553  72
593  81
586  60
223  75
103|20
223  74
1954  82
60040  71
1968  81
77206  74
2161  77
1732  85
81834  83
608  87
2384  67
4254  62
104  74
139642  71
56782  87
2096  75
101  81
6534  63
374  57
60069  85
30793  70
104|20
30793  69
743  55
5218  72
8643  68
1288  81
47997  71
468  66
76251  72
8533  72
4018  64
38038  74
1566  70
7361  83
6060  67
3034  71
1641  75
4641  71
108190  62
616  72
7034  71
105|20
7034  78
69685  78
95311  78
95313  78
110586  78
141816  78
141818  78
170597  78
172587  78
172793  78
173351  78
173535  78
6433  76
4974  72
70286  85
108981  78
95175  78
69122  83
1243  87
3916  83
106|7
3916  86
72998  81
59501  79
86880  77
5349  82
53125  79
59784  78
107|7
59784  69
253  79
590  82
165  79
434  69
208  66
318  95
108|16
318  82
6022  74
4995  86
2585  76
5316  73
4975  76
3978  71
5349  79
2926  77
4246  80
4878  86
4994  76
1968  82
1684  73
497  83
5380  80
109|20
5380  64
1033  66
231  58
364  75
589  74
480  69
62  67
31  61
587  65
1032  65
586  57
778  76
540  55
256  55
163  67
252  63
223  72
553  70
537  63
168  57
110|11
168  68
2468  60
1198  84
1089  83
1222  82
1208  84
4881  75
47  79
527  83
1193  82
2428  59
111|20
2428  67
162602  67
171251  67
2145  65
96588  72
65088  67
66203  62
84772  66
2081  70
91529  76
6365  65
45666  58
3255  69
1282  73
6539  74
86833  71
122882  73
59143  68
86911  65
5283  62
112|13
5283  57
161  73
1917  61
16  78
21  70
208  59
434  62
39  67
3717  65
19  57
110  79
32  79
70286  76
113|20
70286  69
39  67
3168  73
932  75
2331  67
3359  75
1086  78
3504  77
1339  72
904  84
3546  69
4063  64
4062  67
1077  74
1589  71
2475  68
3831  71
46  64
1733  73
4007  73
114|7
4007  64
54001  71
2291  70
167732  64
122886  70
8961  71
3147  76
115|20
3147  74
2804  82
1387  84
2792  71
3146  63
3273  60
3052  77
2841  74
2719  60
595  78
2700  80
383  69
2027  62
2148  71
2770  64
3785  67
2916  77
3175  75
588  79
1377  68
116|18
1377  73
858  83
1299  74
62383  66
1339  69
1276  79
597  67
1029  66
1101  65
2797  71
2657  65
1961  74
1407  63
5995  76
1704  78
165  69
2115  71
8360  70
117|20
8360  66
587  67
589  76
151  69
36  73
1036  75
595  72
288  65
596  68
48  62
315  60
454  69
353  73
474  71
10  68
60  64
805  70
491  65
616  70
485  61
118|5
485  83
1625  72
153  58
1961  75
1810  69
119|20
1810  77
117176  83
1092  76
91529  89
74458  88
4387  83
79132  91
168252  90
44022  77
78499  91
122904  86
106782  89
442  73
4993  93
31685  76
6365  78
141004  78
4148  73
88744  84
8644  80
120|5
8644  82
32  78
5  61
631  64
52  70
121|12
52  73
440  67
161  69
527  79
292  65
344  58
186  55
316  63
1  74
19  53
163  69
337  70
122|20
337  88
69784  86
7022  93
148652  85
4816  87
56174  86
94959  91
81591  88
71535  92
30810  88
2997  96
1732  96
108932  92
780  85
1090  94
3253  88
106782  95
72226  94
1200  96
1214  95
123|12
1214  71
115569  78
79132  83
109487  81
1196  85
4226  85
296  86
7153  85
143458  72
47  82
96829  77
2858  83
124|10
2858  76
2161  77
260  88
175  81
1358  79
6377  84
4226  87
3147  86
608  87
1223  85
125|20
1223  74
86721  74
110330  74
54503  82
72011  77
162578  78
119145  81
176371  79
55247  81
1240  81
86332  77
68157  85
112623  75
4082  71
160567  76
3342  73
109487  83
88140  76
98607  74
81562  76
126|8
81562  76
349  68
231  59
380  66
410  61
300  67
253  69
457  76
127|5
457  63
903  72
55276  66
5060  69
272  67
128|7
272  89
965  78
926  82
1066  78
1721  74
1080  83
1198  89
129|20
1198  73
480  79
3698  73
2692  85
2138  81
1968  81
8368  84
653  69
7143  82
316  72
6874  85
239  69
2916  79
733  77
4896  81
2028  87
3977  63
3000  84
1907  79
31658  83
130|6
31658  59
316  67
292  68
110  79
590  75
296  84
131|14
296  60
6947  67
58559  77
908  75
4878  74
89745  72
7256  67
68237  71
2722  55
2028  76
48516  77
3178  65
64614  71
969  72
132|20
969  58
3275  70
4995  68
2987  60
7444  56
3262  58
4168  56
31658  67
44191  66
1089  72
3967  65
5502  56
50  72
58559  71
5992  64
2108  59
1844  60
2657  56
47  68
2470  54
133|7
2470  62
356  73
589  70
150  67
153  50
380  60
527  74
134|7
527  65
595  76
349  73
380  71
367  67
509  73
296  86
135|20
296  70
4084  64
893  70
3994  72
2004  71
608  84
1358  75
3852  71
3489  72
1614  62
1198  85
4128  74
1883  67
2302  67
1291  82
410  65
1261  82
4022  75
4881  76
1077  76
136|20
1077  73
193  54
585  60
338  63
277  65
380  70
181  56
337  74
437  62
165  72
611  66
151  72
340  69
252  68
432  57
552  65
350  69
280  74
273  62
150  76
137|20
150  80
2716  79
1198  87
750  88
919  80
1270  83
318  91
150  79
2997  82
1200  82
6986  72
7153  85
1242  83
110  82
33493  73
1197  87
2959  88
1237  83
903  83
7762  76
138|5
7762  68
1960  74
1959  73
849  63
3996  77
139|20
3996  36
7445  45
60684  50
4865  47
68319  38
7090  53
5502  42
260  57
8371  42
53953  40
58025  39
106782  53
6957  46
7163  38
3827  38
3624  39
52722  37
54259  47
4367  36
115617  50
140|20
115617  68
5299  64
1393  70
356  81
609  66
32596  65
4795  67
34072  70
1617  79
5256  66
5943  58
1084  77
4337  68
3108  75
43396  71
4719  64
1005  59
4321  67
5812  71
4259  69
141|20
4259  73
54503  74
4963  74
2478  63
71535  73
317  62
68954  77
54286  71
6365  65
54272  70
4447  64
5502  65
6377  77
6373  65
1265  75
91529  76
2502  78
441  75
1517  69
48516  80
142|8
48516  64
384  72
588  77
50  86
527  85
356  84
337  76
377  73
143|15
377  65
61250  59
6942  72
7169  68
8533  70
106696  69
3421  72
87232  72
78316  67
69069  67
59421  61
2144  70
96821  72
7173  62
500  65
144|20
500  79
541  83
8368  80
597  71
590  76
410  64
1246  79
527  84
356  83
500  69
19  58
2700  77
434  63
733  73
780  69
1036  78
5377  76
552  65
586  63
2081  73
145|5
2081  61
339  68
380  68
318  87
588  74
146|7
588  68
3257  59
32  75
1367  60
3686  61
410  60
47610  70
147|5
47610  80
168  63
552  66
555  76
2395  72
148|10
2395  75
5618  81
108932  75
81847  74
72998  71
5816  73
8368  78
7153  82
81834  77
4993  81
149|12
4993  63
1374  64
1831  44
1527  63
260  71
173  45
1206  70
1200  67
2021  59
1580  58
1391  53
1375  56
150|6
1375  68
1356  78
5  63
95  62
733  73
1073  78
151|12
1073  68
562  79
780  74
837  74
747  73
1265  83
828  73
1073  82
1  83
648  75
1393  77
1359  66
152|13
1359  85
2959  87
116897  76
89492  76
1193  84
69481  79
85774  72
115713  78
111  83
92259  82
1234  80
79132  82
318  89
153|20
318  50
1732  53
8533  46
4014  44
81456  42
106782  51
8528  47
6863  42
87194  42
2617  37
1246  52
106100  47
1954  50
7458  43
4226  55
89904  48
72998  44
133780  42
586  35
36535  46
154|7
36535  80
119145  85
81834  87
122904  84
106072  78
76093  86
77561  79
155|10
77561  62
3286  65
1200  82
260  86
141  73
2355  74
2384  65
2948  78
432  59
2959  88
156|20
2959  69
31038  69
1230  78
1711  65
3341  74
6296  74
762  54
2361  65
2076  76
4784  69
661  68
2926  71
8571  69
47  79
3176  71
58  78
848  67
866  78
1485  63
923  80
157|5
923  67
3617  64
2720  51
2770  59
527  82
158|6
527  70
2605  66
2872  74
2723  70
2428  61
66320  71
159|20
66320  79
60069  74
45720  66
597  64
4022  68
89864  66
49286  63
140110  64
84954  60
4447  61
1197  78
68954  74
6942  69
1961  71
106696  66
480  68
539  64
166643  66
40819  70
63082  72
160|20
63082  48
1371  51
1198  70
196  43
3408  57
5349  58
3213  62
2408  49
839  48
3593  34
2748  45
533  50
1975  50
1676  53
3745  55
2011  57
733  58
3826  40
778  66
2840  46
161|8
2840  68
7247  74
47610  75
1223  83
38038  77
3429  78
2144  75
2336  74
162|8
2336  86
225  80
168  72
50  94
300  81
266  78
31  75
62  82
163|5
62  64
1810  66
1747  65
1777  66
1837  62
164|8
1837  84
2916  80
110  86
589  86
3527  80
1101  75
1201  89
2167  75
165|13
2167  67
3624  64
110  78
5505  68
5527  70
3256  70
5956  71
5418  75
5530  62
5450  68
1127  72
3409  61
5881  65
166|20
5881  83
1721  75
4011  87
5378  70
3481  80
49530  79
2353  74
47644  72
54272  79
8961  83
1198  90
2542  86
1036  83
608  88
434  68
5219  70
5418  82
2396  81
349  77
2324  87
167|20
2324  66
4886  72
778  76
3052  69
7147  72
6857  69
45501  61
6480  65
1682  72
2231  72
784  55
33794  73
2083  70
2413  67
6333  70
8961  73
2139  69
150  72
6773  70
35836  67
168|19
35836  89
1248  92
1201  92
1089  93
296  94
923  90
1222  92
5291  84
3543  84
1302  82
3362  87
1148  91
3101  75
57669  92
2076  86
1729  83
908  91
85354  77
80463  88
169|20
80463  84
2028  96
364  94
953  93
4886  91
5400  79
8644  83
524  84
2795  87
1022  85
3114  91
3967  91
1517  86
1035  93
8641  89
6365  82
661  82
457  93
3287  80
1416  82
170|10
1416  86
296  81
586  60
377  68
34  70
592  67
277  62
500  66
266  66
588  73
171|17
588  78
1220  90
1025  87
801  79
1259  93
1079  94
828  82
317  79
869  84
380  83
1136  97
1225  96
661  82
318  100
47  93
1198  98
1208  98
172|6
1208  66
3578  80
7438  79
2072  66
3793  75
2762  78
173|5
2762  70
329  67
586  61
597  70
588  74
174|14
588  77
520  68
224  74
648  72
161  76
317  68
158  62
780  72
315  65
485  66
282  69
440  74
350  71
10  73
175|5
10  69
8911  71
43904  62
38388  72
8362  68
176|8
8362  78
434  68
39  73
368  77
380  75
780  75
47  85
471  77
177|20
471  66
91542  70
6332  65
3668  70
45672  62
783  65
27706  64
2657  65
114662  69
1206  79
83132  69
5218  70
508  71
3114  74
1321  66
2176  70
8798  72
88140  69
2012  67
339  66
178|16
339  88
527  88
2329  88
5995  83
6502  82
4235  82
1198  89
208  64
6539  82
296  88
349  76
10  75
4226  87
1240  81
2579  77
318  92
179|14
318  70
589  83
161  78
231  67
288  72
743  61
1061  78
317  69
786  68
592  74
671  74
296  88
434  67
364  84
180|5
364  80
260  82
1748  77
1242  79
2140  72
181|20
2140  60
593  76
596  64
353  68
539  63
516  62
132  61
169  52
25  64
31  59
542  55
6  71
707  56
185  55
464  58
502  51
415  54
480  67
592  62
344  55
182|20
344  68
6969  68
3911  73
2728  72
4313  68
8042  74
1291  80
3113  62
3578  78
1590  63
161  72
4452  65
224  71
4980  65
4262  76
2353  68
2890  73
1127  72
541  81
6041  70
183|12
6041  75
380  70
1196  84
2951  79
2534  65
4085  71
1287  78
2194  79
3247  63
1233  82
2662  70
1408  78
184|20
1408  71
181413  71
193565  71
97304  78
74754  70
168250  74
191005  71
106072  71
166291  73
127152  73
86332  74
80463  80
5816  76
122898  67
81845  81
5810  69
170813  71
174479  71
112852  82
148626  79
185|10
148626  67
2396  73
5377  73
1721  66
5952  78
1393  70
595  72
2085  68
4995  77
899  78
186|20
899  74
1214  88
1291  91
3745  79
1269  86
2527  80
2532  74
4361  82
1307  86
2968  85
4306  88
2541  79
1702  73
480  84
1097  85
3977  67
919  87
3527  83
593  93
1196  93
187|20
1196  70
3949  79
49272  80
231  63
1206  83
6874  81
1729  74
1209  79
48394  76
6502  79
2701  52
4027  78
288  68
2542  81
7153  83
39427  67
6890  74
1222  82
8949  76
1748  79
188|10
1748  78
1212  89
594  84
1282  87
3469  80
2396  86
1091  69
3341  84
1264  82
2206  83
189|5
2206  84
4993  83
79132  81
2959  86
58559  84
190|14
58559  83
4776  77
8784  77
4995  81
5630  71
4306  79
30749  77
1221  86
4975  72
8961  79
858  87
8464  74
69844  78
7438  80
191|17
7438  72
21  73
72  70
175  79
494  73
417  76
17  76
6  81
85  75
292  71
314  76
58  80
235  74
213  70
161  75
160  63
162  80
192|5
162  87
288  72
316  72
349  76
432  61
193|7
432  76
55442  72
4878  77
6016  78
307  72
1270  77
5618  79
194|5
5618  72
1396  71
1500  73
1288  81
5060  76
195|20
5060  77
2770  59
1041  78
1653  78
1923  72
3160  73
4723  64
1863  62
2336  71
2166  64
4308  70
1909  68
260  81
2028  80
3252  71
2908  73
1392  68
1365  68
70  69
190  67
196|7
190  77
3578  80
59315  77
58559  84
364  81
1214  79
110  81
197|7
110  66
1240  80
1882  53
786  67
2167  71
153  63
1784  77
198|20
1784  66
3499  74
920  70
1213  80
3949  75
1994  68
1485  60
2572  70
4019  72
1089  80
110  76
593  80
4128  70
1270  77
4886  74
1079  76
2117  70
912  80
1573  66
1682  73
199|20
1682  66
2165  65
2280  62
736  60
5673  68
349  66
5502  62
482  68
8532  64
1172  74
300  65
50068  67
4881  69
3175  66
7445  65
2973  70
34338  65
41997  67
1956  69
377  65
200|20
377  74
7022  82
50802  74
3968  69
2485  66
500  73
5610  71
590  80
1029  74
53996  75
2572  78
4993  87
4041  76
57640  80
1302  77
1784  79
6383  62
1653  84
1569  74
1517  77
201|20
1517  88
1527  84
1584  82
2858  90
339  79
589  88
2717  72
994  86
788  67
1196  92
2797  84
733  82
1259  89
2174  81
1198  94
2455  80
1569  79
1213  93
160  70
24  76
202|20
24  72
924  82
29  81
2289  80
1197  87
1196  86
2966  78
161  76
608  86
1209  81
1296  76
3194  73
1784  77
469  74
923  83
2000  78
1587  71
1719  84
3147  84
32  82
203|9
32  73
8665  77
2407  70
5952  83
590  78
49272  82
40815  79
333  77
296  86
204|17
296  87
3949  82
33794  81
48394  79
27075  73
1080  81
79008  79
6104  81
8874  84
81591  76
4878  84
91658  74
711  70
2313  77
86320  73
55820  81
5218  77
205|6
5218  84
99114  79
91542  74
5816  75
95167  71
96079  77
206|5
96079  81
608  88
733  78
140  72
141  76
207|5
141  66
2428  52
2707  60
3740  70
100  56
208|6
100  79
2628  60
380  67
2353  66
2278  68
2762  75
209|7
2762  80
1291  85
68157  85
74458  81
185029  76
122886  80
88125  80
210|20
88125  79
34405  88
166203  79
3147  91
31696  77
7649  76
58559  93
2105  78
6365  77
34397  79
4625  76
84772  78
122926  88
76093  87
62836  79
33493  80
1584  82
47610  83
108932  86
122918  85
211|18
122918  86
63113  72
90405  70
57669  84
60684  78
7153  85
73017  78
2105  70
4367  64
356  85
2642  59
1556  51
318  90
44665  78
85414  73
1198  87
1136  85
260  85
212|20
260  67
122920  71
122892  68
2571  79
5218  70
48394  73
3578  76
1196  80
135143  68
74795  67
179401  67
79132  78
77800  70
108932  73
110102  72
96821  73
8874  77
65261  73
59784  66
2291  73
213|17
2291  69
87520  64
80363  71
76251  78
8957  70
2860  69
1234  84
5419  72
51935  80
69844  82
39446  68
4132  70
858  91
69526  63
4558  66
49530  79
58559  89
214|5
58559  63
628  66
743  50
1363  61
802  63
215|20
802  81
4973  85
63082  79
1291  82
2028  83
3252  74
3210  72
1968  78
1247  81
49272  81
1089  85
72407  63
5650  73
318  89
1208  85
2000  76
1197  86
1196  84
1297  74
4019  76
216|20
4019  68
21  70
3996  76
3946  64
2946  69
3993  69
3897  77
2599  73
34  72
3994  71
4034  79
3363  76
1965  71
3422  69
3555  70
3253  71
2087  73
3986  61
2018  70
1923  73
217|20
1923  57
3434  57
1275  64
2468  48
3197  54
1912  63
2302  54
1876  50
380  57
1221  71
2471  45
1918  51
1385  49
3165  58
1590  52
1562  39
1703  55
2056  57
1831  43
160  48
218|6
160  65
2692  76
1380  63
1198  81
6934  61
5349  69
219|20
5349  57
2115  67
59315  68
6539  70
442  55
30707  71
1704  74
180  63
1219  73
1005  53
27773  71
56156  60
6188  64
6721  64
30825  58
2997  72
1552  56
1500  66
2890  66
1921  71
220|20
1921  82
733  78
1198  90
3994  77
6539  83
1258  88
1917  68
4545  73
33794  83
165  78
71264  78
4623  78
53464  63
5218  79
6365  74
3751  78
32  85
1036  83
5502  74
1591  67
221|20
1591  76
7013  80
8529  74
1080  85
3246  83
2871  84
1208  91
7063  83
2702  73
4029  82
5954  82
2352  80
922  88
2997  86
1278  87
2858  88
1212  85
1959  79
1961  84
3671  84
222|20
3671  61
100498  54
48516  75
1249  73
99813  66
91529  71
59900  55
93287  64
1721  61
2706  62
3273  48
2411  53
64622  64
7143  69
87869  65
778  73
30825  57
42011  52
673  52
64839  68
223|15
64839  61
6711  73
1  70
736  57
1961  69
457  71
2716  68
48394  67
608  74
8784  67
48516  75
3863  56
4306  69
260  75
2683  57
224|11
2683  75
3044  78
356  88
2915  77
289  73
3668  78
1270  86
2797  80
1721  75
2716  82
1259  85
225|15
1259  73
1285  76
588  77
1717  64
2791  79
1321  70
1136  84
1197  86
1753  73
2004  72
2371  68
1407  67
785  70
1060  75
3024  70
226|20
3024  68
32666  68
3552  76
542  61
1240  76
3098  73
2804  77
3668  72
3653  70
2231  75
145  64
2253  58
3052  73
2628  62
762  53
53129  75
4816  70
16  77
2144  73
46948  66
227|19
46948  80
52319  76
81845  86
109487  84
134130  83
215  83
48738  82
47099  82
1196  89
32587  83
912  89
55721  82
1682  82
750  91
778  87
40629  78
97913  80
70286  82
150  82
228|5
150  85
1373  64
362  74
318  91
3113  66
229|13
3113  76
589  82
377  74
45  73
587  73
5  65
475  85
442  66
597  74
364  83
213  71
110  83
527  87
230|20
527  58
52715  58
47  68
7438  67
527  72
3147  70
45499  57
6537  55
2291  64
1387  69
6863  58
1485  52
595  63
4022  63
2096  59
588  64
4034  68
1676  57
8644  58
2641  53
231|5
2641  81
858  86
593  83
1198  84
109487  78
232|20
109487  65
41769  65
57526  65
70336  59
8644  65
1586  59
44972  53
4019  71
43928  50
30883  62
65802  61
8376  65
39292  71
1035  75
66198  65
66097  70
32011  58
6564  54
7451  72
33164  55
233|20
33164  67
3751  63
48516  74
1721  60
356  74
106100  66
162600  61
608  74
7153  74
134214  61
57669  72
122920  65
2329  74
4239  66
7371  70
3977  49
3147  73
3948  61
49272  71
5418  67
234|20
5418  66
2140  75
172  61
126  64
1562  54
4519  71
153  61
2710  61
3624  67
3483  67
1391  66
438  69
1460  72
2987  74
65  59
260  85
1359  63
3175  74
588  77
2080  72
235|13
2080  75
736  66
500  69
454  72
592  70
235  72
595  75
32  80
527  84
648  70
223  78
588  76
377  71
236|30
377  79
1278  81
1345  70
1350  76
1387  81
1388  65
1982  73
1997  77
1998  64
2447  68
2459  68
2490  71
2496  68
2502  82
2505  64
2542  81
2572  74
2580  78
2596  72
2598  63
2606  62
2657  69
2683  66
2694  67
2718  70
2770  61
2806  61
2858  81
3024  69
3052  74
237|10
3052  74
4254  52
94959  69
293  74
1371  59
1193  77
7361  78
7980  67
43936  61
1374  70
238|9
1374  74
3528  72
4265  69
4901  72
4238  71
593  85
4499  79
4957  70
1193  84
239|20
1193  90
5459  68
4085  77
380  76
95  68
7445  77
608  89
7147  83
6378  80
2115  80
4896  82
36529  79
3994  77
33679  74
47  86
590  82
4022  81
208  66
733  79
51662  81
240|20
51662  81
543  78
480  84
367  75
810  64
500  78
546  64
110  90
173  67
1  88
542  72
104  79
34  83
174  74
204  68
225  80
383  75
262  86
434  72
420  68
241|16
420  71
71899  80
527  85
1206  84
1193  84
99114  80
100714  69
8981  75
53123  78
116897  76
56367  78
3910  77
106782  80
115569  78
4235  79
48780  81
242|7
48780  69
380  71
231  64
457  80
592  71
454  73
111  83
243|8
111  78
353  86
62  83
588  86
193  65
586  73
181  67
376  77
244|19
376  75
1049  72
110  81
257  72
165  74
151  73
1090  80
3755  67
2278  73
648  71
1580  72
1957  76
1610  78
1196  85
3256  73
1573  71
1242  82
3753  71
2243  72
245|5
2243  63
2739  65
3114  66
3274  59
1361  63
246|20
1361  89
616  83
1680  84
6016  92
3081  82
44191  89
60684  87
4973  95
1732  91
1298  85
53125  81
2291  86
2692  91
293  91
4011  93
5013  85
60069  91
48082  85
82202  76
95167  81
247|20
95167  81
593  80
2858  78
49272  77
1961  74
44191  75
527  80
116797  75
68358  75
122886  73
480  72
223  74
1265  76
2078  74
1198  82
1682  73
6377  77
1089  81
953  77
919  74
248|11
919  78
1198  85
166528  77
176371  76
316  68
147374  70
102903  70
189333  71
122912  75
58559  84
5218  74
249|20
5218  73
102903  73
2167  72
94959  79
84601  73
2395  76
97306  74
3408  75
89047  73
91500  74
91542  77
40815  80
69844  81
904  88
46723  75
3826  59
68791  74
88812  70
67695  73
50  88
250|6
50  83
2407  74
318  95
1597  71
1246  86
8880  77
251|5
8880  80
293  89
356  91
318  96
1089  92
252|8
1089  83
89745  85
6377  86
164909  79
1682  82
166643  78
143355  75
78499  87
253|10
78499  89
916  89
608  92
2300  87
7099  86
4217  80
26366  79
1192  83
4642  88
3363  86
254|20
3363  83
44195  83
207  74
49278  72
6333  78
780  72
110  83
1210  86
49272  83
27846  77
32587  80
2571  86
44929  74
47  83
293  83
1580  74
5995  82
32  83
592  73
48394  79
255|9
48394  66
4467  62
2023  57
3501  54
1663  61
1394  65
3392  53
2542  66
2915  57
256|20
2915  70
88744  81
377  79
4973  92
53972  77
118696  76
95441  75
104841  80
71535  84
2953  68
81229  79
53121  71
30707  86
2571  90
68791  78
170  77
6942  83
90405  75
6537  74
33493  78
257|5
33493  72
594  72
2502  80
494  69
2406  69
258|5
2406  83
7147  80
72641  77
76093  81
47099  79
259|6
47099  67
5945  61
1784  67
4886  70
1356  70
1584  66
260|20
1584  84
3556  75
162  78
903  80
5690  78
6337  71
4878  80
5617  77
342  67
5219  65
2997  79
8011  73
1206  82
3317  76
6709  68
8874  80
2348  73
3822  71
2959  86
8645  73
261|11
8645  79
16  79
2060  72
296  85
2723  69
1682  77
4085  71
2194  79
7361  85
4238  70
58559  84
262|12
58559  62
539  64
457  73
322  65
339  63
85  66
26  66
17  67
213  61
273  56
593  77
728  64
263|20
728  79
150  77
500  70
2987  74
2953  62
110  81
4226  84
8370  77
1197  86
7458  72
708  70
1111  73
2125  76
6942  77
5013  76
163  74
457  80
8636  77
1967  79
2085  71
264|12
2085  72
1376  70
151  71
5816  74
1907  74
1320  66
1917  62
150  76
3578  79
1090  78
253  72
1876  62
265|20
1876  65
316  62
253  67
1302  67
724  60
1240  72
3504  72
230  65
3831  67
1956  70
3098  69
529  71
1270  76
3791  63
1177  69
2322  62
1488  62
2474  66
1198  80
1962  67
266|20
1962  67
2812  67
2700  74
2278  68
24  64
2770  58
2702  63
64  62
1405  60
2580  75
1527  72
2167  65
457  76
1580  68
2300  75
1923  71
2094  65
132  66
2571  80
2097  64
267|12
2097  88
593  90
1175  85
3006  82
1302  80
3999  67
3113  71
1093  76
589  86
2571  90
923  87
3996  84
268|20
3996  69
587  64
1125  66
1911  54
2802  60
1036  72
1370  64
50  78
2064  70
1784  68
1912  69
1966  63
454  66
1234  73
2247  59
1394  73
2829  63
802  63
260  77
2858  74
269|6
2858  67
743  58
95  64
1  81
63  66
648  72
270|8
648  63
62  67
79  56
628  68
14  66
1356  72
141  65
25  67
271|9
25  72
32  73
2791  71
969  72
6787  71
2858  74
55765  70
1320  60
2288  71
272|7
2288  68
1240  75
51662  73
122922  72
49272  78
158238  72
6365  66
273|11
6365  78
593  90
500  76
608  90
223  84
111  88
150  83
21  78
466  67
235  79
520  72
274|20
520  65
2947  72
3037  76
1645  65
4951  65
2036  60
1359  57
35957  65
553  70
76293  63
3918  64
1503  62
45431  66
4816  66
54999  66
5667  65
4876  55
56805  65
1921  74
54004  67
275|20
54004  81
2289  84
5884  77
1171  78
357  78
1912  83
2539  72
235  79
4886  85
2572  81
2355  79
3253  79
1192  81
926  85
111  89
2100  72
3089  85
1393  80
1719  88
1392  77
276|9
1392  73
356  96
466  73
104  82
631  78
648  83
2  83
1367  76
344  75
277|6
344  67
736  69
656  70
1  82
780  73
260  87
278|5
260  71
1347  70
4002  78
318  92
2369  65
279|20
2369  75
1101  65
166528  73
90405  65
61132  68
79132  78
56782  79
97913  72
1608  65
4226  80
59315  73
88129  71
54286  71
1258  79
8665  72
58559  81
4993  79
8376  67
107406  68
1200  77
280|20
1200  83
344  69
262  82
3146  66
4239  81
4447  73
8638  78
919  83
72641  79
86817  74
8368  86
49530  80
6863  75
35836  77
55052  78
54503  83
4246  80
48516  89
1911  67
3916  80
281|5
3916  75
8361  59
35836  67
3897  74
3861  60
282|20
3861  85
3977  64
3263  71
25  78
6708  79
2683  72
4718  69
6711  88
5481  67
6863  76
5669  82
3752  73
588  82
80463  84
1921  84
1193  89
4369  70
48322  81
1194  80
784  66
283|7
784  66
39  63
1704  76
356  78
586  58
2082  56
805  68
284|18
805  80
173  63
2  76
296  90
15  71
348  79
248  72
318  94
47  86
353  82
275  67
44  62
339  76
367  71
276  72
165  78
637  69
235  78
285|8
235  83
949  73
1247  80
6978  69
113207  70
4447  68
441  79
296  84
286|20
296  72
778  82
5989  79
1333  74
165  72
500  69
7438  79
2294  67
4993  83
4995  80
7361  84
70  72
4980  67
1258  82
4963  78
1097  76
4848  79
539  71
377  71
110  80
287|20
110  58
3578  62
223  60
2633  54
1059  57
586  45
3005  47
532  48
1193  65
2599  57
2028  65
1485  46
3826  38
2081  56
8949  58
2012  53
101  59
4034  62
2422  37
2115  57
288|20
2115  62
4966  62
1008  62
2867  65
42015  62
141  63
2571  75
13  61
53519  59
2407  60
5418  69
3916  67
2347  58
2528  58
30810  65
575  53
32587  69
587  62
2517  57
8361  56
289|24
8361  68
16  79
235  72
266  69
594  74
708  69
750  86
1080  78
1101  69
1208  84
1220  77
1258  82
1917  62
2012  70
2174  72
2710  60
2797  75
4322  73
6125  70
6327  71
6453  70
7025  69
7028  73
26704  71
290|20
26704  88
1299  84
2494  78
2739  83
608  90
2130  79
908  89
341  77
1447  77
342  74
1056  75
1719  88
953  87
928  85
1394  86
2648  77
475  89
2731  82
1357  84
2385  74
291|7
2385  85
122892  79
106489  77
134853  86
7153  91
88125  84
1  87
292|20
1  60
103339  63
122900  68
4896  72
2291  71
474  69
85056  64
46972  62
95167  66
164909  68
3176  66
3476  67
1608  64
31221  53
1101  64
3985  65
3984  67
1017  66
69844  72
231  58
293|5
231  68
1673  72
344  55
1617  73
1097  67
294|20
1097  47
3869  57
1064  53
2794  47
610  56
2133  55
1391  49
3868  56
1129  55
520  49
3387  51
355  38
2378  49
3693  48
785  53
2193  56
2367  50
2458  50
348  57
3501  53
295|9
3501  83
3198  74
1287  76
1213  83
4351  68
1198  84
858  85
318  87
2329  82
296|6
2329  71
2028  83
169034  71
4144  78
50  85
2324  83
297|15
2324  54
543  53
1645  54
111  66
454  56
1089  68
6  63
1249  65
1047  51
1370  55
1488  51
150  61
170  53
1092  51
866  62
298|20
866  52
95510  45
6811  45
8370  52
8807  50
63131  48
6881  48
3785  40
122900  49
103042  44
6294  39
2167  45
2005  51
6006  44
653  41
55995  41
3018  48
69757  51
103772  46
3825  38
299|5
3825  77
1387  83
188  74
1198  87
1214  81
300|32
1214  88
356  83
527  84
593  83
1172  80
1704  81
2028  82
2324  82
2329  84
2571  83
2762  78
2858  81
2959  86
4848  79
4973  85
5995  79
6016  82
6711  82
7361  84
8950  77
48394  76
56174  71
63082  79
79132  82
81591  73
92259  81
99114  78
109487  79
112183  70
112290  76
112552  80
112556  76
301|20
112556  66
357  66
2490  65
6711  76
589  74
8949  70
837  64
3948  65
364  75
527  78
5989  73
4963  72
608  78
292  64
3578  74
3897  73
4226  78
3753  64
1393  67
1792  61
302|7
1792  78
14  75
3  71
25  75
648  73
707  67
110  83
303|11
110  66
3703  80
1127  75
5544  73
1196  85
3471  77
1580  72
1394  81
2683  67
920  75
1358  76
304|20
1358  79
2571  88
2433  71
10  76
1376  76
480  80
1373  67
1777  76
1270  86
1517  78
151  77
356  88
208  65
474  79
1214  84
1375  74
640  68
1722  70
185  67
2701  57
305|20
2701  75
140627  75
87869  78
919  83
1197  90
106100  80
138210  75
788  63
7482  80
80590  73
103075  73
903  85
6537  72
93840  81
54736  77
592  75
2288  83
58803  77
55276  79
1272  85
306|20
1272  56
68954  75
69644  58
6377  75
95543  64
81847  70
111743  62
85367  65
168418  67
167018  65
72998  67
122904  71
69406  64
85788  61
4963  72
115664  65
134368  66
112852  75
161634  64
133419  65
307|20
133419  54
4181  54
31424  54
49314  54
5010  60
7845  53
3392  51
1220  60
6793  41
6483  45
2332  50
56003  52
1991  49
3273  41
4876  44
3421  60
1409  44
413  46
4447  51
52867  54
308|20
52867  62
45517  45
96821  52
72998  48
318  64
2  46
904  61
589  55
8961  53
56152  49
56367  52
5618  59
36  52
410  40
79132  57
4993  59
8464  49
1221  60
2248  52
6  55
309|20
6  77
1645  71
898  84
1682  77
296  84
1089  84
1269  77
7153  83
6947  74
8340  72
1104  84
7218  70
25886  72
1219  81
8154  74
971  76
1944  74
6365  68
1262  81
2762  78
310|13
2762  69
6947  72
1101  68
6503  56
2524  71
2457  70
5899  70
733  72
246  80
3254  68
1223  80
1080  77
2671  70
311|6
2671  53
5992  59
1517  55
6461  55
1407  49
2706  53
312|20
2706  76
1375  70
3499  79
589  81
2454  71
1358  76
4878  82
4103  76
3793  76
2028  84
1371  67
4121  70
2366  74
2747  67
4105  76
5446  72
2699  63
2529  80
1350  78
1356  79
313|20
1356  63
170  66
3917  67
2455  68
5544  68
541  79
2193  69
2000  72
6  76
1968  74
1089  80
1301  70
1240  74
3175  69
4865  70
2005  71
2167  65
1375  65
2087  71
2530  60
314|20
2530  55
1042  58
44  48
165  64
457  71
293  72
597  62
329  59
442  55
26  64
830  58
728  62
618  61
107  61
536  60
10  63
1376  62
153  51
208  51
150  68
315|7
150  74
2729  66
2529  72
2067  73
2553  65
909  70
902  71
316|11
902  72
253  66
3968  58
158  53
5445  68
3751  66
7438  72
6874  74
48  59
3882  53
2572  67
317|20
2572  68
73321  66
91529  77
74545  70
7445  70
1213  82
48774  76
4262  75
1884  77
5989  77
3578  78
4011  80
68358  76
1208  82
72011  72
3897  77
3499  76
96829  74
116797  76
56782  80
318|20
56782  72
81191  72
90245  72
111817  72
127180  72
145080  72
150696  72
7445  74
1090  81
116799  74
82459  78
48385  71
2294  70
64839  79
88125  79
109487  82
4021  79
33794  80
54286  77
89753  75
319|7
89753  83
6377  87
356  90
136864  63
1221  92
122904  84
110  87
320|5
110  70
71535  75
31184  68
59315  74
1013  67
321|12
1013  72
356  85
160  63
592  72
597  73
780  72
339  72
355  56
410  67
3  70
500  71
457  82
322|20
457  60
1968  70
2542  73
58559  77
2788  73
2146  63
2617  58
2918  70
778  74
2599  67
4027  71
4993  75
1230  72
51540  68
1  72
1617  74
1923  67
4010  62
11  67
1035  72
323|20
1035  63
480  66
356  75
1094  61
161  65
115569  68
1198  76
29  70
551  64
22  60
318  80
112183  62
253  64
111659  55
3257  55
260  75
150  68
329  59
342  59
266  60
324|5
266  69
3972  70
3864  56
3949  73
3897  72
325|20
3897  68
235  70
2986  61
262  75
1573  68
2596  70
1584  72
1217  79
1676  67
4714  66
3770  63
3261  68
2894  68
2155  68
1279  74
1614  60
3994  70
2268  75
2915  70
5008  75
326|20
5008  79
47610  78
20  66
2858  85
86882  78
5418  80
4973  89
133771  77
48774  82
2324  86
1293  79
2692  84
72605  73
70159  70
54286  78
5446  75
6591  79
4226  87
105844  77
31410  78
327|10
31410  78
150  83
858  93
1923  81
51255  87
48516  91
1304  86
765  73
6888  61
2706  77
328|20
2706  59
112852  69
70286  65
1196  72
457  68
364  69
80463  67
3489  60
318  77
595  64
5349  62
2542  69
1219  69
35836  60
3751  61
79091  63
7153  72
596  60
2398  65
1148  70
329|5
1148  54
136850  54
858  71
1884  63
750  70
330|20
750  63
316  66
1639  72
2918  76
919  76
3949  77
3535  75
5349  71
380  68
1676  67
2502  80
3703  77
1682  75
2683  64
1206  81
1721  68
2791  76
2081  72
8874  79
592  68
331|20
592  79
6157  58
88125  75
6539  76
3897  77
4446  69
7361  83
50872  76
4995  79
4306  77
6874  79
5502  67
3911  73
608  82
4447  66
593  82
3751  71
8665  74
4367  61
2959  85
332|20
2959  77
1653  77
1258  80
316  65
8983  71
431  73
97757  67
2291  74
1835  67
356  81
5502  66
4308  70
1203  79
1682  74
1249  79
76251  71
2905  71
318  86
2294  65
32  78
333|5
32  55
3752  59
3616  61
3615  58
3646  46
334|20
3646  71
1196  77
1580  64
1291  74
3996  70
589  72
30810  66
4027  71
1  72
64957  64
1625  67
50601  58
44195  74
27416  64
6867  67
2997  73
293  74
480  68
5378  58
51935  69
335|6
51935  69
592  69
356  82
296  83
2699  61
2001  67
336|12
2001  89
1  87
38798  77
33660  85
1784  82
2001  75
2268  84
293  88
1625  82
4886  85
50  92
150  85
337|16
150  100
47  92
16  91
805  85
1393  85
266  81
667  74
168  75
784  72
65  69
110  92
708  81
25  84
1356  89
277  77
786  76
338|8
786  61
190207  61
190215  61
190219  61
7153  74
593  75
187541  60
185029  64
339|20
185029  80
5445  80
84152  83
96079  82
106072  76
69122  80
5617  83
41285  78
56869  76
48322  81
65216  79
91630  79
86504  79
91529  85
83613  72
4993  89
3470  80
102407  75
2028  88
5952  87
340|28
5952  71
110  80
150  77
153  60
161  74
165  72
185  62
208  60
253  73
288  68
292  69
296  84
316  67
318  88
329  68
344  63
349  72
356  83
454  72
457  80
480  75
589  79
590  76
592  70
595  75
648  70
780  69
1356  77
341|11
1356  72
3624  69
130087  73
1370  74
135137  70
117529  71
5459  66
45672  69
1  82
47099  80
4025  66
342|14
4025  59
2598  56
2881  59
2369  55
1268  66
2605  57
2599  67
1198  78
3157  56
3826  48
2428  53
2827  51
3863  58
1959  66
343|12
1959  89
3000  82
48394  79
4226  86
4878  83
3993  72
2571  85
1617  84
31658  82
55363  78
55820  81
296  87
344|14
296  76
380  70
316  68
2628  64
4226  83
2571  83
4014  72
2012  70
4034  80
260  84
2541  70
4973  85
5418  77
2712  71
345|13
2712  77
2539  69
926  82
5902  84
8810  67
344  67
5707  73
2366  76
56949  71
3649  68
6658  73
3489  76
412  75
346|20
412  70
778  80
608  82
6711  80
6286  71
306  77
7323  71
307  75
3535  75
1212  78
357  70
3949  78
714  72
7937  70
7396  72
5878  75
1120  71
1131  74
3627  71
7115  68
347|9
7115  63
590  76
39  69
150  77
454  73
380  70
587  71
317  66
457  80
348|11
457  100
2324  93
4368  70
1213  96
6016  93
2959  97
6893  86
4973  96
1221  96
1960  85
2019  94
349|8
2019  73
161  75
589  81
381  74
349  74
231  65
588  78
509  73
350|8
509  63
7  61
637  61
648  68
733  70
12  55
858  84
661  66
351|20
661  70
87222  69
73344  74
52579  69
2231  77
88744  74
43836  66
79132  82
597  71
58559  84
12  58
8914  74
8950  78
63082  79
6214  74
90376  73
84152  77
480  75
4878  81
1193  83
352|20
1193  75
71745  66
1801  75
34319  72
2600  78
65682  74
1080  81
79695  69
110730  65
38038  78
130490  71
97752  76
1214  82
94864  71
41566  74
56587  73
44191  82
114935  77
59315  79
47610  77
353|18
47610  66
25  72
267  64
216  72
367  66
288  68
144  69
186  60
333  75
266  69
112  68
198  70
234  60
145  66
293  81
158  60
163  73
296  84
354|20
296  78
4306  79
2692  81
3147  83
47  81
903  81
733  74
3977  59
1225  84
35836  73
648  71
44191  80
8665  76
1917  63
7147  78
1923  75
589  81
2959  87
4718  64
1196  85
355|6
1196  72
1580  75
3035  81
3175  77
317  70
916  84
356|20
916  82
52435  82
52975  78
7122  75
44889  75
1641  81
2706  76
4011  88
802  75
7323  78
2502  87
56367  82
1223  87
55118  83
3949  84
3996  82
1246  85
1466  80
223  83
7153  89
357|20
7153  74
8998  74
27329  74
2804  83
595  80
529  81
4663  71
4091  74
1224  80
1242  85
34  78
208  65
58559  88
6296  79
30793  70
1042  71
2100  69
551  77
471  76
2067  84
358|9
2067  66
605  61
5066  66
52328  69
2226  66
42728  66
7361  80
69844  73
36525  60
359|15
36525  55
1092  62
1101  64
51412  59
648  65
296  79
1097  71
2396  71
2424  61
593  79
2701  47
2942  57
1682  72
2530  59
4995  75
360|5
4995  67
1620  65
1488  66
1711  64
1414  65
361|20
1414  69
1580  64
377  64
1552  57
49272  73
1263  71
53125  63
589  73
49822  64
8360  66
318  81
2529  71
5218  67
6188  64
2422  48
3082  61
1732  73
1370  64
46972  61
7458  64
362|20
7458  88
592  77
6539  85
51540  82
5989  86
637  71
70  79
7153  90
1252  90
44665  84
407  77
6874  88
2959  93
1196  91
1208  91
8961  85
48516  91
7438  86
356  90
1201  90
363|6
1201  56
1732  73
1517  65
296  77
653  57
318  81
364|5
318  92
9  71
783  74
376  72
1  85
365|20
1  59
81229  54
128975  51
6874  64
90345  54
158872  54
129354  50
103075  51
135536  48
70286  60
112852  63
76077  52
112818  54
1777  54
6502  61
155820  50
541  66
95720  48
93270  45
135569  54
366|7
135569  79
59315  77
33794  79
91529  80
2028  83
122882  77
7438  80
367|20
7438  83
3061  77
1270  86
1287  83
486  73
3536  76
3824  67
2384  68
3072  78
898  89
3618  76
3225  72
2248  82
3157  69
3969  78
3717  71
1259  85
4023  69
1196  89
1258  88
368|20
1258  57
2112  54
1944  61
2986  49
3869  60
1214  66
2947  64
415  49
3035  64
832  57
50  72
2819  61
1801  59
2490  58
1917  50
1391  52
2193  60
225  58
161  61
2881  54
369|20
2881  71
785  64
47  75
2706  65
839  58
377  66
52973  69
743  52
4214  59
5418  72
3863  60
1372  64
27904  70
60069  76
2857  63
1967  73
150  72
2011  67
1580  66
3174  67
370|19
3174  77
4878  76
8961  73
6377  75
2628  59
1748  74
2116  64
589  75
2329  79
7438  74
3977  53
1676  64
593  79
4973  80
4226  78
1240  73
1089  79
8636  72
2716  72
371|9
2716  94
112512  81
1258  93
4090  82
56715  87
3000  91
4226  94
4993  94
1748  90
372|20
1748  64
924  73
318  82
1603  56
1479  62
589  73
81  61
387  59
616  67
337  68
1220  70
1201  77
165  66
1243  72
1258  76
377  65
1401  64
450  62
1206  76
1306  61
373|20
1306  66
60  61
169  54
350  64
585  55
44  51
371  64
163  67
616  67
198  64
265  68
25  67
6  74
733  67
47  74
2  65
736  60
305  59
357  66
141  65
374|7
141  85
208  61
1219  81
480  75
592  70
1258  83
1339  73
375|7
1339  67
1027  69
32  84
2628  67
3256  75
4226  87
500  73
376|20
500  72
2002  69
1214  85
1101  74
2916  80
33794  84
1198  91
349  78
1371  71
376  72
1240  83
1375  74
4993  89
858  92
457  85
4226  89
5952  87
344  69
2763  79
2797  81
377|20
2797  76
2793  66
1262  87
2791  84
748  73
1345  76
5027  74
5113  76
27692  76
3421  83
6021  76
3364  77
2072  72
8641  81
2163  71
92760  76
2858  87
1503  73
2124  75
2015  76
378|10
2015  78
7153  84
48516  84
3114  78
858  87
68954  81
91529  80
71535  77
90600  71
364  81
379|8
364  87
377  70
19  57
292  68
480  74
367  65
597  70
344  62
380|20
344  73
172875  73
172881  73
172887  73
355  58
6979  74
5476  67
2735  66
68194  75
63433  73
72356  77
105731  71
1833  69
551  76
6731  76
27831  79
1665  70
393  66
140956  74
2791  82
381|20
2791  70
1088  70
3253  71
185  62
317  65
27808  69
1240  77
19  57
3753  69
4321  69
72011  73
3082  68
333  75
2140  73
1385  62
2273  66
1208  84
457  79
104  69
2716  76
382|20
2716  85
142372  68
135532  68
1201  83
112171  70
1198  85
912  84
81847  75
4638  62
63540  62
1681  64
170289  70
103042  68
72737  73
2496  68
357  72
81537  67
59501  71
101362  64
4890  67
383|7
4890  75
2541  71
2496  69
1584  75
2558  62
1246  81
903  82
384|14
903  67
1388  58
2683  59
2502  75
4333  60
3098  67
4396  59
457  73
358  58
968  68
2724  53
296  77
3991  58
1204  78
385|20
1204  61
1080  73
249  69
1219  75
1036  73
1136  78
282  62
1073  72
1200  75
1228  76
1022  67
1007  60
1201  78
1246  74
344  58
589  74
1023  66
1287  72
594  69
1303  73
386|14
1303  68
410  53
112  55
165  60
223  66
648  58
185  50
608  71
485  52
305  53
44  44
585  49
349  60
10  59
387|20
10  63
5156  63
5780  63
7336  63
26124  63
40966  63
2712  63
5062  64
1247  73
5489  63
4195  64
7132  70
2946  63
1387  74
3000  73
51939  60
4995  73
912  77
7938  63
1783  59
388|6
1783  69
63239  69
33615  68
86298  66
62999  70
8360  72
389|7
8360  84
140  77
628  83
762  64
743  66
95  71
32  90
390|17
32  70
64957  72
4239  76
5220  64
1193  84
2571  83
9010  73
2291  77
5296  64
4226  84
7254  73
6377  81
63062  73
1206  83
2329  84
4014  72
1784  75
391|20
1784  70
500  69
3994  71
1213  84
516  69
199  73
4027  78
150  76
1408  77
4014  71
1527  75
1059  74
2916  74
4973  84
357  71
555  76
5026  77
4936  70
1210  82
3067  70
392|5
3067  61
2858  79
707  61
1198  83
1125  71
393|20
1125  71
102125  72
48394  76
36517  72
8636  76
110102  75
44199  75
5388  69
54259  73
4848  79
5669  76
1291  81
68848  71
86190  70
2571  83
1206  82
122892  71
106642  78
1625  74
106489  69
394|5
106489  69
316  61
344  56
225  64
457  73
395|13
457  62
1025  68
296  78
160  55
208  54
173  51
485  58
355  48
520  59
595  69
126  56
48  59
367  59
396|6
367  78
1597  60
1777  66
44  52
204  54
2081  69
397|5
2081  75
8645  75
1701  76
8228  73
6993  76
398|10
6993  75
1197  90
5971  84
7022  83
1198  90
60069  86
2455  76
1136  89
48516  89
82459  81
399|8
82459  85
110  80
5445  74
1196  83
593  83
480  75
1270  80
2194  78
400|9
2194  90
356  90
2571  90
2959  93
7153  90
1221  92
3578  87
858  93
59615  70
401|15
59615  79
6297  70
55768  66
48982  69
166461  69
49274  60
50872  75
32031  65
79091  71
170939  67
38038  73
8360  71
3114  75
33615  66
1136  81
402|10
1136  84
597  76
52  76
329  73
296  89
586  68
315  68
1036  83
434  67
527  88
403|7
527  79
2427  66
3210  71
296  83
61465  68
1663  74
180  70
404|12
180  56
349  69
474  71
34  70
364  77
508  71
105  65
593  80
509  68
277  62
315  60
185  59
405|20
185  75
293  85
7254  78
37731  77
2959  91
345  79
1213  89
7134  75
64614  83
6023  74
1241  79
2329  89
1247  85
3052  79
68237  83
1199  88
27592  77
27664  75
3418  77
1215  87
406|5
1215  60
135  58
56949  64
46972  64
724  62
407|5
724  84
2959  87
6539  79
1240  79
54286  75
408|20
54286  93
122904  85
44840  75
165101  74
6618  83
1291  90
1210  91
89745  87
1278  90
7324  78
44  65
8641  84
115210  82
103596  72
68554  77
2571  91
109487  88
63131  80
80489  84
4649  81
409|20
4649  65
2490  74
2028  86
3812  74
1278  84
2997  83
296  88
1078  73
3016  71
1073  81
2683  69
2289  81
3846  73
912  87
2013  70
1911  64
2352  77
1230  82
2541  73
3174  75
410|20
3174  76
3224  81
318  94
2302  73
4002  80
1060  81
4297  76
3263  71
1859  76
111  88
58  84
2145  74
3255  78
2321  76
3504  83
3948  76
11  80
4019  81
3  73
597  77
411|20
597  71
261  72
586  59
432  53
353  72
431  71
194  68
318  85
272  71
515  70
356  79
266  65
257  67
349  68
10  67
31  62
344  59
227  57
455  51
122  58
412|20
122  69
2384  65
2915  74
903  83
608  86
2720  55
2858  84
1883  69
1307  80
1214  82
1784  77
2239  81
1  82
930  84
1136  87
2710  62
915  78
2398  80
17  77
1079  83
413|12
1079  81
1198  95
3753  80
2424  76
593  94
128360  85
4993  93
16  89
5574  82
3948  81
64957  81
2959  97
414|20
2959  67
4666  67
5285  67
5635  67
6033  67
6493  67
6563  67
6628  67
6797  67
48319  67
58879  67
169992  67
3802  63
3599  67
1600  68
8666  51
4975  68
7444  66
4081  65
177593  78
415|19
177593  88
1213  89
4321  74
3507  82
4308  77
47  84
1021  61
111  86
2617  69
1276  87
3861  68
4369  68
99114  83
1221  89
63082  83
1234  84
45722  77
1197  89
175  82
416|11
175  69
5951  54
531  55
1296  61
1199  70
1721  57
830  54
1206  70
7323  60
4848  66
3677  61
417|14
3677  89
4995  88
4975  78
7254  80
1198  93
106782  87
27773  86
168250  81
1625  82
7153  91
74458  86
110102  83
48394  84
4878  89
418|19
4878  82
296  83
63082  78
104374  74
1276  82
1136  82
117176  72
1573  68
137337  70
1682  75
5816  73
88125  75
74458  76
367  64
89745  78
45672  65
87869  72
7361  83
54001  76
419|20
54001  72
111  84
46976  77
27822  67
2858  84
319  75
6287  67
3578  82
1213  87
64969  75
47  82
79592  71
34319  71
89580  72
60756  75
27704  72
90943  72
2412  57
1240  80
52245  69
420|20
52245  74
4993  85
45499  71
923  82
26693  72
48385  71
1927  78
5608  76
2052  66
6934  67
7022  80
3979  61
59295  72
2329  86
54259  75
1131  77
2762  80
4973  87
5669  78
527  86
421|8
527  84
909  79
5008  80
953  83
1178  82
2313  77
2478  69
1203  84
422|19
1203  61
2710  55
4947  66
4971  65
5039  69
4925  65
2581  60
4916  64
1265  75
2804  74
3053  70
2665  65
1283  77
4835  66
2908  71
3943  64
1213  80
2670  68
858  82
423|5
858  81
110  81
2194  80
5349  74
1320  68
424|20
1320  82
141  70
2804  78
40278  73
608  82
108729  69
293  80
69122  73
1092  66
54503  77
58559  83
3186  71
66097  73
778  81
5679  67
3176  71
2288  77
2174  71
71668  70
112556  75
425|20
112556  66
377  69
2329  81
733  70
6  77
1645  68
8368  78
2081  71
4306  76
1680  71
1909  68
367  63
46723  69
1625  72
1036  76
4901  68
750  84
2353  67
1342  63
145  63
426|18
145  67
150  74
471  69
337  72
54001  75
1197  82
6378  72
72641  71
4886  75
8644  67
37729  71
597  69
5444  72
91325  66
588  73
3247  61
4022  72
79091  72
427|17
79091  57
5463  56
5015  64
110  74
58  72
5528  66
6348  62
5312  61
2710  53
5696  62
4993  77
5266  58
2683  60
5400  59
5816  69
1208  78
5574  65
428|20
5574  42
2762  62
3827  49
1089  68
2953  45
2916  58
1380  51
1997  61
3440  41
4022  59
317  50
4255  45
1208  68
1391  49
6377  64
2581  48
260  68
3285  48
588  60
653  48
429|12
653  78
421  76
150  85
225  79
165  81
266  77
329  76
252  77
279  77
317  74
237  76
204  67
430|12
204  81
2987  74
3745  71
6287  65
2858  82
6365  69
2571  83
4447  68
4014  72
329  69
2076  77
4446  71
431|5
4446  52
1625  67
1376  64
3948  63
802  62
432|20
802  56
5630  70
6870  75
8640  64
6539  77
3916  74
5989  79
84189  70
110  80
35836  71
4886  77
2762  78
1206  82
49272  80
19  58
318  88
58559  84
69481  78
7158  72
33660  76
433|5
33660  74
1089  79
50  80
5299  61
110  75
434|20
110  84
3147  82
1090  79
1265  79
5989  79
1101  69
1779  64
586  63
344  63
3863  65
1208  85
3160  76
589  80
780  70
6796  75
2791  78
4226  83
2194  79
8665  76
1291  82
435|9
1291  76
44191  86
485  71
3510  77
34405  86
2302  74
158  66
82459  83
48780  86
436|20
48780  54
435  47
440  67
432  52
161  69
480  71
377  67
531  63
536  64
502  54
364  76
235  68
371  65
344  58
2  66
585  56
450  63
587  66
437  58
227  56
437|20
227  70
318  91
5  65
640  66
1299  80
1120  76
1396  75
1246  82
454  75
1171  74
1225  86
1183  76
1097  79
1307  80
1268  75
592  73
198  73
155  65
112  70
246  83
438|20
246  64
2501  73
8966  67
27801  73
1527  73
6711  79
3898  64
1784  72
8644  68
6367  65
2424  63
3889  60
223  76
1517  70
7361  82
2641  62
5009  67
2617  63
3753  68
2393  65
439|5
2393  84
4022  75
7153  84
78499  81
1240  78
440|7
1240  71
541  84
29  80
1653  81
1274  79
3174  73
1235  83
441|9
1235  89
2683  75
2959  96
4306  88
260  93
296  94
51255  90
47  89
68358  87
442|5
68358  52
2881  43
1186  50
3752  44
4361  49
443|8
4361  87
79132  85
296  87
48394  79
106487  75
108190  66
7153  86
63082  82
444|9
63082  84
592  71
208  61
21  73
111  83
110  82
235  73
296  86
344  64
445|16
344  81
590  75
34405  78
47  79
116897  74
780  68
4011  81
899  80
593  82
33794  77
1080  77
45722  71
17  73
1230  78
306  77
2710  58
446|17
2710  62
339  64
300  65
296  78
480  69
368  65
288  62
172  54
17  68
16  73
357  65
150  70
434  57
153  54
648  64
593  77
337  68
447|16
337  77
293  87
337  81
531  74
382  71
589  86
552  72
253  79
362  78
532  71
292  75
31  73
474  80
540  67
442  69
160  67
448|373
160  58
3284  58
3933  58
6302  58
6476  58
7245  58
48262  58
49688  58
75803  58
75816  58
78116  58
79590  58
86593  58
92198  58
98908  58
100326  58
102819  58
104760  58
108715  58
109191  58
111680  58
113416  58
116207  58
116985  58
129657  58
130083  58
133377  58
136654  58
138546  58
142424  58
151777  58
152658  58
157130  58
158022  58
161290  58
164375  58
53996  58
136778  58
5418  64
288  55
88356  52
2580  66
155358  58
2889  61
4034  68
148888  55
81156  62
2713  50
103335  60
95441  55
34048  54
80126  54
3057  58
1057  59
2794  51
33830  60
8665  63
6059  59
110553  50
90374  60
151501  58
3764  53
6143  58
103819  54
4361  60
104913  60
3986  50
5528  60
1196  71
105351  56
83349  55
3276  58
1090  66
5349  61
587  58
106330  55
4677  56
95508  58
109895  53
110611  58
671  58
2289  65
152077  61
80693  55
111360  51
170  57
87444  57
94323  57
8493  56
3671  66
91653  58
4981  58
2991  62
78034  58
119145  65
5099  54
4299  55
2567  52
6996  45
109864  54
6582  56
73017  64
370  52
543  56
115617  64
590  64
154065  58
5553  57
41569  56
3286  51
6645  62
589  67
1920  51
2857  55
111663  57
78499  68
2657  56
6537  54
1148  69
46974  54
48516  72
80241  57
445  54
4262  65
3689  50
114935  61
6428  58
127194  58
109673  55
127096  59
89388  58
4156  58
3793  63
33679  56
2014  54
64285  60
3968  53
49530  62
3450  56
160563  56
5502  56
8169  60
6314  55
122490  58
3386  60
140725  58
4896  64
2642  45
127136  59
2763  61
2520  58
457  67
48783  59
3263  53
5400  53
5541  55
4011  70
58351  58
127132  58
152091  58
3698  56
435  40
4799  53
84152  65
3401  53
2858  69
3174  60
7076  61
106542  58
6218  56
2860  52
1283  69
3618  59
2616  52
90439  60
2404  45
4660  58
2530  51
26386  58
4327  59
3030  65
71464  58
32  68
91529  67
4158  51
99114  66
98585  58
93326  51
2268  64
80489  63
130576  54
105504  66
2791  66
50601  52
7007  57
4234  56
3623  46
80727  59
78467  50
8641  63
4128  62
106782  67
2537  53
112138  60
3247  51
112818  59
2027  47
3101  53
5779  58
82202  53
1704  69
98296  58
6863  57
89305  57
4203  58
1201  71
6212  50
637  51
84954  54
6814  58
94864  55
67695  57
159077  58
92439  59
6812  55
3156  53
802  57
118354  58
134130  65
138036  60
65135  58
52975  60
4368  47
90717  58
45722  60
79259  58
68157  69
4233  48
74458  65
3258  53
1262  68
3949  67
101025  53
69526  46
1831  44
1083  57
1884  67
1476  60
156609  55
3755  54
111659  51
4734  54
161  61
95201  58
135887  58
2598  51
87232  63
4634  60
5334  56
5459  50
146730  58
72694  58
157432  58
132488  58
4558  49
1375  56
6424  58
71518  58
2716  64
94780  54
3593  37
129354  55
158  47
1409  48
6514  58
2881  54
51662  63
90522  56
68554  56
2126  51
122932  58
93510  63
137857  60
125916  53
2953  49
2090  57
1760  40
480  63
58803  60
2109  58
50792  55
46062  52
85510  56
80864  58
112171  58
122900  61
2587  56
1527  63
117529  56
4993  70
92264  57
5247  51
533  52
912  72
26464  58
2249  58
4678  57
103772  58
114601  58
96861  56
420  46
59615  50
2349  60
109372  57
95207  54
348  61
19  45
136020  54
4502  51
91094  54
138208  57
3511  52
79428  58
2643  40
109183  58
2139  61
4212  58
5942  56
96417  57
112852  68
99728  58
89470  59
142448  57
64983  56
2640  62
2046  55
4881  63
3882  48
3744  50
1032  59
116799  59
5  50
4040  47
157407  58
2115  62
1617  69
4367  50
105254  58
3388  50
3760  59
2146  58
2968  64
6281  54
466  48
96448  55
86332  61
64969  60
115170  58
1036  66
3397  60
2474  59
1408  65
155743  58
106920  65
8542  58
120466  58
2051  53
7143  65
7150  53
89087  53
34150  49
2253  47
2973  63
449|8
2973  57
2502  77
4034  75
1222  77
2770  56
762  49
2011  67
2324  77
450|11
2324  63
589  84
110  85
3363  81
3535  81
3948  75
3409  67
1035  84
3568  75
358  69
1259  85
451|7
1259  76
593  87
7  67
5  66
494  75
25  75
17  77
452|20
17  80
2858  98
2617  82
5292  90
1206  99
1676  85
3219  83
47  97
3101  82
163  90
1092  84
1917  79
2126  80
1356  94
552  82
2628  80
1200  97
608  100
2707  85
3273  74
453|20
3273  67
858  94
2335  76
4022  82
3618  78
1617  89
3452  74
1357  84
112  75
2671  78
1884  86
1894  70
2294  74
318  96
1614  69
3534  75
2959  93
798  71
5266  72
780  77
454|9
780  83
2692  79
7116  64
55820  77
6016  81
27773  77
2160  80
2858  80
26131  74
455|12
26131  73
432  55
367  64
590  74
253  71
364  79
555  74
252  67
110  78
225  69
588  74
597  69
456|9
597  72
634  71
135  67
5  68
724  71
780  75
733  78
260  89
706  75
457|10
706  67
3593  48
2692  79
1356  76
223  76
2394  69
2701  50
3608  64
733  72
2094  66
458|12
2094  79
185  70
10  79
380  78
95  70
454  80
300  79
595  83
153  68
587  78
150  84
552  73
459|6
552  87
5618  88
8961  83
48780  85
50872  83
260  89
460|17
260  76
4886  84
4703  75
3831  78
1441  79
4878  87
3483  72
8970  80
1  85
49272  86
40815  83
85414  77
68237  84
76093  84
47610  80
63082  85
2571  89
461|6
2571  68
2762  69
1036  69
91500  61
3578  70
539  62
462|20
539  64
89090  64
164655  64
188189  64
1136  77
1219  74
158966  71
1248  76
508  68
1653  74
1674  67
8917  64
8620  57
3424  73
2146  64
7044  66
3814  72
1213  78
82857  64
26131  68
463|7
26131  83
2028  85
4310  67
3753  72
2006  67
1092  69
5995  82
464|20
5995  72
58025  67
63853  67
296  86
2019  84
3527  75
5254  69
7007  71
1101  70
1779  65
377  73
1653  81
55820  79
648  72
33493  72
1610  79
65088  72
74727  72
1617  83
62374  72
465|20
62374  81
2987  80
1200  87
3448  82
5060  84
1299  85
3703  85
3649  71
1625  81
292  76
904  92
3101  72
1754  79
750  93
1256  83
593  90
3732  77
3740  85
3334  83
377  78
466|20
377  81
30793  70
79091  79
92259  86
5989  83
5459  67
318  93
63082  83
59784  74
5010  81
74458  82
6281  71
5952  86
8529  72
64716  80
68954  85
4993  87
45447  70
81845  85
55247  82
467|22
55247  74
58  78
389  70
466  61
527  84
593  83
780  69
1183  74
1233  82
1357  77
1365  71
1408  78
1721  70
2028  82
2125  75
2324  82
2334  65
2384  63
2390  73
2393  67
2394  71
2493  70
468|7
2493  69
349  71
1  78
317  65
296  84
32  80
165  72
469|20
165  70
3832  70
3507  77
3032  74
2736  73
2132  75
1958  75
910  80
1090  79
1485  64
1388  65
2321  70
1234  79
2081  73
1193  83
36  76
2908  75
909  76
2023  71
3255  72
470|16
3255  72
318  88
110  80
588  76
282  67
5  62
597  71
32  80
595  75
592  70
500  69
26  72
356  83
357  71
434  63
300  71
471|6
300  82
8874  80
527  83
1  78
8360  72
7147  76
472|6
7147  87
3450  72
3298  78
2840  64
1221  88
858  90
473|8
858  73
2959  83
60  64
7147  74
6281  64
3897  76
48322  72
2596  69
474|422
2596  66
2179  66
2697  66
4046  66
5114  66
5311  66
5353  66
5455  66
5601  66
6201  66
6273  66
6382  66
6407  66
6592  66
6912  66
7702  66
7826  66
7832  66
7839  66
8057  66
8446  66
8458  66
8459  66
8611  66
8650  66
8774  66
8938  66
1466  71
6708  70
2940  70
2616  61
2334  61
7139  70
4218  66
371  66
750  82
2935  69
8645  70
5481  58
6370  71
25865  66
2553  67
912  80
2467  71
5548  67
7301  69
52967  66
5945  64
480  71
1983  61
3462  69
1068  66
8600  67
6650  69
8482  66
6791  71
4016  70
1784  71
3668  69
3977  54
8961  74
4160  68
30820  66
6984  66
2750  65
5034  63
7716  66
2612  66
4419  71
1300  72
4187  68
1187  65
6565  71
272  71
5440  66
25937  66
1099  64
3125  66
5826  66
5649  66
7256  70
4912  68
6016  78
1208  81
2083  72
3385  65
2310  66
3360  71
3163  68
1413  67
4081  63
1643  67
968  71
2116  65
26965  68
5954  72
1263  74
5116  66
3536  67
8778  66
63433  65
2952  68
318  85
3394  62
1200  76
3384  71
4356  70
932  72
7698  68
516  66
4873  71
48385  65
39869  69
1902  66
2641  61
7036  64
2181  67
4638  58
31116  68
2455  67
2146  67
628  69
3897  75
1030  60
4022  71
344  59
3196  71
92  59
237  64
6770  66
3259  65
3368  66
26151  67
1293  71
34072  69
3044  69
1639  70
5944  63
6539  74
477  66
7361  81
55687  66
58  75
4014  68
3467  68
8154  70
4191  65
2134  65
4644  68
4293  65
5013  71
1399  64
1196  80
2918  74
5899  68
4465  66
100  60
361  62
3341  71
8921  66
195  65
3789  66
4709  66
1588  63
3468  77
4678  66
2723  65
2118  71
1939  72
7019  65
3147  78
1792  62
33903  69
1682  73
41566  67
1693  66
1957  71
5021  67
2313  71
3870  66
948  70
47099  73
3447  67
6614  66
216  68
5619  66
3987  59
5060  74
3111  70
45950  69
32584  64
5525  66
2567  61
5956  69
7  60
1172  76
3217  66
8331  66
587  67
5238  66
1189  71
2416  64
832  66
3095  71
7386  68
1223  78
7058  66
5246  62
5418  73
27803  72
26  69
4002  71
1135  65
45  66
6945  69
2411  58
2520  66
7347  66
5375  66
5673  70
3039  71
7833  66
33781  66
720  77
2103  64
33154  70
608  79
1327  58
101  72
7061  66
5451  64
5682  66
5434  67
6609  66
31658  75
4578  64
2009  66
4704  66
7572  66
4929  63
3306  68
6334  66
5379  71
5437  66
42418  66
4128  70
7451  72
2786  60
2243  67
27846  71
6197  65
3264  54
3608  62
5603  68
6124  66
1222  79
1663  72
3566  61
3755  63
2628  60
4815  63
2089  67
7102  64
27706  64
7013  70
1348  68
45666  58
5755  64
4055  70
2058  65
4462  62
1544  56
2405  60
4998  66
273  59
1977  62
1732  77
7822  66
7073  66
41527  67
4787  67
1676  65
3708  64
6669  68
317  62
25940  66
971  72
7366  63
3115  69
7026  64
2710  56
50685  70
2114  71
3809  66
3516  66
2770  57
535  65
4878  77
5992  73
41997  70
1083  65
4487  65
7293  69
1016  65
2006  61
1007  62
4993  79
3412  68
5007  66
3929  65
6639  65
8712  66
1876  59
3546  66
34359  66
7579  67
7325  66
6837  66
2634  65
7753  66
8943  62
8385  66
4308  69
3246  73
3745  67
1148  78
42002  66
50740  68
3952  64
1927  72
7581  66
910  77
3948  66
54881  72
1284  75
4007  70
5341  66
3675  72
52975  69
6244  66
965  70
454  69
1247  76
7215  66
1282  73
8207  72
6242  66
6502  75
4509  66
3528  67
2391  70
4262  73
4039  64
42018  61
3271  71
976  66
48394  73
5384  66
5168  66
1358  71
6534  55
8773  66
2384  59
48780  76
1269  73
4600  67
2642  53
111  78
933  77
3578  76
5297  64
944  67
6020  66
2123  60
748  64
4896  73
5380  70
53953  63
3712  65
25996  66
1997  73
4464  68
4085  67
51540  72
2707  64
2069  68
6710  68
1488  64
6378  70
928  74
3038  71
7116  61
44511  66
594  70
1962  69
421  64
4316  63
2761  75
4823  61
892  69
1345  66
5294  72
1408  74
6579  68
3272  67
3421  73
3844  68
6787  74
37736  67
2249  67
1610  73
2468  57
3498  71
4902  69
6268  67
5225  73
5404  70
929  66
25999  66
7835  66
805  69
4126  67
475|20
4126  92
4993  97
87232  90
40815  92
5816  89
8644  84
81564  87
4701  83
81834  93
6564  73
68791  85
111759  93
7153  98
1527  90
71530  79
4896  91
106487  86
112852  95
3578  94
82461  83
476|14
82461  77
34  76
380  73
158  62
153  63
586  66
440  75
364  83
378  70
357  74
224  75
165  75
296  87
11  77
477|20
11  76
913  84
3100  80
2105  72
1271  75
1207  84
70687  69
2174  75
45672  69
4571  77
3973  67
4226  86
1103  81
5291  77
348  76
3593  52
1  82
1274  81
6502  81
59615  66
478|5
59615  55
3114  70
594  66
1584  65
1101  61
479|20
1101  65
4488  66
524  66
1025  69
3707  59
1220  72
4010  64
3244  67
3526  67
4092  64
1968  72
4700  63
4003  65
3671  73
2671  66
341  65
2012  66
2542  76
454  68
2384  58
480|20
2384  64
2700  71
8533  68
2193  66
2797  69
3484  58
2571  77
1210  77
2596  66
8866  61
47610  68
6306  67
5379  69
2018  65
7153  77
3911  68
44191  73
38061  75
5673  68
380  64
481|7
380  59
1687  58
1629  59
1729  65
1620  57
1597  56
1485  55
482|20
1485  71
8985  62
1036  76
474  72
1042  65
4389  69
780  68
27706  66
3211  69
1610  76
4367  60
1374  75
1220  75
1602  64
653  63
592  68
30812  71
4862  66
8361  62
8529  66
483|20
8529  70
783  69
2541  70
2959  87
109971  70
45722  73
1199  83
50872  78
2000  76
4306  79
69757  75
2683  66
2273  67
1588  67
109487  80
66934  78
1721  70
2328  67
68522  70
8972  71
484|20
8972  75
1438  67
6155  73
6944  76
2706  75
33166  83
6874  86
3697  71
1059  79
76293  73
919  83
2762  83
1821  71
837  75
5810  73
1753  78
3254  74
4718  68
2413  77
3646  60
485|5
3646  81
161  79
253  78
292  74
231  68
486|12
231  71
47  87
110  87
153  67
474  81
95  69
288  75
329  75
161  81
318  95
292  76
6  86
487|12
6  63
8961  65
318  76
1198  73
31658  67
1197  73
6539  65
5445  62
116797  66
4027  66
8874  68
86377  66
488|20
86377  81
838  76
608  84
1223  82
26  73
5135  74
2109  71
7720  68
7303  73
4014  72
5995  80
457  80
105  69
1136  84
272  75
1269  78
3176  72
1278  82
1125  74
910  81
489|20
910  60
86000  60
4848  68
736  56
8387  49
4700  57
45666  51
4720  64
2683  55
2021  62
2389  47
1619  59
950  62
58559  74
2236  57
2167  58
1616  55
247  68
376  56
2717  53
490|20
2717  71
89492  66
81591  63
91077  67
60074  56
5816  65
4144  68
54001  68
1  69
1784  65
7153  74
4993  73
89759  65
86320  61
60128  61
76251  64
8368  70
69122  65
2006  55
78499  71
491|13
78499  89
69757  84
7293  82
27808  79
4246  84
3948  80
104374  85
86833  84
140110  80
8529  77
180231  80
4306  88
88405  75
492|20
88405  76
784  69
628  83
858  96
852  75
64  75
990  76
830  76
743  66
62  82
52  81
1499  59
66  71
1210  92
881  73
1474  67
1405  72
724  75
1047  77
65  67
493|13
65  67
4444  68
2916  72
1275  74
2571  80
1527  73
2028  80
3793  72
2167  66
1215  79
4701  66
2924  75
260  81
494|5
260  86
4498  70
3578  82
2028  85
1210  85
495|20
1210  77
115149  84
1259  87
1721  77
136562  78
80489  83
19  65
50872  84
231  70
102123  76
52319  78
7254  80
7360  83
8528  82
1645  78
46578  87
30810  80
2918  85
148626  85
56775  75
496|6
56775  79
99149  66
858  81
904  80
8865  58
114713  65
497|11
114713  76
112556  69
112290  69
1916  65
92259  75
2329  77
112552  73
1258  75
2762  71
5349  66
111362  69
498|7
111362  70
231  70
648  77
10  78
300  78
356  90
316  74
499|6
316  74
2337  71
38304  76
327  65
56286  73
1304  81
500|18
1304  65
2987  64
543  60
2700  68
2542  71
1265  70
2916  65
356  74
3301  63
1784  65
1914  62
595  66
2355  63
3536  61
1885  59
322  63
838  67
720  72
501|9
720  74
62  68
93  61
45  65
3  63
637  59
11  70
18  68
662  63
502|7
662  71
1077  74
4412  65
3469  69
2001  67
2520  69
1777  70
503|19
1777  63
7361  78
4878  74
356  77
91500  64
593  77
527  77
858  80
4226  76
1259  73
1342  59
2877  60
92509  63
90866  68
500  62
441  72
48516  77
2858  74
48394  70
504|18
48394  83
5812  76
2321  73
1  81
3556  78
7153  86
6708  76
1288  85
6927  72
4033  78
4700  70
6565  77
342  70
3408  74
6879  74
4361  75
5952  84
5955  74
505|7
5955  79
4105  80
1029  75
74685  76
273  68
6502  84
54999  76
506|9
54999  65
54272  70
37741  72
56782  78
62293  68
51834  64
49286  66
112556  72
61024  70
507|5
61024  69
266  65
253  69
377  68
593  80
508|5
593  56
2011  55
1952  62
1175  62
898  67
509|20
898  63
130073  63
2028  76
87232  69
33830  65
5313  51
48  58
2090  62
2080  63
6942  69
8907  53
6156  59
5816  68
39  61
3988  57
6807  72
7458  64
1196  77
45447  58
616  66
510|20
616  36
7026  53
35836  57
494  57
1198  71
514  57
457  65
2935  59
858  72
2699  48
317  51
8949  61
2918  63
145  52
1262  66
6787  64
1208  70
372  48
1242  66
40819  63
511|11
40819  92
53953  72
115149  82
164179  82
6534  65
99114  84
92259  87
318  94
2324  87
1653  85
56757  79
512|10
56757  77
150  78
349  74
47  82
350  71
442  65
457  81
50  86
317  67
593  85
513|7
593  82
318  89
2174  72
235  72
1304  79
1220  77
1080  79
514|20
1080  64
5704  64
62586  64
168358  64
180263  64
1704  76
2005  69
2792  63
2013  60
1673  74
134130  72
76093  72
1333  68
58998  70
68157  76
2406  65
3210  66
54503  72
4855  69
1644  46
515|6
1644  88
2028  92
527  94
91529  89
58559  94
2959  96
516|26
2959  84
457  80
480  75
647  71
708  69
1042  66
1090  79
1197  85
1198  85
1954  78
1958  75
2021  72
2259  68
2268  76
3052  74
3471  76
4027  78
4291  64
4306  78
4321  70
4322  73
4333  67
4337  70
4349  71
4361  72
4429  71
517|20
4429  55
53125  47
1265  56
165489  47
97938  51
88744  51
86880  45
4148  40
26761  47
3398  50
1293  52
3988  40
2858  58
4963  54
1204  62
1704  58
47629  50
7669  54
1206  59
46578  57
518|5
46578  64
2657  67
783  67
1876  61
6365  67
519|6
6365  89
356  91
140110  78
6378  81
7445  79
1968  84
520|20
1968  74
318  93
1049  75
59315  81
4995  85
32  85
2716  81
4333  72
1291  86
1732  85
4085  75
2723  73
3081  76
3994  76
33493  75
135  66
2393  71
60516  72
2406  76
1584  78
521|8
1584  70
112  69
86  77
104  71
58  80
79  63
52  74
852  68
522|20
852  79
81932  76
89492  76
63113  70
2959  86
1193  83
1375  69
4993  83
223  78
27611  75
76060  70
180  71
59315  76
1617  82
10  71
67255  78
2023  71
6187  75
318  89
127098  74
523|15
127098  95
8970  88
5989  93
318  100
91529  93
1721  84
293  95
65261  91
4270  78
3147  96
27731  87
134130  92
31696  83
527  98
101962  84
524|20
101962  75
150  74
552  63
748  65
344  60
442  60
253  70
1225  80
20  59
589  77
1242  78
544  64
173  55
1302  70
380  67
457  77
1020  65
788  55
193  52
466  58
525|20
466  67
317  63
6863  67
8622  70
33004  69
7147  75
2396  74
40815  75
137337  69
1639  71
1968  75
91869  67
45880  68
2100  62
339  67
4886  75
50872  75
86332  70
8983  71
3996  75
526|12
3996  87
55247  81
46578  84
176415  74
1295  71
90430  76
4014  75
2352  78
176413  74
215  81
81845  84
51255  84
527|20
51255  79
3114  86
3210  79
3016  76
2161  80
4571  82
2118  82
3421  84
455  63
2867  81
2450  61
1909  78
1214  87
4299  75
736  74
2477  77
588  83
4016  82
1259  88
2533  74
528|15
2533  71
2278  65
80906  70
4037  65
1240  71
64614  71
3821  50
150  70
1291  74
80463  71
593  76
99813  68
85342  67
48516  77
58559  77
529|5
58559  62
135  59
65  55
62  70
733  70
530|6
733  72
500  72
300  74
586  66
593  86
11  77
531|5
11  85
590  77
919  79
480  77
1215  84
532|10
1215  76
4863  78
457  86
290  82
1245  87
1242  87
2023  77
2329  90
1304  85
517  75
533|8
517  89
6502  87
79132  90
46578  89
93840  85
4973  94
2455  80
66934  86
534|20
66934  75
97913  80
94953  75
2003  77
2167  74
7569  80
153  65
1485  69
65514  79
104218  74
344  68
2571  88
5445  80
95875  73
112818  76
82461  74
96610  79
2987  78
138036  78
1566  76
535|6
1566  73
2581  55
2700  67
2688  56
2583  67
2882  58
536|8
2882  72
272  71
356  79
335  66
225  67
150  73
434  59
589  75
537|10
589  81
367  70
7153  87
53322  74
104218  72
97304  81
6539  82
318  92
89745  83
105504  82
538|8
105504  84
3671  87
80549  85
4039  76
69757  83
5047  78
44889  79
66934  86
539|8
66934  78
6753  71
5218  74
50872  77
88  66
3301  71
4886  77
69122  74
540|9
69122  68
2959  92
1073  83
8874  86
1681  69
2183  78
2841  76
2747  71
1196  89
541|18
1196  74
457  77
413  60
15  63
110  78
595  73
597  69
480  73
356  81
203  67
529  74
357  69
22  66
345  71
546  53
586  61
281  72
350  67
542|20
350  75
30793  63
5299  63
2542  78
34319  66
33679  65
4963  75
5481  59
1997  75
4025  60
3623  56
924  77
4369  61
6378  71
2571  80
7254  70
41566  68
37733  70
7361  82
45517  66
543|16
45517  82
1702  75
595  86
3301  83
231  74
2378  77
2379  71
86882  85
6377  91
588  87
377  82
48385  80
2571  94
4526  77
4388  70
92259  93
544|22
92259  79
3  68
14  72
32  80
40  71
62  73
68  67
95  62
116  69
619  63
626  70
648  70
650  65
694  65
736  66
780  69
839  63
1042  66
1047  67
1059  74
1105  71
1356  77
545|5
1356  61
1267  80
2763  73
1367  63
44  56
546|13
44  79
3328  77
480  73
1970  63
2456  60
1976  58
589  77
2657  67
1673  78
3941  68
3959  68
3566  62
1977  64
547|5
1977  76
2859  76
2917  77
1394  82
1288  85
548|26
1288  74
260  84
356  83
733  73
1196  84
1393  73
1477  70
1621  67
2571  83
2716  77
3263  66
3578  80
3916  75
4776  76
4899  58
5955  71
6874  81
7458  71
8531  67
49910  70
58559  84
74532  67
80862  71
122904  76
125916  65
168712  70
549|5
168712  78
2028  78
4226  78
1210  78
589  75
550|6
589  74
102125  76
106782  83
116797  83
112852  85
122882  81
551|20
122882  76
34162  71
60069  80
1544  59
45186  72
103772  69
51935  75
4226  82
2353  69
7153  83
5989  78
135569  71
115149  76
88129  73
134130  77
6934  64
47  79
4701  68
2959  85
98809  75
552|20
98809  65
3317  68
1405  54
2953  52
2245  58
2944  68
2890  65
2125  66
508  66
3948  61
5349  64
2959  77
2857  59
173  49
2991  65
2871  69
2628  55
4308  64
4878  72
3101  57
553|17
3101  85
3481  83
1923  82
2571  91
4011  91
50  93
3949  88
1089  92
44199  84
5513  78
2231  85
2395  81
3052  82
61257  78
1221  93
33166  86
2959  95
554|18
2959  89
1022  78
2820  75
1207  86
1517  78
1282  82
1210  88
1760  58
2282  73
1225  88
907  75
1358  81
2096  76
1028  85
593  89
608  89
953  85
2324  87
555|20
2324  70
3664  70
1  79
3111  73
3395  69
104  69
1334  67
2506  68
2072  66
4002  74
1266  81
2641  64
2256  69
2791  78
2701  51
1333  74
1320  66
337  74
1393  72
3526  72
556|7
3526  75
122890  73
3081  77
88125  81
588  81
72998  77
74789  68
557|6
74789  71
231  64
1291  82
260  84
1210  83
150  77
558|12
150  73
5064  81
4903  75
2297  77
2568  72
4993  88
4306  84
367  71
5283  71
1097  81
4164  77
5294  82
559|20
5294  62
608  80
355  51
329  65
544  64
1527  72
173  55
377  68
745  75
174  61
529  73
350  66
349  69
533  62
836  60
1210  80
420  55
786  61
227  58
253  70
560|20
253  68
91535  64
136018  66
67997  73
79132  80
3253  70
142558  68
2355  70
39435  66
1527  74
40414  71
64614  76
48744  69
56587  68
593  82
76251  71
84944  70
109313  68
5878  75
40819  75
561|20
40819  65
5308  59
78469  61
3703  73
60069  75
91535  61
2105  64
73017  71
5445  69
2000  70
83134  69
79132  76
79592  63
80463  73
89745  74
527  79
8972  65
353  71
33162  66
68157  76
562|20
68157  77
6870  83
6377  88
2580  86
1249  89
4776  83
36529  81
1259  87
1982  81
2268  84
2133  79
83134  82
3210  79
48394  84
30707  86
33836  67
2692  88
88163  86
99191  77
1240  85
563|20
1240  66
70932  66
80858  66
919  74
74450  65
588  72
5943  56
118997  63
86833  70
1197  81
128832  66
85397  66
45221  61
33499  63
7380  67
96821  72
81784  64
95307  62
65585  66
55250  63
564|20
55250  70
356  83
31685  66
131013  69
61024  75
79224  64
87869  74
500  69
108156  69
81784  69
93270  62
6188  72
106918  77
65230  68
67087  71
80693  68
94677  71
8984  68
73266  68
2671  71
565|6
2671  76
231  63
19  57
21  71
50  84
539  71
566|15
539  69
10  70
231  62
329  67
342  67
141  70
203  68
345  73
39  67
497  77
265  73
588  75
708  68
353  75
2  69
567|20
2  44
26743  44
92681  44
109897  44
152071  44
5690  53
136602  45
122888  44
6333  50
1274  53
122922  49
153070  44
151687  44
117877  44
108928  42
954  53
122924  42
27773  53
648  45
135887  45
568|23
135887  84
147  74
296  84
356  83
480  75
593  83
765  66
1103  78
1104  84
1257  74
1298  74
1895  70
2313  74
2359  72
2863  71
3053  74
3148  76
3261  70
3363  77
8169  72
46723  71
63853  66
65088  70
569|5
65088  70
50  92
380  77
588  83
592  77
570|20
592  54
8636  71
48516  78
1225  77
586  57
2683  60
457  74
1196  78
110  75
4993  77
7361  79
1198  79
1079  75
10  66
3793  69
1391  59
589  74
380  64
527  78
185  57
571|20
185  55
2982  55
2366  57
1128  51
610  57
2902  52
1998  49
3696  56
1980  55
1987  55
70  57
1924  52
2279  47
1327  47
3732  55
1972  47
1278  66
1644  37
2327  59
1978  53
572|20
1978  84
2570  74
2788  86
2321  77
111  88
904  91
2987  79
2302  73
1834  82
2539  71
2917  81
1307  83
1  85
161  80
3421  83
838  82
1356  84
2006  71
3167  76
1953  84
573|20
1953  89
72998  82
3752  78
356  93
7293  83
6754  81
8665  86
32587  87
1073  88
88744  84
1127  84
68954  91
98809  86
2640  84
48516  94
71535  87
59369  82
60069  91
88140  83
1562  63
574|23
1562  80
110  80
150  77
153  60
161  74
185  62
225  71
231  63
292  69
296  84
300  71
316  67
318  88
329  68
339  70
344  63
380  70
410  65
434  63
588  76
592  70
593  83
595  75
575|8
595  64
2580  74
296  80
2581  60
2572  69
2542  76
2574  57
2598  58
576|5
2598  58
1321  64
1373  56
1479  63
2289  72
577|20
2289  67
1183  71
1288  79
1129  68
2944  74
2194  76
733  70
1213  81
2076  74
2020  74
1262  78
1931  71
1391  62
2987  70
952  72
1909  67
260  81
919  75
2248  73
1270  78
578|6
1270  76
52668  77
45668  75
830  73
72407  69
75446  76
579|15
75446  78
2485  68
1022  79
2018  78
838  82
1917  69
1391  72
596  78
1573  76
2965  77
1653  86
2599  81
892  80
2687  77
595  82
580|20
595  67
6583  67
480  72
8844  67
6989  68
3809  67
41569  66
3699  66
4041  69
33166  75
356  80
508  72
8376  67
3578  77
608  80
3785  61
3089  75
1320  64
54286  72
1201  80
581|8
1201  88
5995  84
4973  90
116797  83
3949  84
4306  83
109487  84
6377  85
582|12
6377  82
2959  89
116797  82
4993  86
5618  86
2571  86
76251  76
69844  80
104841  76
48516  87
97752  76
76093  81
583|12
76093  70
88405  62
2706  67
117590  71
317  62
60756  69
6942  72
595  72
46578  77
104  66
2694  64
7451  73
584|17
7451  79
22  79
203  80
315  74
500  80
316  78
539  82
234  71
296  95
257  81
434  73
586  74
338  74
349  83
282  78
480  86
590  87
585|13
590  74
1228  88
54503  85
2959  93
428  80
1405  69
7254  79
441  85
1805  71
296  91
27373  77
5325  78
79132  88
586|20
79132  80
4016  87
111659  77
106002  81
149406  83
167036  85
45499  82
136556  83
5445  87
117851  82
1291  94
71264  86
106489  82
135436  81
3753  83
2640  87
3147  95
122916  89
3793  88
101362  77
587|20
101362  86
628  80
2012  77
534  79
2002  70
1641  83
236  75
1376  78
2622  76
1541  70
3260  82
497  84
3082  75
445  73
3448  82
2574  69
765  73
691  75
329  75
3406  76
588|12
3406  78
16  73
20  56
356  77
350  63
198  64
593  77
364  74
163  67
253  66
223  72
3  61
589|8
3  71
318  93
590  81
373  77
586  68
587  75
527  89
337  79
590|20
337  74
8807  68
2371  63
38061  76
81834  74
40815  72
4890  61
903  75
5  57
3624  60
555  71
4047  69
51662  70
2085  65
419  56
595  70
329  63
2376  65
3635  67
2398  72
591|11
2398  71
2706  66
2712  66
2355  68
3615  62
3578  75
2394  66
3798  62
356  79
223  73
2724  56
592|19
2724  75
2  73
153  63
415  65
110  83
177  70
420  62
380  73
44  60
788  61
588  79
163  76
204  62
610  75
39  71
419  64
253  76
432  60
240  72
593|20
240  76
1073  69
1086  71
1617  74
4034  72
41566  63
1197  77
344  55
8368  72
339  62
2959  78
8961  70
5816  67
2797  67
4896  69
588  68
595  67
5952  74
377  63
141  63
594|20
141  80
2671  81
7115  79
1616  75
5943  70
1188  82
2269  77
1733  84
4902  83
6996  67
780  79
1429  81
6140  81
7046  76
39  78
595  85
799  83
2028  92
8482  80
7169  82
595|5
7169  79
50  89
1186  78
1199  88
1966  75
596|20
1966  67
43744  67
182793  67
129397  66
128908  67
1  76
142488  78
122922  72
4310  61
71838  65
4025  60
2501  72
110102  73
149406  67
2774  67
5502  66
8665  73
6537  64
2571  80
345  71
597|20
345  78
490  73
3040  76
2529  85
2858  88
903  87
3039  81
2000  82
1291  88
357  78
1228  88
1845  85
2411  68
1580  78
1148  88
1198  92
2723  76
485  71
592  77
2692  87
598|5
2692  78
8360  75
593  85
114265  71
103543  70
599|496
103543  52
26567  52
26590  52
26676  52
26854  52
27595  52
34800  52
53450  52
60803  52
69131  52
74696  52
79895  52
84523  52
87960  52
92674  52
98799  52
102735  52
102852  52
104017  52
105020  52
122433  52
157865  52
158874  52
160978  52
161044  52
174727  52
179053  52
1801  54
6035  54
3387  50
33437  54
112  50
5995  62
167706  52
4394  52
836  46
7235  54
8809  54
102749  52
89087  48
42011  44
432  39
471  54
5628  53
1015  49
2  53
2269  50
69  57
3947  52
79091  57
104837  52
4037  55
7587  54
6881  54
1449  58
7225  54
81229  54
68952  58
4728  47
5081  51
33966  52
1779  46
3669  52
87197  52
170297  52
79057  53
95965  52
55207  52
4007  56
1220  59
80831  54
46723  54
71282  57
7757  55
3259  51
92309  53
1376  54
7192  52
4654  49
101423  52
53468  51
62662  52
3174  54
3698  51
2882  50
2359  54
1183  56
2792  51
1095  55
8387  42
53125  53
115713  59
2949  58
2471  41
3  50
1231  59
3861  47
240  51
1480  53
2301  56
1445  46
8045  52
586  46
2942  44
1185  57
4594  52
2474  54
3671  60
3196  57
64839  59
98697  52
2606  45
1777  53
5309  47
7022  60
4873  57
541  65
27311  55
43921  54
67734  53
4240  52
5026  60
168  46
33493  53
4125  48
7354  52
207  54
1094  52
742  49
1609  51
1042  49
3362  60
4553  55
4632  52
2278  54
468  50
122904  59
75416  52
42718  55
4285  50
79274  55
1794  52
45081  49
108192  52
3489  54
3503  59
89804  52
163809  52
577  48
3071  53
1204  67
3981  42
95771  52
45382  54
6548  49
59387  57
166528  59
168492  58
6691  52
605  48
424  47
2991  57
248  49
97950  52
3865  54
1216  54
342  50
35836  54
27772  49
176419  54
151781  52
277  47
6320  48
39381  56
5111  52
4090  54
2450  36
2676  53
2356  48
79702  58
1597  47
410  47
1721  52
3702  53
183301  52
1387  63
2072  49
26729  56
2393  49
4247  40
4591  50
1032  53
3087  49
1895  53
634  48
210  52
2074  55
51575  49
3505  57
5247  46
481  51
4215  44
1355  48
2657  51
2028  65
4011  65
420  41
552  48
1196  66
2395  55
5303  53
1752  49
3186  55
4310  46
1784  57
3200  60
7254  55
688  46
473  46
1079  63
1552  46
1148  64
1544  43
63113  52
2325  52
26649  55
6804  52
161  56
4109  49
34332  50
1653  62
4808  48
7707  52
3468  63
502  41
1221  67
1792  49
68319  47
6787  61
2119  47
3884  46
4254  41
3973  47
103609  52
8934  52
5377  59
42632  56
55290  55
4506  52
7840  53
5568  48
1689  47
7005  52
103228  55
59947  52
786  47
4351  52
172253  52
4679  49
1411  61
117630  52
1590  47
112623  54
3146  43
8984  51
1920  46
519  38
179817  55
3979  42
3741  58
44020  51
26630  52
7285  56
3030  60
1021  40
8638  55
87  51
7153  66
2877  49
2018  54
3173  49
5198  52
7101  50
7701  41
3213  59
26159  53
2339  52
33896  54
2000  58
4006  53
136562  53
37382  49
6645  57
171763  61
8528  58
27008  52
4017  56
4167  51
86142  56
1249  64
3255  55
736  49
2779  52
84414  55
27773  61
2083  58
98499  51
4034  62
119828  52
1993  48
94864  50
6631  49
2321  53
26242  52
3703  61
41566  53
2529  61
1968  60
8914  57
3257  46
159403  52
1036  61
76093  60
5103  53
6947  56
1952  62
2124  52
4084  46
6016  65
778  64
81  50
2171  53
1253  59
4275  51
7982  51
3723  55
849  46
2681  52
6565  58
39414  51
122916  59
6440  58
8917  52
72011  56
1605  50
1240  60
923  63
68157  64
5961  52
5053  52
3571  54
2403  56
3871  57
44238  52
72226  61
7004  45
2054  42
62970  52
5159  51
354  54
122924  50
48774  61
1394  62
3763  51
70286  59
1904  52
3969  55
81562  55
102590  52
233  54
4155  51
1031  56
76  52
459  46
1097  58
1178  62
60291  54
3328  62
1232  55
3036  55
5283  48
4327  54
610  54
2726  58
4732  44
5970  52
2396  59
594  57
1247  63
45499  51
3476  55
2399  48
137218  52
1997  60
3271  57
27801  58
6365  51
1799  54
580  49
122900  55
2803  50
80219  51
466  43
110882  54
3997  38
26176  52
2378  48
117895  42
26662  61
90603  55
119218  52
44  39
809  45
1960  56
4519  52
1959  56
414  47
1073  60
61236  51
1479  51
4019  58
1245  63
37857  57
161032  52
371  52
3020  55
88593  52
6774  57
2005  57
90405  50
26285  52
6793  40
627  53
1617  64
6734  49
108090  52
2427  49
51024  53
122922  57
3440  39
6874  63
4919  53
338  46
81591  55
1704  64
1499  32
357  54
62155  53
144  51
34148  53
53519  50
4504  52
2796  47
216  54
6827  46
1429  53
7445  54
1385  45
90471  52
8425  52
10  54
26542  52
7387  58
72998  55
89470  54
3629  58
1297  56
3424  61
1672  53
44761  60
196  41
70703  52
2383  47
180  53
4040  42
6333  58
4440  55
5291  57
88235  54
1639  56
4580  47
153236  52
86190  53
4477  44
103027  52
32291  53
34811  52
5171  44
122260  52
8784  58
5954  58
8798  58
707  46
880  43
314  56
61323  54
600|20
61323  52
1394  69
3785  53
2717  52
5569  59
4306  67
1206  72
56775  57
2015  59
7  53
2013  55
262  65
1210  72
1060  64
2431  58
2077  60
2423  61
4641  62
527  73
5076  58
601|20
5076  78
68157  90
1262  89
106782  87
60069  89
49272  88
5445  82
1193  91
1207  89
79132  90
904  93
166024  80
1917  70
7153  91
2324  90
170697  79
31658  87
5989  87
88810  86
2571  91
602|20
2571  70
19  54
350  65
494  67
14  68
471  68
125  69
434  59
235  68
481  64
315  59
371  66
474  70
527  80
21  67
349  68
440  68
339  66
480  71
163  69
603|20
163  68
803  68
2008  68
2577  68
3459  68
4787  69
2912  73
1769  62
485  62
4420  68
920  72
1  77
2706  68
1844  70
3787  70
1222  80
190  67
2716  75
3983  75
101  74
604|20
101  71
292  70
151  73
329  69
410  66
426  71
435  53
316  69
22  70
235  73
181  58
332  67
273  64
637  65
285  71
173  59
588  77
23  67
553  76
1  80
605|20
1  64
6787  73
1197  79
5667  64
42738  61
51662  69
7373  63
596  66
780  64
4571  69
2316  65
7454  55
150  71
60040  61
8977  55
3269  58
72982  64
1210  77
62376  62
60937  57
606|20
60937  71
563  71
583  71
3808  71
4671  71
4840  71
5856  71
6111  71
6573  71
8685  71
32728  71
55805  71
3147  83
4392  71
2311  72
6308  67
50842  72
6591  77
8270  71
2025  76
607|20
2025  73
1610  80
448  74
3147  85
1094  72
1307  80
592  73
204  62
1552  67
527  87
3476  75
296  87
2313  78
3440  60
423  70
1518  72
2118  78
2193  76
380  73
2028  86
608|20
2028  59
2997  73
3793  68
2763  67
174  58
2000  68
1214  72
919  71
2700  70
4161  62
5146  61
1639  67
541  76
473  57
2529  72
522  65
4343  58
1909  63
2431  63
1220  70
609|8
1220  80
833  57
356  79
339  66
454  68
318  84
208  56
292  65
610|20
292  72
58975  72
70206  72
78626  72
82765  72
97988  72
107447  72
107462  72
110591  72
110746  72
118082  72
139655  72
160341  72
86644  67
56801  68
61024  77
77561  73
4816  74
62434  75
3972  79
