1|20
260  88
1927  90
804  95
3  85
1009  85
2406  100
1587  78
3671  51
2617  60
3053  88
2571  75
1222  86
2137  95
1377  70
2395  94
2761  90
2641  100
2872  88
1258  100
2700  92
2|6
2700  87
122882  84
71535  79
46970  83
58559  79
80489  68
3|8
80489  50
647  0
6835  50
5919  48
2851  53
2288  23
5048  100
4518  67
4|20
4518  61
1291  60
3408  83
265  70
52  59
4347  58
2467  93
908  82
345  73
1304  87
1923  70
2959  80
368  86
1219  93
4765  71
1199  73
4166  61
1732  39
21  44
2858  38
5|9
2858  96
1  75
364  93
608  100
290  93
261  60
34  99
318  78
21  51
6|20
21  70
318  88
775  71
141  78
348  58
104  76
327  99
410  45
165  95
87  72
366  53
17  57
1084  76
222  80
16  75
416  72
277  100
460  68
867  95
316  63
7|20
316  69
3623  51
8636  85
8360  89
1517  48
466  31
8373  57
1220  80
7155  98
8808  100
6863  62
31878  100
1610  30
1219  59
4700  40
45668  71
8970  77
27741  61
6333  41
8865  73
8|10
8865  80
47  78
231  27
318  96
454  81
292  68
32  86
141  65
380  56
252  74
9|10
252  59
923  79
5890  90
2901  78
922  92
6044  70
1987  70
5378  81
3735  82
5447  63
10|20
5447  53
33679  88
8533  71
8969  44
72720  61
88810  86
136020  77
6377  82
5943  67
109374  75
113394  64
61250  49
82167  77
140110  89
5377  83
77841  64
6942  83
1028  94
72330  64
66203  70
11|13
66203  72
1584  100
1210  100
170  65
1438  69
648  91
1918  32
493  88
10  77
457  79
1693  87
150  82
1923  74
12|7
1923  66
2100  82
838  91
2072  85
1876  95
2581  74
6942  100
13|7
6942  74
3624  81
3798  68
2174  76
47  70
3893  70
305  58
14|10
305  39
477  74
110  87
540  67
597  76
153  68
592  71
4  65
539  58
105  49
15|20
105  61
7438  70
111759  59
2329  100
1  60
1909  84
1240  67
115713  57
1200  63
293  97
2571  76
3949  81
120466  77
1198  88
2028  79
2011  80
158  30
160980  72
4306  72
4022  100
16|20
4022  71
78499  77
913  71
1136  82
1299  66
1617  66
1203  59
3429  69
2858  61
608  75
3683  83
4002  64
1199  87
912  67
2707  58
5782  80
1260  69
319  58
27773  63
2109  88
17|20
2109  92
64839  82
296  86
5952  78
527  95
1193  77
3681  69
1240  89
2717  57
2858  87
1093  69
81932  75
5618  93
50  85
5971  98
2959  82
1201  84
541  85
82459  68
1  95
18|20
1  72
65596  72
88094  72
145283  72
157110  72
166015  72
171023  72
103253  75
60684  82
44199  90
2  79
86628  72
59784  70
2918  87
109374  92
4226  100
53129  78
139385  88
47  79
1291  90
19|20
1291  57
3662  56
54  53
2733  58
1702  53
1240  68
1270  66
3712  56
1881  55
216  41
3  46
1834  31
2184  68
3017  62
2044  52
2354  42
2005  73
3146  26
3387  64
2694  34
20|20
2694  100
5419  22
4014  61
2140  100
586  23
661  100
3189  67
5014  75
1333  75
4161  74
3784  65
1030  60
5313  47
2804  97
2054  73
34  67
1097  100
6358  78
4519  52
1722  50
21|20
1722  64
117922  64
140301  64
57640  50
2985  76
2990  53
2717  43
5418  84
31433  48
112175  63
7153  79
30793  43
4446  56
52973  63
45186  51
2023  68
79185  60
1721  77
102125  87
5459  63
22|20
5459  46
2723  76
60950  87
64575  24
1193  100
70286  46
4993  77
2160  64
39183  55
7147  46
3996  41
3481  81
55765  67
48780  83
7361  60
51540  49
6711  65
2968  84
3949  52
48394  29
23|20
48394  65
3996  100
293  73
1206  77
1136  78
1960  64
7587  68
3424  80
3181  51
2467  63
1248  93
1617  69
6807  54
1952  80
6440  66
1258  54
1243  49
1080  83
8228  17
1711  99
24|20
1711  66
2617  67
111759  74
134853  75
58998  82
1265  85
1198  88
3147  89
1197  79
1220  89
2424  65
5418  67
72011  65
54286  72
27773  62
64957  74
356  89
44191  75
1682  79
68358  81
25|6
68358  95
60069  99
74458  94
79132  95
527  100
260  94
26|21
260  67
34  70
47  80
150  75
153  60
165  72
185  63
208  61
225  70
288  63
296  81
300  68
344  62
349  70
356  83
380  70
434  61
454  72
457  78
592  68
593  83
27|20
593  96
2478  80
2640  64
3508  67
3555  64
1201  73
3519  69
969  47
2080  93
673  86
2886  62
2529  52
1387  77
1101  90
1947  59
1250  46
1276  74
3114  56
1083  60
3809  93
28|20
3809  57
60943  57
61011  57
63033  57
5617  69
59369  70
60046  57
507  40
3300  64
55094  51
59018  57
26695  57
2951  69
3006  46
2231  77
5418  65
26812  56
2058  68
353  55
61167  57
29|17
61167  90
7379  77
1250  58
1201  84
111362  78
48516  83
1100  53
26554  74
3441  71
4327  81
2872  88
2301  78
1617  79
3681  88
55820  63
4223  76
99114  83
30|7
99114  100
108932  100
1200  89
91529  100
116823  96
112852  96
1198  100
31|10
1198  94
1200  69
648  73
1363  70
1073  100
1036  73
1197  84
377  73
1246  82
1270  84
32|20
1270  100
314  79
1356  72
357  73
224  91
627  59
1079  92
1084  85
318  100
761  78
1197  83
849  34
912  100
880  60
1198  86
58  72
203  63
608  91
497  83
410  51
33|20
410  74
17  59
2396  82
2272  71
448  76
428  52
265  62
1280  83
1177  71
1617  82
50  99
261  56
11  75
452  53
345  73
608  76
150  99
1188  97
800  54
2690  63
34|18
2690  91
2273  46
3717  47
26606  63
45499  50
3996  72
4310  40
3624  81
31685  76
1721  49
5146  56
7090  100
70  64
2006  100
3000  36
4306  63
27728  86
3997  38
35|5
3997  99
185  71
595  100
21  91
300  80
36|12
300  7
3066  34
552  42
4025  38
1262  17
2735  65
2359  45
1372  65
1278  49
2194  51
3347  52
1704  73
37|5
1704  94
356  96
661  82
329  86
457  100
38|16
457  46
39  31
223  76
161  99
246  85
168  61
273  14
480  100
356  74
457  100
364  91
50  88
500  60
300  89
551  47
21  76
39|20
21  100
2391  71
1921  96
1862  47
1219  87
1907  78
2081  62
2459  30
924  100
2529  94
1729  82
47  87
260  100
2080  83
592  66
296  96
3213  81
610  90
589  93
596  75
40|20
596  83
454  98
588  85
339  89
158  46
432  54
431  80
186  77
616  41
514  33
21  77
592  68
1  87
223  77
585  46
216  72
104  58
371  82
111  51
267  90
41|20
267  74
64839  77
122882  58
6287  84
1569  37
106920  64
86781  80
3160  41
1721  69
2028  72
6763  62
5418  58
53519  50
122904  66
55247  81
924  62
4011  57
2324  73
35836  92
5995  46
42|20
5995  63
4654  59
1021  59
2423  84
3248  51
4477  50
2500  98
1431  58
195  100
3326  76
2407  63
1090  90
2735  83
3693  63
1020  65
4545  50
4132  68
2263  91
3535  98
2805  52
43|20
2805  77
296  100
596  100
588  89
587  92
420  69
158  100
631  93
5  84
597  85
168  75
355  80
47  100
367  89
519  73
594  100
236  82
1  100
60  86
259  100
44|10
259  41
663  74
12  68
661  86
94  69
1  66
104  52
112  85
494  86
889  71
45|20
889  73
1036  100
2028  70
1653  88
1682  100
2396  89
3249  74
261  69
4308  100
329  87
1367  64
2890  91
593  78
1127  89
2431  87
6377  100
569  80
1197  98
1060  70
2858  81
46|9
2858  98
588  93
315  63
208  91
1  100
432  70
225  76
434  77
339  83
47|20
339  74
68932  58
72395  58
2420  60
597  48
148626  61
5989  45
96588  55
69122  53
6155  54
4975  75
30749  59
106100  79
45950  61
2028  85
4018  62
1259  61
6373  52
33166  62
2407  52
48|7
2407  76
1320  60
1527  96
1193  100
3793  65
48  76
1653  95
49|5
1653  78
1214  95
139385  86
318  100
527  96
50|20
527  52
114335  52
136564  52
142074  52
171759  52
175693  52
179073  52
175707  52
71264  65
82848  52
1377  63
44555  62
8157  43
6807  53
95543  49
8253  51
96610  43
924  58
32875  52
4896  56
51|20
4896  75
5620  45
2613  100
4437  64
2023  74
1500  100
522  85
858  80
4508  88
2951  49
1014  72
1407  30
2282  56
2420  62
3388  68
260  70
3186  93
3994  89
3501  78
2371  57
52|20
2371  93
51255  94
74458  94
1923  78
7438  94
40583  83
59784  85
55765  83
112852  100
86892  84
55363  64
112138  73
49272  78
52245  86
69481  84
50794  66
1704  100
54736  90
44665  100
47200  97
53|5
47200  79
1100  90
249  80
1125  100
916  100
54|7
916  69
593  69
639  53
1  66
205  64
161  59
500  51
55|5
500  34
673  16
3275  52
2890  100
4011  71
56|10
4011  60
253  45
165  68
110  79
589  100
370  98
434  75
410  64
69  79
185  64
57|20
185  87
942  62
920  100
3175  86
1784  64
3429  83
933  99
1193  82
3446  61
160  61
1499  34
2640  80
892  86
11  81
2947  86
6  83
2478  43
2291  65
1688  81
2301  50
58|20
2301  70
282  87
185  44
419  100
367  61
277  75
48  100
280  96
337  100
345  100
3  70
357  88
527  100
587  100
218  67
500  80
508  80
368  66
364  100
353  88
59|20
353  66
6460  100
3489  69
1188  100
1222  81
2076  85
3448  75
1263  100
1247  100
527  70
1244  100
904  100
903  100
965  61
2616  37
1953  93
608  100
105  63
912  100
3471  93
60|5
3471  52
58559  61
805  78
455  55
858  83
61|8
858  76
1101  77
7438  77
173  65
555  83
2012  64
4878  83
3949  86
62|20
3949  94
176371  81
3793  68
56757  84
73017  86
30793  66
179819  80
68554  73
185135  83
168248  83
5903  78
4878  100
2028  100
5502  66
6058  69
344  60
1721  92
45499  80
41566  87
78105  56
63|20
78105  69
4246  67
48780  88
500  55
6016  60
31658  76
2858  53
64285  71
85414  70
1221  71
106696  50
4963  77
50  75
1097  71
260  71
110  77
1222  56
4979  52
5952  99
77561  57
64|20
77561  74
3101  66
2640  65
2959  94
8784  77
2054  57
4239  81
4025  67
5026  78
40819  77
266  67
2699  54
27266  81
3969  79
1805  55
6296  73
4776  90
3148  85
4262  80
356  86
65|7
356  96
33660  77
7458  60
2329  90
4993  83
91542  89
3147  76
66|20
3147  95
47  98
5418  74
922  81
2139  79
2956  83
3745  80
1956  87
4581  79
5349  81
1210  100
1094  71
2001  53
380  73
6539  82
671  77
1  79
6378  67
7766  90
296  100
67|8
296  83
4306  72
27193  78
79132  87
60069  68
2012  63
4886  88
4993  79
68|20
4993  63
95218  63
6534  45
48696  55
67267  72
30825  48
1799  37
3556  75
8622  80
4351  68
63113  72
58295  52
7151  67
2413  66
6287  77
653  54
41566  50
5541  67
260  73
48043  56
69|10
48043  84
4848  89
3671  94
2476  86
1193  90
356  100
553  63
4022  97
260  100
3994  80
70|13
3994  81
1097  97
1914  81
1269  85
4995  81
318  100
8949  88
1968  94
1210  97
89492  58
1250  95
1235  71
2366  85
71|7
2366  87
647  23
736  86
95  99
733  72
589  86
7  46
72|9
7  82
150  81
858  96
2490  80
1357  90
260  97
50  95
1198  83
1196  89
73|20
1196  92
45720  99
105037  64
6333  89
59315  79
76293  81
138204  81
2706  77
152081  76
45221  60
68135  87
150  71
8376  72
93510  95
59784  69
116823  74
106072  73
1682  100
52245  54
35836  97
74|20
35836  77
2594  79
2908  92
30749  79
6870  81
3006  93
52281  80
49772  75
55118  90
2997  85
6305  95
608  90
4546  79
41863  70
27773  67
6001  84
1251  93
6552  87
46976  88
44555  82
75|14
44555  57
1240  80
5952  87
2193  30
6870  51
2529  64
168  52
541  61
3176  53
1962  80
2078  58
1889  65
1266  93
1374  26
76|20
1374  79
5956  56
2918  59
58803  56
1247  55
74458  78
7669  47
79132  55
8957  29
858  62
55820  50
1258  65
63436  71
1201  60
1208  43
48  23
288  46
34405  50
1  26
1196  59
77|6
1196  84
4973  69
7361  72
8636  74
3578  83
33794  86
78|13
33794  68
165  79
3809  64
589  100
546  13
27904  76
260  90
590  54
480  100
68791  50
344  45
44974  97
380  78
79|13
380  95
3029  69
589  95
1916  95
307  82
4005  59
260  100
1189  85
1345  57
2000  79
1374  74
2659  80
2076  89
80|20
2076  87
96691  80
84189  82
91630  96
49530  89
8950  87
6539  84
4223  88
5630  90
3527  91
76251  82
80363  81
52604  79
6502  89
34048  87
1221  92
60684  84
6952  86
5989  95
77561  70
81|26
77561  67
32  79
47  80
110  78
150  75
153  60
161  73
165  72
208  61
231  63
288  63
296  81
316  65
318  88
329  66
344  62
356  83
364  80
367  64
377  72
380  70
457  78
480  74
588  73
589  77
592  68
82|20
592  66
2381  54
2378  67
6566  81
368  73
6536  65
3253  84
4310  55
1608  81
1372  41
145  61
356  88
6708  53
1485  51
4369  66
6564  61
6888  62
5803  82
4015  36
364  79
83|20
364  86
7143  90
7323  65
6539  58
161  66
586  55
2115  73
1270  68
6874  38
2324  89
1537  61
7153  79
68954  63
48774  59
30749  75
8014  44
1222  65
3753  51
1223  98
64983  56
84|20
64983  72
987  72
912  91
1096  84
420  43
1227  84
113  66
580  75
5060  96
1293  79
900  84
1097  89
62  48
368  70
1305  78
1247  91
1296  100
11  76
1073  77
1094  77
85|7
1094  69
1624  74
1140  69
1694  100
1643  65
1747  52
1635  37
86|14
1635  76
4310  74
6947  62
2411  86
457  73
5418  73
3996  93
4901  82
1835  85
33794  84
1196  69
3555  68
1097  81
2687  70
87|5
2687  57
2009  72
3504  94
671  74
2139  77
88|12
2139  73
74795  69
4993  92
68157  96
5952  93
1193  83
223  93
8665  80
4262  79
56782  95
8677  67
58559  100
89|104
58559  55
32060  55
44851  55
53280  55
53578  55
67888  55
69211  55
81087  55
84246  55
103602  55
108078  55
109596  55
118894  55
121007  55
128089  55
128944  55
131098  55
131439  55
134847  55
140481  55
146684  55
148632  55
150554  55
164226  55
30793  42
169912  60
87869  68
1923  47
4015  69
950  23
173253  55
2324  57
27826  55
92259  50
11  86
3977  97
86298  82
8154  28
77688  55
2997  10
170837  55
49274  45
157775  55
1  40
142196  55
99117  61
62008  55
72624  55
108156  70
3752  60
2059  35
128520  54
3175  63
133879  55
48649  55
126088  55
5529  70
65588  55
99130  55
40962  66
1732  35
68659  71
91666  55
2683  0
3751  48
750  55
6650  57
149508  55
2395  0
51575  67
65230  63
171751  55
85881  43
139157  55
6863  40
4246  72
108949  60
1230  60
160567  44
73319  70
177185  55
130520  69
5220  100
121338  55
153386  55
50872  70
149566  55
145491  55
4890  86
129354  84
32243  55
84944  100
6402  55
1288  64
140133  55
119141  60
947  22
176621  55
4973  49
158398  55
69469  55
54503  47
141928  55
102481  85
90|11
102481  74
1144  74
581  89
81  83
892  85
1073  95
116  69
896  62
17  80
7  51
613  66
91|20
613  67
6395  67
8147  67
7153  90
3360  69
2791  70
3897  85
1080  77
4850  68
3429  72
7000  57
2060  67
2916  62
1391  76
2100  65
318  87
2146  77
1225  70
1246  74
8501  63
92|5
8501  76
2114  79
1015  66
2454  78
1801  77
93|20
1801  84
1917  85
552  84
1721  81
539  78
480  79
1372  61
368  92
2355  93
1923  93
2193  89
2006  84
339  73
1097  83
1591  91
260  97
2968  89
1676  95
593  99
558  94
94|12
558  35
377  65
367  62
364  89
288  28
19  55
10  54
586  57
590  84
380  84
589  90
318  87
95|20
318  91
4878  72
6979  91
4732  81
3019  92
5246  79
32  95
2952  84
1247  98
1198  98
5283  95
3361  78
1513  52
2009  84
539  63
122  72
1584  78
1240  94
4262  77
5349  74
96|16
5349  78
1094  86
272  100
3819  73
150  50
2021  24
2571  80
1214  92
2058  71
1220  100
733  48
2340  68
1721  68
2396  77
367  61
1291  84
97|8
1291  77
4306  100
3578  100
4993  86
4963  100
4299  100
3981  62
4161  76
98|19
4161  89
8961  95
122912  74
5299  69
63992  84
187541  70
56152  62
134853  78
69644  84
6863  69
5618  87
56801  81
3499  100
134130  61
74789  66
82461  46
1258  73
88810  100
79132  72
99|11
79132  100
161  90
420  55
592  84
196  88
122  69
145  85
150  84
316  80
236  69
588  97
100|20
588  81
296  71
1393  63
95  52
592  65
605  100
6059  87
28  69
2245  70
62  87
4308  82
1777  76
838  79
2125  92
1288  53
234  79
1197  75
2005  69
4014  86
4623  75
101|13
4623  78
3285  87
2723  75
2700  64
2908  97
2390  87
3175  51
2395  64
358  63
2702  78
3394  71
2997  66
2502  93
102|12
2502  52
588  76
150  82
592  65
253  100
480  73
344  45
539  58
553  75
593  97
586  34
223  65
103|20
223  75
1954  82
60040  66
1968  91
77206  75
2161  82
1732  79
81834  76
608  100
2384  56
4254  76
104  80
139642  74
56782  95
2096  76
101  92
6534  47
374  47
60069  87
30793  70
104|20
30793  69
743  38
5218  90
8643  73
1288  68
47997  68
468  38
76251  76
8533  100
4018  63
38038  85
1566  37
7361  77
6060  68
3034  84
1641  87
4641  62
108190  85
616  74
7034  77
105|20
7034  77
69685  77
95311  77
95313  77
110586  77
141816  77
141818  77
170597  77
172587  77
172793  77
173351  77
173535  77
6433  80
4974  62
70286  82
108981  77
95175  77
69122  82
1243  72
3916  93
106|7
3916  93
72998  76
59501  67
86880  85
5349  75
53125  87
59784  94
107|7
59784  62
253  66
590  91
165  78
434  72
208  70
318  100
108|16
318  63
6022  79
4995  78
2585  82
5316  74
4975  62
3978  100
5349  90
2926  43
4246  89
4878  100
4994  73
1968  79
1684  77
497  93
5380  63
109|20
5380  48
1033  65
231  89
364  69
589  63
480  68
62  60
31  58
587  64
1032  79
586  53
778  64
540  40
256  70
163  63
252  70
223  61
553  54
537  39
168  57
110|11
168  77
2468  32
1198  79
1089  86
1222  76
1208  86
4881  65
47  66
527  99
1193  87
2428  35
111|20
2428  65
162602  65
171251  65
2145  57
96588  63
65088  68
66203  81
84772  74
2081  76
91529  68
6365  54
45666  86
3255  76
1282  82
6539  77
86833  71
122882  69
59143  73
86911  82
5283  82
112|13
5283  57
161  37
1917  75
16  83
21  89
208  85
434  71
39  57
3717  44
19  58
110  79
32  75
70286  81
113|20
70286  68
39  64
3168  90
932  80
2331  67
3359  86
1086  74
3504  65
1339  74
904  100
3546  68
4063  56
4062  55
1077  72
1589  52
2475  87
3831  62
46  50
1733  75
4007  77
114|7
4007  68
54001  63
2291  71
167732  68
122886  74
8961  76
3147  75
115|20
3147  74
2804  74
1387  100
2792  46
3146  100
3273  43
3052  23
2841  68
2719  62
595  83
2700  54
383  59
2027  59
2148  66
2770  63
3785  95
2916  97
3175  61
588  88
1377  79
116|18
1377  66
858  100
1299  80
62383  67
1339  29
1276  73
597  73
1029  62
1101  96
2797  66
2657  58
1961  79
1407  51
5995  70
1704  67
165  82
2115  65
8360  91
117|20
8360  72
587  77
589  86
151  63
36  67
1036  69
595  81
288  52
596  65
48  70
315  61
454  57
353  82
474  71
10  64
60  72
805  80
491  63
616  67
485  65
118|5
485  89
1625  60
153  58
1961  62
1810  70
119|20
1810  77
117176  86
1092  69
91529  93
74458  92
4387  77
79132  93
168252  80
44022  89
78499  90
122904  87
106782  86
442  82
4993  86
31685  83
6365  100
141004  87
4148  81
88744  79
8644  99
120|5
8644  90
32  68
5  52
631  84
52  57
121|12
52  74
440  57
161  86
527  49
292  66
344  62
186  77
316  49
1  66
19  77
163  74
337  39
122|20
337  97
69784  92
7022  89
148652  88
4816  75
56174  86
94959  100
81591  100
71535  99
30810  90
2997  100
1732  86
108932  92
780  90
1090  99
3253  92
106782  96
72226  100
1200  100
1214  100
123|12
1214  77
115569  88
79132  74
109487  83
1196  89
4226  84
296  79
7153  90
143458  74
47  81
96829  75
2858  94
124|10
2858  79
2161  82
260  90
175  67
1358  69
6377  83
4226  92
3147  78
608  85
1223  89
125|20
1223  75
86721  75
110330  75
54503  84
72011  71
162578  79
119145  69
176371  98
55247  54
1240  89
86332  71
68157  87
112623  56
4082  76
160567  73
3342  78
109487  100
88140  71
98607  75
81562  78
126|8
81562  77
349  76
231  14
380  73
410  55
300  52
253  59
457  66
127|5
457  94
903  48
55276  100
5060  78
272  95
128|7
272  100
965  84
926  98
1066  85
1721  66
1080  83
1198  87
129|20
1198  65
480  74
3698  75
2692  81
2138  73
1968  88
8368  87
653  74
7143  94
316  78
6874  74
239  54
2916  71
733  83
4896  83
2028  89
3977  64
3000  66
1907  79
31658  68
130|6
31658  95
316  67
292  62
110  76
590  66
296  76
131|14
296  57
6947  63
58559  73
908  73
4878  75
89745  78
7256  57
68237  75
2722  50
2028  64
48516  85
3178  70
64614  73
969  84
132|20
969  56
3275  74
4995  81
2987  56
7444  40
3262  56
4168  59
31658  75
44191  62
1089  77
3967  39
5502  53
50  89
58559  66
5992  43
2108  52
1844  59
2657  67
47  77
2470  60
133|7
2470  55
356  67
589  69
150  52
153  69
380  56
527  72
134|7
527  44
595  87
349  63
380  52
367  64
509  72
296  90
135|20
296  69
4084  62
893  69
3994  57
2004  100
608  100
1358  87
3852  92
3489  63
1614  99
1198  81
4128  85
1883  61
2302  56
1291  89
410  83
1261  85
4022  64
4881  71
1077  82
136|20
1077  68
193  50
585  96
338  67
277  58
380  68
181  100
337  60
437  69
165  58
611  69
151  68
340  76
252  66
432  89
552  67
350  91
280  60
273  81
150  73
137|20
150  82
2716  72
1198  81
750  89
919  99
1270  75
318  91
150  81
2997  92
1200  100
6986  71
7153  100
1242  88
110  70
33493  57
1197  91
2959  73
1237  83
903  77
7762  78
138|5
7762  78
1960  81
1959  94
849  92
3996  43
139|20
3996  33
7445  50
60684  73
4865  62
68319  68
7090  52
5502  33
260  50
8371  50
53953  35
58025  37
106782  47
6957  37
7163  40
3827  52
3624  47
52722  29
54259  34
4367  66
115617  42
140|20
115617  70
5299  94
1393  64
356  88
609  65
32596  68
4795  70
34072  60
1617  71
5256  74
5943  60
1084  86
4337  70
3108  64
43396  70
4719  73
1005  52
4321  75
5812  75
4259  73
141|20
4259  76
54503  66
4963  78
2478  57
71535  74
317  76
68954  78
54286  83
6365  59
54272  60
4447  77
5502  65
6377  86
6373  66
1265  72
91529  74
2502  69
441  83
1517  75
48516  82
142|8
48516  55
384  71
588  73
50  76
527  100
356  91
337  79
377  97
143|15
377  80
61250  100
6942  78
7169  62
8533  65
106696  55
3421  61
87232  48
78316  57
69069  89
59421  73
2144  46
96821  16
7173  84
500  92
144|20
500  67
541  80
8368  82
597  71
590  71
410  56
1246  90
527  77
356  86
500  70
19  70
2700  76
434  63
733  82
780  61
1036  70
5377  87
552  63
586  73
2081  68
145|5
2081  51
339  78
380  53
318  97
588  75
146|7
588  62
3257  61
32  64
1367  50
3686  33
410  61
47610  48
147|5
47610  80
168  30
552  72
555  72
2395  82
148|10
2395  72
5618  66
108932  58
81847  81
72998  66
5816  61
8368  67
7153  70
81834  73
4993  82
149|12
4993  59
1374  51
1831  10
1527  46
260  100
173  17
1206  65
1200  99
2021  56
1580  66
1391  57
1375  56
150|6
1375  42
1356  99
5  65
95  61
733  62
1073  79
151|12
1073  46
562  69
780  66
837  69
747  65
1265  74
828  73
1073  53
1  64
648  63
1393  78
1359  71
152|13
1359  81
2959  91
116897  96
89492  78
1193  78
69481  75
85774  62
115713  83
111  79
92259  98
1234  88
79132  85
318  94
153|20
318  3
1732  39
8533  71
4014  58
81456  35
106782  58
8528  66
6863  10
87194  36
2617  49
1246  58
106100  83
1954  30
7458  0
4226  82
89904  57
72998  23
133780  37
586  50
36535  53
154|7
36535  38
119145  99
81834  100
122904  81
106072  84
76093  75
77561  70
155|10
77561  81
3286  55
1200  65
260  68
141  64
2355  82
2384  100
2948  88
432  62
2959  76
156|20
2959  69
31038  69
1230  88
1711  70
3341  73
6296  65
762  91
2361  87
2076  63
4784  66
661  42
2926  95
8571  69
47  75
3176  69
58  74
848  56
866  77
1485  49
923  65
157|5
923  64
3617  66
2720  61
2770  80
527  91
158|6
527  70
2605  94
2872  63
2723  91
2428  86
66320  69
159|20
66320  65
60069  80
45720  65
597  55
4022  40
89864  74
49286  86
140110  30
84954  69
4447  57
1197  90
68954  66
6942  72
1961  66
106696  92
480  97
539  86
166643  65
40819  56
63082  85
160|20
63082  59
1371  0
1198  92
196  28
3408  80
5349  62
3213  86
2408  56
839  18
3593  20
2748  100
533  65
1975  58
1676  29
3745  30
2011  58
733  41
3826  45
778  77
2840  63
161|8
2840  78
7247  100
47610  79
1223  98
38038  81
3429  75
2144  79
2336  63
162|8
2336  84
225  100
168  64
50  97
300  70
266  87
31  94
62  64
163|5
62  54
1810  65
1747  67
1777  61
1837  57
164|8
1837  94
2916  76
110  100
589  100
3527  100
1101  84
1201  97
2167  98
165|13
2167  77
3624  87
110  97
5505  47
5527  71
3256  76
5956  72
5418  74
5530  58
5450  75
1127  89
3409  35
5881  39
166|20
5881  73
1721  72
4011  89
5378  74
3481  78
49530  74
2353  71
47644  65
54272  79
8961  92
1198  89
2542  93
1036  82
608  92
434  70
5219  70
5418  87
2396  72
349  78
2324  86
167|20
2324  72
4886  89
778  80
3052  80
7147  74
6857  81
45501  57
6480  63
1682  53
2231  66
784  77
33794  80
2083  97
2413  68
6333  96
8961  81
2139  62
150  48
6773  67
35836  77
168|19
35836  88
1248  100
1201  100
1089  94
296  87
923  96
1222  83
5291  96
3543  69
1302  89
3362  100
1148  88
3101  74
57669  100
2076  97
1729  88
908  87
85354  61
80463  97
169|20
80463  83
2028  95
364  89
953  87
4886  88
5400  80
8644  73
524  89
2795  80
1022  88
3114  84
3967  92
1517  84
1035  100
8641  89
6365  82
661  87
457  90
3287  87
1416  96
170|10
1416  82
296  73
586  57
377  59
34  79
592  70
277  63
500  69
266  62
588  67
171|17
588  63
1220  100
1025  79
801  93
1259  95
1079  98
828  73
317  78
869  86
380  76
1136  94
1225  100
661  75
318  95
47  100
1198  100
1208  100
172|6
1208  52
3578  70
7438  100
2072  76
3793  81
2762  72
173|5
2762  60
329  69
586  75
597  62
588  85
174|14
588  70
520  45
224  91
648  75
161  89
317  98
158  57
780  100
315  51
485  73
282  72
440  70
350  65
10  68
175|5
10  52
8911  70
43904  87
38388  74
8362  83
176|8
8362  100
434  74
39  80
368  65
380  78
780  93
47  67
471  95
177|20
471  63
91542  76
6332  70
3668  74
45672  62
783  60
27706  76
2657  63
114662  40
1206  78
83132  62
5218  50
508  86
3114  54
1321  63
2176  79
8798  73
88140  66
2012  72
339  81
178|16
339  100
527  93
2329  93
5995  80
6502  84
4235  87
1198  90
208  58
6539  76
296  100
349  64
10  73
4226  93
1240  78
2579  78
318  100
179|14
318  53
589  85
161  72
231  56
288  79
743  66
1061  74
317  76
786  59
592  69
671  89
296  94
434  61
364  82
180|5
364  74
260  76
1748  100
1242  73
2140  63
181|20
2140  72
593  73
596  56
353  68
539  92
516  64
132  74
169  79
25  41
31  81
542  52
6  61
707  44
185  45
464  62
502  49
415  62
480  90
592  55
344  45
182|20
344  66
6969  66
3911  62
2728  73
4313  67
8042  100
1291  86
3113  3
3578  96
1590  65
161  41
4452  49
224  47
4980  82
4262  74
2353  52
2890  92
1127  63
541  79
6041  70
183|12
6041  71
380  84
1196  77
2951  44
2534  89
4085  71
1287  61
2194  99
3247  88
1233  71
2662  62
1408  76
184|20
1408  70
181413  70
193565  70
97304  61
74754  40
168250  92
191005  70
106072  71
166291  72
127152  69
86332  78
80463  88
5816  79
122898  55
81845  71
5810  79
170813  61
174479  70
112852  86
148626  92
185|10
148626  67
2396  42
5377  72
1721  60
5952  84
1393  65
595  65
2085  54
4995  64
899  78
186|20
899  86
1214  79
1291  99
3745  94
1269  89
2527  61
2532  51
4361  63
1307  99
2968  88
4306  92
2541  89
1702  99
480  74
1097  59
3977  77
919  79
3527  80
593  96
1196  100
187|20
1196  64
3949  83
49272  69
231  72
1206  100
6874  95
1729  66
1209  69
48394  89
6502  71
2701  38
4027  63
288  85
2542  78
7153  100
39427  53
6890  69
1222  80
8949  78
1748  98
188|10
1748  86
1212  65
594  85
1282  91
3469  75
2396  94
1091  86
3341  95
1264  80
2206  71
189|5
2206  86
4993  86
79132  77
2959  81
58559  79
190|14
58559  79
4776  80
8784  75
4995  78
5630  72
4306  59
30749  73
1221  69
4975  66
8961  80
858  81
8464  75
69844  84
7438  100
191|17
7438  67
21  41
72  59
175  100
494  69
417  60
17  81
6  78
85  81
292  43
314  42
58  92
235  74
213  92
161  57
160  63
162  47
192|5
162  75
288  49
316  68
349  81
432  81
193|7
432  78
55442  76
4878  81
6016  86
307  68
1270  72
5618  80
194|5
5618  76
1396  88
1500  78
1288  71
5060  56
195|20
5060  65
2770  43
1041  62
1653  81
1923  67
3160  69
4723  64
1863  71
2336  63
2166  86
4308  65
1909  60
260  97
2028  61
3252  75
2908  39
1392  77
1365  70
70  85
190  74
196|7
190  60
3578  72
59315  85
58559  79
364  100
1214  72
110  76
197|7
110  61
1240  84
1882  67
786  52
2167  41
153  77
1784  74
198|20
1784  69
3499  66
920  87
1213  96
3949  76
1994  63
1485  37
2572  84
4019  77
1089  99
110  93
593  89
4128  63
1270  84
4886  70
1079  94
2117  54
912  95
1573  51
1682  77
199|20
1682  74
2165  67
2280  59
736  39
5673  87
349  84
5502  66
482  68
8532  64
1172  92
300  75
50068  56
4881  35
3175  65
7445  60
2973  100
34338  91
41997  83
1956  53
377  76
200|20
377  71
7022  71
50802  66
3968  70
2485  83
500  77
5610  73
590  64
1029  63
53996  59
2572  89
4993  79
4041  51
57640  100
1302  92
1784  74
6383  69
1653  84
1569  89
1517  85
201|20
1517  72
1527  92
1584  95
2858  94
339  95
589  100
2717  51
994  93
788  86
1196  100
2797  100
733  71
1259  85
2174  95
1198  100
2455  77
1569  69
1213  100
160  55
24  100
202|20
24  72
924  98
29  74
2289  82
1197  88
1196  99
2966  92
161  79
608  100
1209  72
1296  94
3194  75
1784  76
469  86
923  92
2000  67
1587  64
1719  97
3147  89
32  87
203|9
32  67
8665  100
2407  61
5952  90
590  81
49272  100
40815  65
333  85
296  78
204|17
296  100
3949  97
33794  63
48394  93
27075  74
1080  68
79008  80
6104  88
8874  100
81591  71
4878  72
91658  43
711  87
2313  81
86320  59
55820  99
5218  58
205|6
5218  78
99114  95
91542  77
5816  69
95167  92
96079  72
206|5
96079  73
608  100
733  85
140  67
141  88
207|5
141  63
2428  40
2707  60
3740  73
100  42
208|6
100  100
2628  58
380  64
2353  56
2278  77
2762  86
209|7
2762  100
1291  93
68157  89
74458  83
185029  86
122886  62
88125  66
210|20
88125  75
34405  88
166203  75
3147  88
31696  75
7649  65
58559  100
2105  69
6365  80
34397  75
4625  76
84772  77
122926  80
76093  75
62836  75
33493  74
1584  76
47610  75
108932  73
122918  92
211|18
122918  96
63113  71
90405  63
57669  98
60684  82
7153  77
73017  81
2105  74
4367  58
356  82
2642  52
1556  31
318  96
44665  86
85414  77
1198  84
1136  72
260  85
212|20
260  67
122920  57
122892  54
2571  72
5218  68
48394  86
3578  81
1196  73
135143  61
74795  63
179401  74
79132  75
77800  55
108932  48
110102  57
96821  73
8874  65
65261  68
59784  69
2291  68
213|17
2291  77
87520  60
80363  86
76251  58
8957  47
2860  77
1234  79
5419  84
51935  84
69844  88
39446  87
4132  74
858  87
69526  75
4558  66
49530  72
58559  88
214|5
58559  60
628  62
743  56
1363  58
802  60
215|20
802  50
4973  74
63082  87
1291  75
2028  60
3252  57
3210  58
1968  76
1247  94
49272  67
1089  87
72407  73
5650  97
318  85
1208  74
2000  81
1197  80
1196  93
1297  71
4019  86
216|20
4019  83
21  86
3996  71
3946  100
2946  68
3993  71
3897  62
2599  77
34  76
3994  52
4034  100
3363  84
1965  86
3422  83
3555  72
3253  48
2087  70
3986  52
2018  94
1923  60
217|20
1923  57
3434  57
1275  49
2468  12
3197  57
1912  62
2302  69
1876  77
380  71
1221  72
2471  60
1918  38
1385  61
3165  53
1590  51
1562  44
1703  69
2056  57
1831  39
160  48
218|6
160  60
2692  66
1380  70
1198  90
6934  53
5349  63
219|20
5349  33
2115  60
59315  76
6539  72
442  64
30707  77
1704  80
180  68
1219  73
1005  66
27773  64
56156  63
6188  62
6721  61
30825  61
2997  69
1552  46
1500  96
2890  58
1921  58
220|20
1921  100
733  71
1198  89
3994  91
6539  77
1258  75
1917  52
4545  75
33794  100
165  97
71264  79
4623  77
53464  50
5218  96
6365  70
3751  60
32  96
1036  87
5502  92
1591  51
221|20
1591  75
7013  81
8529  51
1080  79
3246  73
2871  82
1208  79
7063  85
2702  73
4029  88
5954  79
2352  68
922  86
2997  98
1278  91
2858  100
1212  81
1959  73
1961  88
3671  70
222|20
3671  61
100498  43
48516  72
1249  76
99813  59
91529  83
59900  54
93287  67
1721  42
2706  72
3273  72
2411  51
64622  60
7143  63
87869  49
778  75
30825  62
42011  60
673  48
64839  66
223|15
64839  56
6711  73
1  68
736  55
1961  71
457  71
2716  68
48394  65
608  73
8784  43
48516  60
3863  47
4306  56
260  83
2683  51
224|11
2683  73
3044  89
356  100
2915  51
289  58
3668  73
1270  78
2797  86
1721  85
2716  92
1259  77
225|15
1259  94
1285  53
588  64
1717  64
2791  96
1321  78
1136  76
1197  82
1753  100
2004  94
2371  63
1407  74
785  82
1060  69
3024  54
226|20
3024  70
32666  70
3552  72
542  44
1240  96
3098  73
2804  61
3668  84
3653  70
2231  79
145  76
2253  24
3052  85
2628  33
762  43
53129  93
4816  72
16  80
2144  100
46948  60
227|19
46948  74
52319  74
81845  93
109487  92
134130  81
215  69
48738  69
47099  78
1196  86
32587  81
912  100
55721  78
1682  94
750  89
778  84
40629  68
97913  76
70286  89
150  83
228|5
150  86
1373  64
362  70
318  93
3113  63
229|13
3113  87
589  70
377  74
45  75
587  71
5  62
475  85
442  63
597  86
364  84
213  98
110  83
527  89
230|20
527  57
52715  57
47  42
7438  51
527  81
3147  58
45499  67
6537  45
2291  71
1387  61
6863  49
1485  58
595  46
4022  66
2096  56
588  68
4034  74
1676  46
8644  84
2641  61
231|5
2641  100
858  70
593  88
1198  90
109487  80
232|20
109487  70
41769  70
57526  70
70336  66
8644  72
1586  70
44972  68
4019  80
43928  84
30883  63
65802  55
8376  97
39292  77
1035  78
66198  68
66097  79
32011  58
6564  64
7451  60
33164  32
233|20
33164  61
3751  49
48516  80
1721  66
356  69
106100  41
162600  62
608  81
7153  67
134214  64
57669  87
122920  70
2329  84
4239  67
7371  58
3977  46
3147  70
3948  62
49272  78
5418  75
234|20
5418  89
2140  90
172  45
126  33
1562  60
4519  65
153  65
2710  56
3624  84
3483  66
1391  47
438  72
1460  72
2987  79
65  56
260  82
1359  54
3175  85
588  82
2080  66
235|13
2080  94
736  65
500  89
454  62
592  83
235  73
595  79
32  68
527  100
648  62
223  52
588  84
377  87
236|30
377  76
1278  78
1345  64
1350  72
1387  80
1388  67
1982  74
1997  82
1998  68
2447  68
2459  71
2490  71
2496  71
2502  80
2505  67
2542  82
2572  73
2580  80
2596  71
2598  69
2606  66
2657  62
2683  60
2694  66
2718  69
2770  64
2806  68
2858  80
3024  70
3052  72
237|10
3052  72
4254  59
94959  96
293  64
1371  62
1193  78
7361  69
7980  65
43936  49
1374  80
238|9
1374  68
3528  66
4265  54
4901  72
4238  78
593  59
4499  73
4957  77
1193  70
239|20
1193  97
5459  74
4085  70
380  66
95  60
7445  86
608  85
7147  86
6378  83
2115  75
4896  83
36529  82
3994  74
33679  93
47  71
590  75
4022  82
208  55
733  79
51662  99
240|20
51662  94
543  61
480  77
367  82
810  92
500  100
546  59
110  89
173  65
1  100
542  97
104  80
34  73
174  84
204  72
225  98
383  98
262  85
434  76
420  84
241|16
420  71
71899  88
527  72
1206  68
1193  67
99114  77
100714  53
8981  55
53123  65
116897  93
56367  98
3910  50
106782  92
115569  85
4235  84
48780  68
242|7
48780  58
380  70
231  65
457  71
592  76
454  62
111  92
243|8
111  100
353  76
62  87
588  75
193  72
586  100
181  76
376  95
244|19
376  81
1049  73
110  93
257  68
165  84
151  99
1090  100
3755  51
2278  85
648  95
1580  62
1957  93
1610  97
1196  90
3256  100
1573  72
1242  80
3753  93
2243  67
245|5
2243  52
2739  61
3114  75
3274  51
1361  42
246|20
1361  77
616  80
1680  88
6016  100
3081  73
44191  70
60684  77
4973  97
1732  90
1298  87
53125  66
2291  86
2692  87
293  88
4011  94
5013  92
60069  75
48082  100
82202  61
95167  73
247|20
95167  87
593  76
2858  52
49272  67
1961  73
44191  76
527  53
116797  83
68358  64
122886  81
480  87
223  90
1265  78
2078  81
1198  91
1682  84
6377  54
1089  83
953  66
919  76
248|11
919  78
1198  84
166528  57
176371  85
316  64
147374  67
102903  68
189333  74
122912  61
58559  82
5218  84
249|20
5218  74
102903  79
2167  83
94959  82
84601  72
2395  82
97306  64
3408  87
89047  74
91500  83
91542  82
40815  76
69844  79
904  93
46723  66
3826  49
68791  64
88812  74
67695  72
50  94
250|6
50  79
2407  89
318  100
1597  78
1246  100
8880  85
251|5
8880  90
293  100
356  93
318  100
1089  88
252|8
1089  77
89745  99
6377  97
164909  74
1682  84
166643  72
143355  74
78499  79
253|10
78499  100
916  71
608  100
2300  94
7099  83
4217  79
26366  75
1192  69
4642  69
3363  100
254|20
3363  92
44195  69
207  82
49278  81
6333  83
780  65
110  87
1210  87
49272  76
27846  92
32587  80
2571  82
44929  78
47  100
293  100
1580  76
5995  85
32  85
592  88
48394  74
255|9
48394  25
4467  79
2023  100
3501  50
1663  4
1394  39
3392  56
2542  62
2915  20
256|20
2915  85
88744  67
377  79
4973  86
53972  90
118696  71
95441  49
104841  67
71535  68
2953  100
81229  87
53121  75
30707  91
2571  76
68791  80
170  48
6942  100
90405  83
6537  92
33493  89
257|5
33493  69
594  72
2502  68
494  70
2406  82
258|5
2406  68
7147  93
72641  64
76093  67
47099  100
259|6
47099  80
5945  100
1784  72
4886  57
1356  43
1584  68
260|20
1584  71
3556  84
162  81
903  71
5690  92
6337  72
4878  67
5617  61
342  82
5219  85
2997  80
8011  56
1206  90
3317  71
6709  86
8874  89
2348  77
3822  70
2959  90
8645  81
261|11
8645  80
16  78
2060  42
296  89
2723  24
1682  93
4085  67
2194  58
7361  75
4238  55
58559  99
262|12
58559  54
539  53
457  84
322  62
339  46
85  85
26  69
17  82
213  66
273  44
593  69
728  79
263|20
728  71
150  73
500  84
2987  71
2953  44
110  96
4226  91
8370  72
1197  79
7458  88
708  72
1111  88
2125  76
6942  88
5013  74
163  77
457  76
8636  69
1967  58
2085  74
264|12
2085  86
1376  100
151  65
5816  96
1907  86
1320  47
1917  12
150  88
3578  75
1090  87
253  75
1876  23
265|20
1876  68
316  79
253  81
1302  83
724  54
1240  82
3504  70
230  61
3831  63
1956  83
3098  95
529  72
1270  95
3791  73
1177  74
2322  51
1488  59
2474  67
1198  87
1962  61
266|20
1962  67
2812  67
2700  76
2278  57
24  61
2770  54
2702  75
64  61
1405  54
2580  65
1527  66
2167  75
457  83
1580  61
2300  100
1923  84
2094  34
132  48
2571  100
2097  42
267|12
2097  77
593  95
1175  73
3006  100
1302  100
3999  79
3113  91
1093  59
589  88
2571  76
923  100
3996  41
268|20
3996  45
587  40
1125  96
1911  42
2802  55
1036  70
1370  48
50  65
2064  100
1784  51
1912  69
1966  80
454  54
1234  78
2247  38
1394  75
2829  88
802  43
260  98
2858  89
269|6
2858  74
743  41
95  66
1  96
63  71
648  62
270|8
648  70
62  70
79  64
628  40
14  87
1356  75
141  85
25  70
271|9
25  75
32  67
2791  72
969  100
6787  81
2858  83
55765  64
1320  78
2288  70
272|7
2288  93
1240  75
51662  78
122922  83
49272  86
158238  73
6365  83
273|11
6365  69
593  78
500  61
608  88
223  99
111  79
150  79
21  70
466  52
235  79
520  100
274|20
520  68
2947  71
3037  69
1645  69
4951  72
2036  57
1359  70
35957  60
553  70
76293  69
3918  72
1503  62
45431  69
4816  57
54999  74
5667  68
4876  42
56805  63
1921  78
54004  63
275|20
54004  71
2289  89
5884  76
1171  87
357  98
1912  95
2539  72
235  36
4886  67
2572  100
2355  82
3253  67
1192  74
926  62
111  51
2100  75
3089  69
1393  56
1719  78
1392  56
276|9
1392  73
356  86
466  62
104  87
631  90
648  81
2  86
1367  75
344  71
277|6
344  71
736  67
656  67
1  80
780  72
260  90
278|5
260  66
1347  21
4002  55
318  100
2369  70
279|20
2369  100
1101  55
166528  100
90405  43
61132  68
79132  75
56782  66
97913  82
1608  68
4226  74
59315  73
88129  96
54286  57
1258  68
8665  60
58559  78
4993  91
8376  71
107406  50
1200  78
280|20
1200  63
344  48
262  82
3146  76
4239  87
4447  69
8638  91
919  62
72641  87
86817  75
8368  70
49530  94
6863  64
35836  87
55052  86
54503  71
4246  90
48516  85
1911  89
3916  81
281|5
3916  89
8361  34
35836  73
3897  85
3861  45
282|20
3861  74
3977  45
3263  77
25  85
6708  71
2683  73
4718  57
6711  100
5481  60
6863  68
5669  88
3752  76
588  73
80463  80
1921  90
1193  94
4369  66
48322  79
1194  65
784  81
283|7
784  78
39  89
1704  79
356  53
586  23
2082  46
805  58
284|18
805  88
173  74
2  85
296  82
15  93
348  81
248  100
318  88
47  100
353  64
275  79
44  97
339  75
367  72
276  81
165  82
637  66
235  70
285|8
235  81
949  76
1247  93
6978  75
113207  70
4447  81
441  84
296  95
286|20
296  77
778  99
5989  71
1333  63
165  82
500  67
7438  82
2294  76
4993  85
4995  83
7361  100
70  87
4980  65
1258  94
4963  72
1097  89
4848  68
539  62
377  73
110  95
287|20
110  51
3578  54
223  69
2633  51
1059  90
586  61
3005  29
532  78
1193  95
2599  49
2028  75
1485  84
3826  24
2081  75
8949  52
2012  79
101  100
4034  89
2422  25
2115  75
288|20
2115  67
4966  67
1008  67
2867  69
42015  67
141  80
2571  82
13  59
53519  76
2407  55
5418  58
3916  60
2347  73
2528  56
30810  78
575  66
32587  82
587  72
2517  46
8361  69
289|24
8361  66
16  77
235  65
266  70
594  70
708  65
750  83
1080  77
1101  65
1208  79
1220  73
1258  79
1917  60
2012  68
2174  70
2710  55
2797  72
4322  71
6125  70
6327  70
6453  70
7025  70
7028  70
26704  70
290|20
26704  89
1299  71
2494  80
2739  76
608  100
2130  72
908  92
341  75
1447  80
342  62
1056  59
1719  81
953  98
928  72
1394  79
2648  84
475  94
2731  81
1357  93
2385  66
291|7
2385  87
122892  76
106489  68
134853  91
7153  70
88125  100
1  87
292|20
1  56
103339  72
122900  69
4896  79
2291  57
474  79
85056  58
46972  73
95167  69
164909  50
3176  71
3476  68
1608  55
31221  20
1101  51
3985  63
3984  65
1017  82
69844  100
231  37
293|5
231  68
1673  64
344  35
1617  71
1097  56
294|20
1097  55
3869  48
1064  64
2794  59
610  45
2133  47
1391  71
3868  70
1129  99
520  66
3387  52
355  25
2378  76
3693  49
785  34
2193  76
2367  56
2458  37
348  76
3501  56
295|9
3501  96
3198  80
1287  87
1213  87
4351  66
1198  76
858  69
318  68
2329  54
296|6
2329  67
2028  63
169034  67
4144  75
50  100
2324  87
297|15
2324  38
543  49
1645  56
111  87
454  45
1089  68
6  69
1249  83
1047  46
1370  68
1488  71
150  67
170  67
1092  44
866  70
298|20
866  57
95510  45
6811  29
8370  44
8807  70
63131  45
6881  37
3785  68
122900  51
103042  56
6294  37
2167  37
2005  66
6006  57
653  53
55995  55
3018  41
69757  73
103772  50
3825  39
299|5
3825  74
1387  77
188  82
1198  83
1214  94
300|32
1214  88
356  83
527  81
593  83
1172  83
1704  82
2028  81
2324  78
2329  82
2571  84
2762  78
2858  80
2959  83
4848  76
4973  83
5995  74
6016  79
6711  81
7361  82
8950  76
48394  75
56174  70
63082  81
79132  79
81591  69
92259  81
99114  79
109487  79
112183  69
112290  71
112552  81
112556  75
301|20
112556  64
357  26
2490  100
6711  80
589  48
8949  78
837  39
3948  68
364  66
527  70
5989  62
4963  63
608  89
292  26
3578  78
3897  84
4226  76
3753  60
1393  59
1792  59
302|7
1792  100
14  76
3  65
25  67
648  81
707  44
110  100
303|11
110  85
3703  100
1127  88
5544  65
1196  100
3471  78
1580  83
1394  68
2683  67
920  43
1358  53
304|20
1358  87
2571  85
2433  85
10  72
1376  100
480  100
1373  64
1777  62
1270  100
1517  75
151  95
356  85
208  56
474  91
1214  56
1375  73
640  82
1722  81
185  86
2701  71
305|20
2701  78
140627  78
87869  94
919  86
1197  90
106100  63
138210  87
788  79
7482  82
80590  76
103075  70
903  95
6537  78
93840  100
54736  81
592  48
2288  73
58803  82
55276  97
1272  87
306|20
1272  82
68954  90
69644  78
6377  74
95543  65
81847  66
111743  48
85367  44
168418  54
167018  62
72998  71
122904  55
69406  86
85788  83
4963  81
115664  64
134368  60
112852  71
161634  33
133419  57
307|20
133419  59
4181  59
31424  59
49314  59
5010  65
7845  67
3392  37
1220  100
6793  48
6483  52
2332  22
56003  50
1991  28
3273  43
4876  23
3421  78
1409  48
413  53
4447  36
52867  59
308|20
52867  35
45517  34
96821  30
72998  39
318  48
2  47
904  42
589  81
8961  54
56152  17
56367  44
5618  67
36  35
410  36
79132  22
4993  62
8464  57
1221  41
2248  69
6  23
309|20
6  63
1645  50
898  81
1682  78
296  63
1089  87
1269  79
7153  86
6947  76
8340  66
1104  85
7218  71
25886  63
1219  82
8154  76
971  64
1944  60
6365  65
1262  52
2762  69
310|13
2762  60
6947  100
1101  45
6503  51
2524  91
2457  100
5899  64
733  40
246  100
3254  70
1223  96
1080  67
2671  48
311|6
2671  49
5992  19
1517  22
6461  41
1407  84
2706  28
312|20
2706  86
1375  68
3499  73
589  74
2454  68
1358  78
4878  65
4103  77
3793  79
2028  90
1371  61
4121  72
2366  96
2747  66
4105  68
5446  75
2699  78
2529  81
1350  72
1356  88
313|20
1356  65
170  71
3917  90
2455  71
5544  66
541  73
2193  57
2000  53
6  75
1968  72
1089  75
1301  48
1240  61
3175  64
4865  66
2005  57
2167  66
1375  71
2087  67
2530  54
314|20
2530  55
1042  67
44  24
165  42
457  100
293  59
597  52
329  45
442  39
26  62
830  49
728  53
618  63
107  61
536  58
10  48
1376  82
153  54
208  37
150  69
315|7
150  75
2729  68
2529  78
2067  48
2553  66
909  83
902  77
316|11
902  55
253  75
3968  42
158  38
5445  70
3751  52
7438  78
6874  91
48  49
3882  23
2572  66
317|20
2572  71
73321  70
91529  84
74545  81
7445  81
1213  83
48774  95
4262  84
1884  70
5989  100
3578  82
4011  81
68358  61
1208  63
72011  92
3897  95
3499  59
96829  88
116797  83
56782  83
318|20
56782  71
81191  71
90245  71
111817  71
127180  71
145080  71
150696  71
7445  71
1090  63
116799  66
82459  72
48385  58
2294  68
64839  76
88125  76
109487  80
4021  56
33794  85
54286  64
89753  67
319|7
89753  100
6377  93
356  90
136864  47
1221  97
122904  100
110  96
320|5
110  66
71535  100
31184  67
59315  67
1013  88
321|12
1013  64
356  70
160  75
592  52
597  66
780  78
339  69
355  80
410  59
3  65
500  84
457  77
322|20
457  79
1968  68
2542  68
58559  55
2788  73
2146  54
2617  55
2918  74
778  99
2599  36
4027  61
4993  75
1230  86
51540  59
1  82
1617  76
1923  62
4010  56
11  70
1035  58
323|20
1035  67
480  100
356  72
1094  49
161  76
115569  71
1198  76
29  46
551  65
22  55
318  75
112183  74
253  52
111659  58
3257  36
260  87
150  77
329  74
342  60
266  66
324|5
266  89
3972  77
3864  37
3949  100
3897  73
325|20
3897  67
235  89
2986  93
262  86
1573  42
2596  71
1584  80
1217  92
1676  77
4714  65
3770  54
3261  53
2894  67
2155  73
1279  77
1614  44
3994  67
2268  87
2915  37
5008  78
326|20
5008  100
47610  91
20  100
2858  88
86882  100
5418  85
4973  100
133771  78
48774  85
2324  100
1293  61
2692  89
72605  69
70159  80
54286  100
5446  94
6591  74
4226  93
105844  88
31410  98
327|10
31410  84
150  82
858  100
1923  73
51255  81
48516  89
1304  57
765  74
6888  79
2706  91
328|20
2706  49
112852  59
70286  71
1196  81
457  52
364  66
80463  79
3489  87
318  74
595  74
5349  60
2542  89
1219  100
35836  79
3751  78
79091  64
7153  86
596  100
2398  46
1148  79
329|5
1148  54
136850  54
858  57
1884  95
750  63
330|20
750  49
316  78
1639  73
2918  76
919  66
3949  93
3535  85
5349  83
380  80
1676  100
2502  87
3703  62
1682  95
2683  39
1206  89
1721  43
2791  30
2081  75
8874  68
592  90
331|20
592  67
6157  24
88125  47
6539  73
3897  66
4446  43
7361  100
50872  89
4995  70
4306  53
6874  68
5502  52
3911  61
608  80
4447  63
593  82
3751  60
8665  67
4367  65
2959  100
332|20
2959  68
1653  84
1258  68
316  63
8983  77
431  67
97757  68
2291  71
1835  61
356  76
5502  76
4308  89
1203  96
1682  56
1249  83
76251  62
2905  77
318  92
2294  64
32  81
333|5
32  62
3752  63
3616  40
3615  53
3646  35
334|20
3646  57
1196  75
1580  72
1291  74
3996  66
589  80
30810  46
4027  73
1  77
64957  72
1625  77
50601  72
44195  67
27416  62
6867  76
2997  68
293  61
480  83
5378  72
51935  81
335|6
51935  74
592  79
356  79
296  78
2699  58
2001  66
336|12
2001  85
1  97
38798  83
33660  78
1784  87
2001  84
2268  73
293  100
1625  82
4886  81
50  82
150  76
337|16
150  100
47  70
16  74
805  95
1393  87
266  70
667  73
168  69
784  84
65  45
110  94
708  81
25  64
1356  93
277  60
786  86
338|8
786  64
190207  64
190215  64
190219  64
7153  54
593  73
187541  61
185029  80
339|20
185029  72
5445  100
84152  82
96079  88
106072  67
69122  79
5617  79
41285  83
56869  75
48322  68
65216  84
91630  71
86504  79
91529  87
83613  69
4993  81
3470  82
102407  68
2028  100
5952  82
340|28
5952  67
110  78
150  75
153  60
161  73
165  72
185  63
208  61
253  73
288  63
292  67
296  81
316  65
318  88
329  66
344  62
349  70
356  83
454  72
457  78
480  74
589  77
590  77
592  68
595  74
648  69
780  70
1356  76
341|11
1356  74
3624  63
130087  75
1370  72
135137  98
117529  67
5459  82
45672  79
1  86
47099  69
4025  56
342|14
4025  86
2598  48
2881  32
2369  33
1268  71
2605  48
2599  44
1198  78
3157  47
3826  27
2428  28
2827  47
3863  78
1959  65
343|12
1959  80
3000  67
48394  70
4226  77
4878  91
3993  70
2571  71
1617  77
31658  78
55363  56
55820  57
296  77
344|14
296  93
380  79
316  76
2628  97
4226  67
2571  80
4014  63
2012  78
4034  89
260  92
2541  76
4973  82
5418  64
2712  57
345|13
2712  21
2539  65
926  91
5902  88
8810  95
344  66
5707  74
2366  96
56949  67
3649  67
6658  71
3489  83
412  100
346|20
412  54
778  63
608  94
6711  80
6286  64
306  79
7323  81
307  68
3535  56
1212  75
357  54
3949  85
714  67
7937  71
7396  79
5878  74
1120  69
1131  77
3627  72
7115  62
347|9
7115  59
590  71
39  66
150  66
454  63
380  84
587  68
317  74
457  84
348|11
457  100
2324  92
4368  92
1213  100
6016  85
2959  96
6893  85
4973  96
1221  97
1960  80
2019  100
349|8
2019  50
161  86
589  97
381  70
349  78
231  83
588  93
509  96
350|8
509  76
7  69
637  75
648  77
733  64
12  45
858  75
661  42
351|20
661  70
87222  67
73344  65
52579  66
2231  81
88744  88
43836  39
79132  81
597  83
58559  100
12  68
8914  77
8950  63
63082  84
6214  73
90376  68
84152  70
480  63
4878  100
1193  82
352|20
1193  71
71745  56
1801  89
34319  75
2600  80
65682  70
1080  83
79695  58
110730  73
38038  80
130490  70
97752  76
1214  85
94864  55
41566  67
56587  84
44191  82
114935  71
59315  73
47610  68
353|18
47610  50
25  73
267  30
216  67
367  62
288  70
144  78
186  56
333  70
266  55
112  54
198  99
234  56
145  63
293  86
158  43
163  70
296  98
354|20
296  87
4306  78
2692  91
3147  88
47  77
903  55
733  75
3977  58
1225  91
35836  70
648  84
44191  76
8665  65
1917  67
7147  83
1923  76
589  69
2959  100
4718  20
1196  83
355|6
1196  81
1580  100
3035  80
3175  100
317  78
916  81
356|20
916  96
52435  87
52975  85
7122  76
44889  76
1641  62
2706  80
4011  95
802  78
7323  73
2502  85
56367  94
1223  100
55118  90
3949  77
3996  97
1246  83
1466  70
223  87
7153  87
357|20
7153  75
8998  75
27329  75
2804  82
595  58
529  84
4663  64
4091  75
1224  89
1242  86
34  72
208  50
58559  77
6296  70
30793  78
1042  69
2100  64
551  70
471  87
2067  65
358|9
2067  67
605  64
5066  54
52328  63
2226  67
42728  68
7361  97
69844  70
36525  78
359|15
36525  76
1092  59
1101  71
51412  59
648  57
296  87
1097  91
2396  64
2424  49
593  85
2701  44
2942  51
1682  63
2530  61
4995  88
360|5
4995  25
1620  62
1488  75
1711  15
1414  53
361|20
1414  61
1580  72
377  74
1552  68
49272  65
1263  53
53125  79
589  65
49822  47
8360  64
318  67
2529  53
5218  63
6188  61
2422  62
3082  92
1732  30
1370  72
46972  53
7458  100
362|20
7458  85
592  78
6539  77
51540  83
5989  72
637  66
70  72
7153  86
1252  81
44665  90
407  71
6874  97
2959  89
1196  98
1208  94
8961  90
48516  93
7438  100
356  97
1201  86
363|6
1201  39
1732  38
1517  81
296  65
653  74
318  91
364|5
318  73
9  82
783  62
376  42
1  100
365|20
1  61
81229  61
128975  47
6874  47
90345  54
158872  55
129354  42
103075  46
135536  25
70286  49
112852  74
76077  51
112818  64
1777  45
6502  51
155820  49
541  81
95720  49
93270  24
135569  59
366|7
135569  81
59315  77
33794  70
91529  77
2028  76
122882  85
7438  88
367|20
7438  44
3061  41
1270  64
1287  76
486  92
3536  75
3824  34
2384  87
3072  68
898  92
3618  72
3225  100
2248  100
3157  86
3969  53
3717  76
1259  92
4023  72
1196  91
1258  91
368|20
1258  56
2112  58
1944  69
2986  57
3869  53
1214  92
2947  73
415  47
3035  71
832  46
50  79
2819  61
1801  56
2490  56
1917  43
1391  50
2193  71
225  50
161  56
2881  36
369|20
2881  92
785  63
47  75
2706  52
839  51
377  75
52973  61
743  28
4214  45
5418  74
3863  60
1372  70
27904  68
60069  76
2857  61
1967  74
150  61
2011  33
1580  75
3174  83
370|19
3174  90
4878  70
8961  67
6377  76
2628  71
1748  57
2116  74
589  52
2329  79
7438  56
3977  72
1676  55
593  80
4973  73
4226  79
1240  73
1089  86
8636  89
2716  76
371|9
2716  91
112512  85
1258  99
4090  76
56715  76
3000  83
4226  97
4993  94
1748  90
372|20
1748  66
924  92
318  100
1603  33
1479  54
589  78
81  53
387  37
616  67
337  65
1220  52
1201  87
165  65
1243  97
1258  67
377  86
1401  69
450  84
1206  63
1306  61
373|20
1306  73
60  60
169  93
350  39
585  18
44  52
371  60
163  59
616  70
198  60
265  79
25  66
6  79
733  75
47  71
2  74
736  76
305  54
357  31
141  53
374|7
141  83
208  48
1219  72
480  83
592  64
1258  86
1339  63
375|7
1339  91
1027  76
32  91
2628  72
3256  70
4226  100
500  58
376|20
500  65
2002  70
1214  79
1101  98
2916  83
33794  88
1198  88
349  79
1371  73
376  87
1240  89
1375  76
4993  62
858  100
457  96
4226  87
5952  65
344  56
2763  77
2797  90
377|20
2797  77
2793  52
1262  100
2791  100
748  66
1345  34
5027  72
5113  75
27692  77
3421  59
6021  77
3364  77
2072  73
8641  81
2163  70
92760  77
2858  81
1503  64
2124  58
2015  75
378|10
2015  84
7153  96
48516  83
3114  82
858  93
68954  77
91529  75
71535  78
90600  77
364  81
379|8
364  96
377  82
19  39
292  91
480  84
367  79
597  69
344  19
380|20
344  77
172875  77
172881  77
172887  77
355  70
6979  69
5476  18
2735  79
68194  79
63433  61
72356  78
105731  74
1833  54
551  86
6731  77
27831  84
1665  85
393  51
140956  76
2791  92
381|20
2791  57
1088  85
3253  58
185  59
317  67
27808  72
1240  71
19  41
3753  100
4321  74
72011  89
3082  76
333  71
2140  65
1385  58
2273  61
1208  47
457  68
104  69
2716  69
382|20
2716  100
142372  59
135532  72
1201  100
112171  52
1198  100
912  100
81847  78
4638  67
63540  79
1681  48
170289  77
103042  63
72737  100
2496  64
357  57
81537  72
59501  67
101362  63
4890  76
383|7
4890  100
2541  100
2496  83
1584  93
2558  74
1246  88
903  56
384|14
903  78
1388  67
2683  58
2502  77
4333  77
3098  49
4396  63
457  92
358  66
968  66
2724  75
296  82
3991  29
1204  57
385|20
1204  48
1080  69
249  72
1219  64
1036  100
1136  98
282  52
1073  62
1200  73
1228  57
1022  67
1007  54
1201  83
1246  48
344  63
589  97
1023  54
1287  75
594  74
1303  77
386|14
1303  57
410  44
112  47
165  71
223  94
648  49
185  48
608  75
485  60
305  58
44  48
585  48
349  53
10  56
387|20
10  62
5156  62
5780  62
7336  62
26124  62
40966  62
2712  69
5062  64
1247  78
5489  62
4195  62
7132  86
2946  63
1387  60
3000  78
51939  74
4995  82
912  66
7938  62
1783  53
388|6
1783  70
63239  70
33615  52
86298  99
62999  81
8360  100
389|7
8360  78
140  91
628  100
762  66
743  71
95  85
32  91
390|17
32  70
64957  50
4239  90
5220  93
1193  66
2571  83
9010  63
2291  70
5296  68
4226  76
7254  56
6377  89
63062  71
1206  76
2329  61
4014  46
1784  70
391|20
1784  66
500  47
3994  40
1213  73
516  64
199  88
4027  47
150  88
1408  48
4014  52
1527  84
1059  88
2916  71
4973  63
357  41
555  100
5026  61
4936  65
1210  95
3067  60
392|5
3067  36
2858  83
707  100
1198  83
1125  61
393|20
1125  36
102125  52
48394  90
36517  91
8636  64
110102  100
44199  58
5388  69
54259  53
4848  65
5669  68
1291  68
68848  71
86190  65
2571  86
1206  55
122892  35
106642  65
1625  100
106489  98
394|5
106489  81
316  35
344  56
225  26
457  91
395|13
457  71
1025  72
296  78
160  60
208  59
173  60
485  34
355  32
520  47
595  65
126  52
48  52
367  45
396|6
367  93
1597  59
1777  75
44  54
204  4
2081  87
397|5
2081  86
8645  87
1701  80
8228  100
6993  75
398|10
6993  74
1197  100
5971  64
7022  100
1198  80
60069  97
2455  70
1136  91
48516  68
82459  64
399|8
82459  79
110  66
5445  100
1196  89
593  78
480  86
1270  71
2194  63
400|9
2194  100
356  92
2571  97
2959  87
7153  89
1221  100
3578  92
858  100
59615  60
401|15
59615  76
6297  71
55768  63
48982  74
166461  60
49274  60
50872  76
32031  82
79091  79
170939  67
38038  73
8360  59
3114  62
33615  66
1136  51
402|10
1136  85
597  65
52  61
329  77
296  94
586  37
315  52
1036  80
434  66
527  99
403|7
527  65
2427  71
3210  94
296  86
61465  65
1663  54
180  77
404|12
180  74
349  70
474  69
34  68
364  74
508  74
105  62
593  89
509  63
277  43
315  50
185  59
405|20
185  75
293  86
7254  78
37731  68
2959  97
345  68
1213  82
7134  75
64614  87
6023  72
1241  96
2329  88
1247  85
3052  86
68237  73
1199  89
27592  75
27664  76
3418  88
1215  69
406|5
1215  75
135  43
56949  45
46972  54
724  54
407|5
724  96
2959  62
6539  94
1240  84
54286  86
408|20
54286  96
122904  100
44840  81
165101  70
6618  75
1291  83
1210  68
89745  67
1278  100
7324  95
44  68
8641  72
115210  78
103596  83
68554  99
2571  97
109487  84
63131  80
80489  88
4649  98
409|20
4649  49
2490  57
2028  91
3812  58
1278  97
2997  100
296  100
1078  80
3016  73
1073  99
2683  75
2289  96
3846  76
912  93
2013  62
1911  65
2352  82
1230  65
2541  68
3174  64
410|20
3174  73
3224  88
318  98
2302  56
4002  69
1060  78
4297  72
3263  56
1859  70
111  71
58  82
2145  89
3255  90
2321  76
3504  58
3948  66
11  99
4019  72
3  42
597  61
411|20
597  74
261  88
586  42
432  66
353  85
431  77
194  93
318  83
272  69
515  61
356  86
266  69
257  54
349  85
10  85
31  67
344  40
227  50
455  42
122  68
412|20
122  42
2384  100
2915  62
903  90
608  100
2720  87
2858  100
1883  71
1307  94
1214  88
1784  76
2239  100
1  88
930  80
1136  100
2710  32
915  65
2398  79
17  100
1079  77
413|12
1079  100
1198  100
3753  81
2424  100
593  96
128360  84
4993  67
16  100
5574  56
3948  75
64957  64
2959  78
414|20
2959  71
4666  71
5285  71
5635  71
6033  71
6493  71
6563  71
6628  71
6797  71
48319  71
58879  71
169992  71
3802  56
3599  74
1600  72
8666  37
4975  83
7444  59
4081  64
177593  78
415|19
177593  91
1213  88
4321  68
3507  77
4308  63
47  88
1021  56
111  91
2617  78
1276  94
3861  69
4369  68
99114  89
1221  93
63082  84
1234  82
45722  71
1197  83
175  77
416|11
175  86
5951  61
531  36
1296  12
1199  85
1721  40
830  37
1206  75
7323  83
4848  79
3677  67
417|14
3677  100
4995  97
4975  87
7254  67
1198  90
106782  77
27773  84
168250  100
1625  86
7153  100
74458  100
110102  91
48394  67
4878  74
418|19
4878  85
296  68
63082  98
104374  58
1276  100
1136  96
117176  71
1573  56
137337  87
1682  100
5816  65
88125  6
74458  69
367  30
89745  83
45672  23
87869  57
7361  100
54001  32
419|20
54001  71
111  54
46976  79
27822  84
2858  85
319  87
6287  92
3578  85
1213  88
64969  61
47  82
79592  80
34319  91
89580  71
60756  63
27704  71
90943  71
2412  48
1240  92
52245  30
420|20
52245  79
4993  85
45499  60
923  87
26693  73
48385  83
1927  85
5608  74
2052  64
6934  54
7022  67
3979  52
59295  73
2329  84
54259  83
1131  76
2762  81
4973  82
5669  82
527  85
421|8
527  100
909  72
5008  84
953  100
1178  100
2313  55
2478  33
1203  69
422|19
1203  55
2710  0
4947  68
4971  54
5039  71
4925  68
2581  77
4916  69
1265  87
2804  75
3053  60
2665  68
1283  79
4835  73
2908  88
3943  51
1213  80
2670  81
858  100
423|5
858  72
110  58
2194  88
5349  72
1320  61
424|20
1320  58
141  71
2804  49
40278  75
608  56
108729  61
293  98
69122  72
1092  53
54503  79
58559  77
3186  70
66097  99
778  98
5679  53
3176  78
2288  50
2174  48
71668  73
112556  72
425|20
112556  59
377  64
2329  81
733  69
6  81
1645  68
8368  71
2081  70
4306  78
1680  73
1909  72
367  65
46723  77
1625  71
1036  74
4901  67
750  83
2353  63
1342  60
145  58
426|18
145  80
150  42
471  30
337  50
54001  90
1197  55
6378  75
72641  100
4886  79
8644  88
37729  61
597  68
5444  70
91325  58
588  81
3247  84
4022  100
79091  63
427|17
79091  48
5463  51
5015  45
110  48
58  78
5528  89
6348  60
5312  41
2710  55
5696  54
4993  89
5266  53
2683  92
5400  52
5816  52
1208  100
5574  83
428|20
5574  28
2762  68
3827  40
1089  84
2953  24
2916  62
1380  91
1997  68
3440  26
4022  36
317  33
4255  55
1208  61
1391  71
6377  94
2581  37
260  87
3285  17
588  52
653  52
429|12
653  84
421  82
150  80
225  61
165  80
266  76
329  60
252  80
279  86
317  64
237  100
204  68
430|12
204  55
2987  83
3745  76
6287  89
2858  100
6365  100
2571  79
4447  71
4014  64
329  58
2076  71
4446  62
431|5
4446  42
1625  59
1376  52
3948  44
802  27
432|20
802  98
5630  89
6870  76
8640  68
6539  71
3916  96
5989  89
84189  70
110  82
35836  75
4886  84
2762  78
1206  81
49272  81
19  40
318  90
58559  78
69481  74
7158  60
33660  74
433|5
33660  96
1089  63
50  97
5299  80
110  88
434|20
110  79
3147  83
1090  72
1265  91
5989  57
1101  27
1779  59
586  41
344  74
3863  48
1208  100
3160  57
589  73
780  56
6796  87
2791  63
4226  100
2194  88
8665  66
1291  73
435|9
1291  73
44191  90
485  60
3510  85
34405  83
2302  79
158  70
82459  91
48780  87
436|20
48780  50
435  38
440  73
432  69
161  81
480  75
377  69
531  62
536  60
502  53
364  100
235  59
371  81
344  59
2  63
585  40
450  63
587  68
437  56
227  52
437|20
227  45
318  100
5  45
640  45
1299  95
1120  57
1396  72
1246  85
454  67
1171  88
1225  84
1183  65
1097  91
1307  94
1268  64
592  69
198  90
155  56
112  99
246  88
438|20
246  75
2501  68
8966  59
27801  79
1527  75
6711  95
3898  69
1784  73
8644  64
6367  67
2424  74
3889  70
223  93
1517  86
7361  92
2641  76
5009  63
2617  86
3753  81
2393  82
439|5
2393  89
4022  79
7153  92
78499  85
1240  77
440|7
1240  73
541  81
29  80
1653  76
1274  52
3174  62
1235  89
441|9
1235  60
2683  86
2959  72
4306  89
260  68
296  62
51255  98
47  76
68358  82
442|5
68358  34
2881  71
1186  18
3752  34
4361  57
443|8
4361  100
79132  79
296  81
48394  82
106487  60
108190  100
7153  86
63082  77
444|9
63082  86
592  73
208  46
21  58
111  90
110  70
235  73
296  95
344  56
445|16
344  63
590  62
34405  78
47  75
116897  76
780  72
4011  95
899  100
593  87
33794  85
1080  81
45722  59
17  71
1230  74
306  87
2710  67
446|17
2710  65
339  70
300  59
296  83
480  68
368  57
288  56
172  38
17  93
16  50
357  63
150  68
434  46
153  33
648  65
593  85
337  67
447|16
337  83
293  84
337  100
531  83
382  90
589  80
552  72
253  88
362  73
532  70
292  72
31  71
474  80
540  84
442  83
160  66
448|373
160  65
3284  65
3933  65
6302  65
6476  65
7245  65
48262  65
49688  65
75803  65
75816  65
78116  65
79590  65
86593  65
92198  65
98908  65
100326  65
102819  65
104760  65
108715  65
109191  65
111680  65
113416  65
116207  65
116985  65
129657  65
130083  65
133377  65
136654  65
138546  65
142424  65
151777  65
152658  65
157130  65
158022  65
161290  65
164375  65
53996  53
136778  65
5418  69
288  72
88356  43
2580  75
155358  65
2889  77
4034  79
148888  50
81156  76
2713  48
103335  45
95441  88
34048  59
80126  58
3057  65
1057  69
2794  49
33830  53
8665  69
6059  60
110553  44
90374  71
151501  65
3764  50
6143  66
103819  76
4361  64
104913  69
3986  37
5528  82
1196  83
105351  55
83349  65
3276  65
1090  84
5349  70
587  62
106330  66
4677  52
95508  65
109895  45
110611  65
671  59
2289  57
152077  75
80693  79
111360  61
170  79
87444  64
94323  67
8493  79
3671  86
91653  62
4981  65
2991  69
78034  65
119145  69
5099  46
4299  71
2567  41
6996  6
109864  68
6582  51
73017  82
370  53
543  55
115617  79
590  83
154065  65
5553  58
41569  58
3286  44
6645  68
589  60
1920  53
2857  82
111663  61
78499  67
2657  59
6537  48
1148  89
46974  46
48516  86
80241  64
445  59
4262  58
3689  42
114935  80
6428  65
127194  65
109673  62
127096  73
89388  65
4156  65
3793  62
33679  62
2014  54
64285  71
3968  44
49530  64
3450  50
160563  62
5502  58
8169  65
6314  52
122490  65
3386  65
140725  64
4896  68
2642  48
127136  64
2763  66
2520  65
457  64
48783  65
3263  65
5400  54
5541  66
4011  78
58351  65
127132  65
152091  55
3698  79
435  57
4799  59
84152  57
3401  63
2858  75
3174  43
7076  61
106542  65
6218  81
2860  45
1283  69
3618  47
2616  29
90439  51
2404  54
4660  65
2530  59
26386  65
4327  61
3030  80
71464  79
32  70
91529  74
4158  62
99114  64
98585  67
93326  45
2268  63
80489  74
130576  46
105504  69
2791  71
50601  51
7007  70
4234  57
3623  57
80727  58
78467  42
8641  75
4128  69
106782  65
2537  55
112138  84
3247  66
112818  54
2027  42
3101  75
5779  65
82202  40
1704  83
98296  65
6863  71
89305  65
4203  57
1201  83
6212  71
637  33
84954  67
6814  65
94864  46
67695  63
159077  65
92439  68
6812  56
3156  78
802  63
118354  65
134130  61
138036  76
65135  65
52975  61
4368  51
90717  52
45722  67
79259  65
68157  71
4233  90
74458  48
3258  60
1262  90
3949  67
101025  59
69526  57
1831  51
1083  62
1884  64
1476  64
156609  46
3755  46
111659  48
4734  46
161  64
95201  65
135887  68
2598  48
87232  74
4634  78
5334  61
5459  40
146730  65
72694  65
157432  65
132488  65
4558  62
1375  66
6424  65
71518  68
2716  74
94780  52
3593  32
129354  53
158  43
1409  68
6514  65
2881  42
51662  56
90522  43
68554  53
2126  68
122932  65
93510  84
137857  66
125916  56
2953  43
2090  63
1760  57
480  82
58803  58
2109  55
50792  46
46062  52
85510  64
80864  65
112171  50
122900  40
2587  42
1527  76
117529  61
4993  77
92264  63
5247  66
533  30
912  97
26464  65
2249  55
4678  43
103772  63
114601  67
96861  50
420  43
59615  42
2349  55
109372  66
95207  44
348  77
19  38
136020  65
4502  65
91094  41
138208  63
3511  44
79428  60
2643  34
109183  65
2139  62
4212  65
5942  54
96417  63
112852  67
99728  68
89470  62
142448  66
64983  66
2640  69
2046  61
4881  59
3882  36
3744  66
1032  80
116799  69
5  70
4040  52
157407  65
2115  73
1617  85
4367  36
105254  65
3388  45
3760  70
2146  60
2968  66
6281  48
466  56
96448  60
86332  51
64969  80
115170  65
1036  65
3397  59
2474  61
1408  85
155743  65
106920  78
8542  65
120466  58
2051  66
7143  77
7150  62
89087  56
34150  64
2253  57
2973  80
449|8
2973  49
2502  75
4034  72
1222  77
2770  53
762  55
2011  81
2324  73
450|11
2324  59
589  78
110  89
3363  84
3535  81
3948  73
3409  67
1035  100
3568  76
358  77
1259  76
451|7
1259  75
593  93
7  86
5  59
494  52
25  100
17  75
452|20
17  65
2858  100
2617  81
5292  92
1206  100
1676  100
3219  68
47  100
3101  82
163  97
1092  79
1917  90
2126  90
1356  100
552  87
2628  87
1200  100
608  92
2707  91
3273  81
453|20
3273  76
858  70
2335  63
4022  66
3618  69
1617  100
3452  100
1357  88
112  75
2671  61
1884  83
1894  75
2294  59
318  77
1614  100
3534  96
2959  76
798  61
5266  100
780  48
454|9
780  95
2692  91
7116  80
55820  82
6016  84
27773  73
2160  80
2858  82
26131  91
455|12
26131  82
432  66
367  58
590  76
253  83
364  78
555  65
252  84
110  84
225  67
588  77
597  75
456|9
597  55
634  81
135  76
5  86
724  64
780  94
733  70
260  78
706  73
457|10
706  63
3593  33
2692  70
1356  78
223  88
2394  81
2701  41
3608  56
733  78
2094  55
458|12
2094  87
185  43
10  85
380  71
95  44
454  69
300  100
595  80
153  76
587  67
150  86
552  72
459|6
552  70
5618  81
8961  88
48780  71
50872  97
260  100
460|17
260  77
4886  89
4703  89
3831  81
1441  68
4878  100
3483  45
8970  91
1  69
49272  93
40815  85
85414  75
68237  70
76093  80
47610  82
63082  80
2571  100
461|6
2571  59
2762  100
1036  18
91500  25
3578  35
539  58
462|20
539  54
89090  54
164655  54
188189  54
1136  47
1219  73
158966  59
1248  58
508  37
1653  66
1674  70
8917  22
8620  79
3424  58
2146  50
7044  52
3814  62
1213  73
82857  54
26131  76
463|7
26131  94
2028  73
4310  55
3753  74
2006  69
1092  49
5995  73
464|20
5995  71
58025  99
63853  43
296  88
2019  90
3527  68
5254  58
7007  52
1101  87
1779  34
377  70
1653  76
55820  99
648  90
33493  77
1610  91
65088  50
74727  67
1617  91
62374  89
465|20
62374  92
2987  72
1200  82
3448  91
5060  100
1299  84
3703  71
3649  63
1625  61
292  74
904  92
3101  78
1754  77
750  100
1256  83
593  97
3732  76
3740  68
3334  94
377  79
466|20
377  75
30793  75
79091  80
92259  76
5989  62
5459  78
318  92
63082  80
59784  68
5010  84
74458  70
6281  56
5952  45
8529  99
64716  66
68954  85
4993  65
45447  75
81845  80
55247  88
467|22
55247  71
58  76
389  70
466  62
527  81
593  83
780  70
1183  72
1233  77
1357  76
1365  70
1408  71
1721  68
2028  81
2125  73
2324  78
2334  69
2384  65
2390  71
2393  71
2394  71
2493  70
468|7
2493  53
349  71
1  78
317  86
296  88
32  81
165  78
469|20
165  71
3832  71
3507  71
3032  69
2736  77
2132  62
1958  57
910  93
1090  84
1485  80
1388  52
2321  67
1234  100
2081  88
1193  100
36  62
2908  88
909  52
2023  66
3255  82
470|16
3255  66
318  84
110  88
588  77
282  56
5  62
597  68
32  69
595  79
592  75
500  83
26  72
356  79
357  62
434  55
300  71
471|6
300  79
8874  69
527  74
1  58
8360  74
7147  73
472|6
7147  100
3450  69
3298  85
2840  70
1221  76
858  97
473|8
858  78
2959  95
60  64
7147  81
6281  70
3897  89
48322  83
2596  67
474|422
2596  67
2179  67
2697  67
4046  67
5114  67
5311  67
5353  67
5455  67
5601  67
6201  67
6273  67
6382  67
6407  67
6592  67
6912  67
7702  67
7826  67
7832  67
7839  67
8057  67
8446  67
8458  67
8459  67
8611  67
8650  67
8774  67
8938  67
1466  77
6708  76
2940  68
2616  53
2334  79
7139  73
4218  67
371  46
750  93
2935  79
8645  74
5481  75
6370  53
25865  67
2553  57
912  81
2467  66
5548  74
7301  63
52967  70
5945  98
480  82
1983  49
3462  74
1068  67
8600  74
6650  89
8482  67
6791  88
4016  66
1784  80
3668  70
3977  55
8961  80
4160  83
30820  67
6984  67
2750  74
5034  65
7716  67
2612  67
4419  88
1300  81
4187  67
1187  57
6565  80
272  82
5440  67
25937  64
1099  70
3125  67
5826  67
5649  67
7256  92
4912  77
6016  79
1208  62
2083  76
3385  65
2310  70
3360  64
3163  68
1413  71
4081  62
1643  68
968  61
2116  55
26965  71
5954  72
1263  80
5116  67
3536  79
8778  66
63433  64
2952  83
318  95
3394  51
1200  76
3384  69
4356  78
932  92
7698  73
516  65
4873  79
48385  64
39869  78
1902  67
2641  63
7036  57
2181  78
4638  30
31116  75
2455  61
2146  71
628  68
3897  81
1030  41
4022  59
344  68
3196  70
92  58
237  74
6770  66
3259  63
3368  66
26151  71
1293  67
34072  83
3044  80
1639  49
5944  74
6539  74
477  62
7361  81
55687  67
58  86
4014  50
3467  73
8154  87
4191  63
2134  42
4644  73
4293  71
5013  74
1399  79
1196  81
2918  87
5899  74
4465  64
100  54
361  58
3341  92
8921  67
195  31
3789  67
4709  66
1588  69
3468  93
4678  43
2723  42
2118  43
1939  91
7019  68
3147  65
1792  57
33903  68
1682  65
41566  69
1693  65
1957  71
5021  67
2313  59
3870  67
948  77
47099  75
3447  72
6614  54
216  54
5619  68
3987  63
5060  76
3111  83
45950  74
32584  54
5525  67
2567  45
5956  60
7  34
1172  71
3217  68
8331  67
587  55
5238  68
1189  73
2416  66
832  51
3095  82
7386  72
1223  78
7058  67
5246  36
5418  77
27803  74
26  67
4002  74
1135  58
45  60
6945  77
2411  44
2520  67
7347  70
5375  67
5673  60
3039  71
7833  67
33781  66
720  85
2103  53
33154  80
608  83
1327  50
101  90
7061  67
5451  71
5682  68
5434  71
6609  67
31658  70
4578  71
2009  82
4704  67
7572  67
4929  55
3306  72
6334  70
5379  79
5437  66
42418  57
4128  61
7451  74
2786  37
2243  92
27846  75
6197  69
3264  41
3608  58
5603  65
6124  60
1222  76
1663  74
3566  73
3755  42
2628  59
4815  55
2089  73
7102  73
27706  73
7013  72
1348  68
45666  86
5755  40
4055  69
2058  61
4462  55
1544  64
2405  53
4998  67
273  66
1977  48
1732  95
7822  67
7073  67
41527  72
4787  82
1676  58
3708  48
6669  100
317  63
25940  67
971  75
7366  87
3115  70
7026  52
2710  54
50685  84
2114  76
3809  57
3516  66
2770  61
535  45
4878  75
5992  49
41997  82
1083  68
4487  50
7293  87
1016  66
2006  42
1007  60
4993  100
3412  71
5007  67
3929  73
6639  82
8712  67
1876  41
3546  67
34359  67
7579  92
7325  65
6837  67
2634  68
7753  67
8943  50
8385  67
4308  88
3246  76
3745  73
1148  70
42002  65
50740  77
3952  78
1927  98
7581  66
910  98
3948  73
54881  100
1284  67
4007  51
5341  68
3675  61
52975  63
6244  69
965  61
454  57
1247  100
7215  58
1282  67
8207  72
6242  64
6502  64
4509  75
3528  70
2391  72
4262  62
4039  92
42018  73
3271  74
976  67
48394  66
5384  67
5168  67
1358  54
6534  53
8773  67
2384  84
48780  63
1269  76
4600  74
2642  31
111  71
933  100
3578  92
5297  70
944  67
6020  67
2123  81
748  60
4896  87
5380  84
53953  65
3712  64
25996  67
1997  65
4464  76
4085  65
51540  70
2707  62
2069  71
6710  65
1488  62
6378  58
928  88
3038  60
7116  92
44511  67
594  75
1962  84
421  68
4316  64
2761  100
4823  66
892  86
1345  67
5294  75
1408  61
6579  69
3272  97
3421  83
3844  69
6787  78
37736  72
2249  59
1610  67
2468  31
3498  79
4902  57
6268  74
5225  80
5404  90
929  67
25999  67
7835  67
805  75
4126  64
475|20
4126  93
4993  97
87232  88
40815  91
5816  90
8644  95
81564  87
4701  86
81834  100
6564  85
68791  85
111759  100
7153  96
1527  87
71530  88
4896  100
106487  82
112852  96
3578  97
82461  89
476|14
82461  87
34  88
380  63
158  66
153  56
586  42
440  87
364  96
378  71
357  77
224  91
165  62
296  100
11  69
477|20
11  65
913  72
3100  88
2105  50
1271  69
1207  58
70687  60
2174  77
45672  60
4571  76
3973  51
4226  100
1103  99
5291  43
348  100
3593  52
1  73
1274  67
6502  86
59615  56
478|5
59615  82
3114  80
594  58
1584  78
1101  98
479|20
1101  72
4488  73
524  57
1025  82
3707  66
1220  43
4010  63
3244  61
3526  76
4092  73
1968  76
4700  67
4003  72
3671  92
2671  58
341  72
2012  83
2542  100
454  63
2384  69
480|20
2384  66
2700  86
8533  90
2193  63
2797  98
3484  52
2571  68
1210  100
2596  63
8866  52
47610  67
6306  85
5379  84
2018  71
7153  100
3911  96
44191  70
38061  79
5673  87
380  54
481|7
380  40
1687  69
1629  25
1729  98
1620  35
1597  70
1485  42
482|20
1485  80
8985  80
1036  88
474  74
1042  49
4389  73
780  86
27706  55
3211  71
1610  69
4367  52
1374  69
1220  78
1602  68
653  77
592  74
30812  42
4862  68
8361  63
8529  65
483|20
8529  71
783  41
2541  81
2959  83
109971  71
45722  74
1199  96
50872  91
2000  63
4306  79
69757  94
2683  59
2273  66
1588  84
109487  86
66934  75
1721  72
2328  64
68522  71
8972  96
484|20
8972  75
1438  91
6155  78
6944  100
2706  97
33166  54
6874  64
3697  36
1059  56
76293  84
919  78
2762  68
1821  79
837  83
5810  85
1753  81
3254  97
4718  89
2413  72
3646  76
485|5
3646  100
161  100
253  45
292  84
231  40
486|12
231  70
47  100
110  100
153  61
474  78
95  71
288  63
329  86
161  75
318  99
292  89
6  72
487|12
6  71
8961  56
318  73
1198  70
31658  99
1197  67
6539  60
5445  52
116797  73
4027  73
8874  92
86377  47
488|20
86377  97
838  70
608  93
1223  83
26  81
5135  81
2109  62
7720  99
7303  73
4014  81
5995  60
457  70
105  93
1136  96
272  82
1269  65
3176  32
1278  86
1125  100
910  99
489|20
910  62
86000  62
4848  100
736  77
8387  21
4700  50
45666  34
4720  54
2683  41
2021  42
2389  0
1619  75
950  57
58559  94
2236  48
2167  70
1616  61
247  83
376  86
2717  52
490|20
2717  68
89492  88
81591  59
91077  66
60074  63
5816  57
4144  86
54001  59
1  49
1784  67
7153  77
4993  80
89759  73
86320  60
60128  60
76251  68
8368  53
69122  66
2006  54
78499  73
491|13
78499  68
69757  87
7293  94
27808  69
4246  100
3948  87
104374  85
86833  83
140110  71
8529  99
180231  77
4306  72
88405  82
492|20
88405  81
784  50
628  85
858  79
852  84
64  93
990  100
830  85
743  70
62  96
52  63
1499  49
66  58
1210  87
881  77
1474  93
1405  70
724  63
1047  61
65  62
493|13
65  94
4444  72
2916  87
1275  86
2571  86
1527  69
2028  56
3793  66
2167  57
1215  100
4701  82
2924  81
260  99
494|5
260  100
4498  53
3578  92
2028  76
1210  100
495|20
1210  79
115149  95
1259  96
1721  64
136562  95
80489  90
19  81
50872  83
231  86
102123  100
52319  77
7254  86
7360  49
8528  81
1645  84
46578  95
30810  71
2918  73
148626  99
56775  70
496|6
56775  79
99149  64
858  80
904  68
8865  45
114713  67
497|11
114713  88
112556  100
112290  67
1916  52
92259  53
2329  89
112552  85
1258  73
2762  51
5349  74
111362  70
498|7
111362  79
231  87
648  71
10  71
300  88
356  95
316  71
499|6
316  89
2337  77
38304  73
327  100
56286  75
1304  83
500|18
1304  28
2987  63
543  95
2700  79
2542  79
1265  80
2916  92
356  82
3301  74
1784  47
1914  65
595  79
2355  87
3536  54
1885  80
322  61
838  59
720  96
501|9
720  71
62  60
93  59
45  57
3  34
637  55
11  95
18  100
662  66
502|7
662  67
1077  64
4412  55
3469  64
2001  50
2520  64
1777  74
503|19
1777  62
7361  76
4878  55
356  73
91500  32
593  74
527  42
858  76
4226  72
1259  59
1342  81
2877  67
92509  63
90866  78
500  64
441  55
48516  74
2858  68
48394  73
504|18
48394  76
5812  74
2321  95
1  81
3556  63
7153  78
6708  77
1288  71
6927  75
4033  66
4700  57
6565  78
342  75
3408  58
6879  69
4361  82
5952  89
5955  76
505|7
5955  100
4105  80
1029  95
74685  79
273  61
6502  86
54999  63
506|9
54999  40
54272  51
37741  68
56782  62
62293  26
51834  59
49286  49
112556  86
61024  54
507|5
61024  68
266  42
253  80
377  57
593  74
508|5
593  81
2011  45
1952  48
1175  69
898  42
509|20
898  64
130073  64
2028  74
87232  83
33830  65
5313  62
48  45
2090  57
2080  60
6942  67
8907  79
6156  54
5816  64
39  53
3988  68
6807  80
7458  59
1196  78
45447  58
616  55
510|20
616  64
7026  50
35836  67
494  79
1198  76
514  14
457  65
2935  72
858  79
2699  62
317  38
8949  45
2918  61
145  62
1262  77
6787  75
1208  73
372  30
1242  59
40819  66
511|11
40819  89
53953  74
115149  76
164179  84
6534  44
99114  86
92259  95
318  93
2324  84
1653  83
56757  74
512|10
56757  94
150  85
349  51
47  96
350  78
442  66
457  82
50  100
317  55
593  89
513|7
593  63
318  80
2174  69
235  58
1304  88
1220  90
1080  79
514|20
1080  67
5704  67
62586  67
168358  67
180263  67
1704  89
2005  70
2792  82
2013  41
1673  96
134130  70
76093  72
1333  67
58998  73
68157  80
2406  55
3210  93
54503  79
4855  71
1644  65
515|6
1644  90
2028  100
527  100
91529  100
58559  100
2959  99
516|26
2959  82
457  78
480  74
647  71
708  65
1042  66
1090  75
1197  79
1198  85
1954  72
1958  72
2021  70
2259  69
2268  75
3052  72
3471  71
4027  78
4291  68
4306  79
4321  73
4322  71
4333  68
4337  70
4349  69
4361  67
4429  70
517|20
4429  37
53125  52
1265  91
165489  47
97938  20
88744  42
86880  71
4148  33
26761  47
3398  34
1293  76
3988  53
2858  39
4963  50
1204  100
1704  66
47629  59
7669  28
1206  44
46578  34
518|5
46578  74
2657  62
783  49
1876  19
6365  44
519|6
6365  87
356  84
140110  74
6378  82
7445  94
1968  79
520|20
1968  76
318  98
1049  87
59315  88
4995  80
32  72
2716  69
4333  67
1291  88
1732  95
4085  73
2723  67
3081  76
3994  50
33493  66
135  59
2393  78
60516  78
2406  70
1584  67
521|8
1584  79
112  88
86  70
104  74
58  93
79  58
52  76
852  82
522|20
852  83
81932  53
89492  90
63113  80
2959  89
1193  75
1375  63
4993  86
223  88
27611  61
76060  72
180  75
59315  98
1617  88
10  77
67255  53
2023  62
6187  71
318  94
127098  77
523|15
127098  93
8970  80
5989  100
318  98
91529  83
1721  92
293  100
65261  74
4270  97
3147  99
27731  82
134130  90
31696  88
527  88
101962  91
524|20
101962  100
150  64
552  76
748  44
344  69
442  59
253  55
1225  71
20  34
589  94
1242  84
544  56
173  43
1302  72
380  80
457  77
1020  55
788  80
193  37
466  67
525|20
466  67
317  69
6863  64
8622  82
33004  73
7147  67
2396  74
40815  70
137337  68
1639  74
1968  89
91869  67
45880  81
2100  64
339  70
4886  68
50872  77
86332  68
8983  69
3996  68
526|12
3996  88
55247  74
46578  82
176415  75
1295  50
90430  78
4014  63
2352  81
176413  75
215  72
81845  70
51255  89
527|20
51255  72
3114  93
3210  97
3016  96
2161  83
4571  77
2118  78
3421  64
455  69
2867  81
2450  86
1909  84
1214  85
4299  80
736  86
2477  78
588  82
4016  100
1259  96
2533  100
528|15
2533  39
2278  71
80906  92
4037  56
1240  76
64614  77
3821  51
150  94
1291  73
80463  52
593  76
99813  64
85342  56
48516  79
58559  96
529|5
58559  44
135  65
65  52
62  71
733  77
530|6
733  81
500  84
300  63
586  58
593  88
11  77
531|5
11  85
590  100
919  74
480  75
1215  87
532|10
1215  55
4863  75
457  98
290  81
1245  95
1242  79
2023  67
2329  88
1304  90
517  67
533|8
517  89
6502  100
79132  88
46578  100
93840  89
4973  100
2455  100
66934  73
534|20
66934  76
97913  77
94953  67
2003  65
2167  78
7569  61
153  57
1485  63
65514  89
104218  68
344  69
2571  94
5445  65
95875  71
112818  94
82461  76
96610  76
2987  70
138036  96
1566  90
535|6
1566  100
2581  59
2700  27
2688  31
2583  71
2882  49
536|8
2882  34
272  45
356  78
335  66
225  46
150  50
434  29
589  68
537|10
589  76
367  100
7153  82
53322  91
104218  87
97304  81
6539  99
318  68
89745  57
105504  76
538|8
105504  96
3671  78
80549  64
4039  80
69757  93
5047  91
44889  80
66934  76
539|8
66934  57
6753  63
5218  73
50872  100
88  74
3301  64
4886  89
69122  89
540|9
69122  56
2959  83
1073  66
8874  71
1681  51
2183  76
2841  72
2747  72
1196  100
541|18
1196  75
457  100
413  31
15  30
110  71
595  87
597  66
480  98
356  81
203  62
529  100
357  79
22  77
345  93
546  90
586  67
281  74
350  68
542|20
350  68
30793  89
5299  83
2542  93
34319  53
33679  81
4963  60
5481  59
1997  81
4025  100
3623  37
924  59
4369  55
6378  100
2571  90
7254  78
41566  100
37733  78
7361  93
45517  98
543|16
45517  93
1702  95
595  85
3301  78
231  58
2378  88
2379  64
86882  64
6377  97
588  100
377  100
48385  55
2571  100
4526  100
4388  61
92259  94
544|22
92259  78
3  66
14  71
32  79
40  70
62  73
68  70
95  61
116  69
619  68
626  70
648  69
650  69
694  68
736  63
780  70
839  66
1042  66
1047  69
1059  69
1105  71
1356  76
545|5
1356  76
1267  62
2763  83
1367  49
44  31
546|13
44  67
3328  59
480  81
1970  71
2456  62
1976  74
589  64
2657  86
1673  16
3941  60
3959  53
3566  44
1977  95
547|5
1977  75
2859  70
2917  74
1394  100
1288  82
548|26
1288  73
260  82
356  83
733  75
1196  81
1393  71
1477  70
1621  69
2571  84
2716  77
3263  68
3578  79
3916  74
4776  75
4899  65
5955  70
6874  76
7458  68
8531  69
49910  70
58559  82
74532  69
80862  70
122904  76
125916  68
168712  70
549|5
168712  54
2028  77
4226  66
1210  55
589  53
550|6
589  73
102125  75
106782  83
116797  85
112852  85
122882  97
551|20
122882  100
34162  75
60069  95
1544  64
45186  60
103772  84
51935  73
4226  68
2353  74
7153  53
5989  85
135569  65
115149  84
88129  51
134130  79
6934  84
47  66
4701  78
2959  90
98809  72
552|20
98809  63
3317  81
1405  80
2953  39
2245  49
2944  73
2890  66
2125  60
508  60
3948  88
5349  80
2959  69
2857  66
173  40
2991  61
2871  59
2628  49
4308  27
4878  54
3101  35
553|17
3101  90
3481  75
1923  89
2571  87
4011  79
50  93
3949  100
1089  100
44199  67
5513  82
2231  98
2395  62
3052  73
61257  82
1221  85
33166  75
2959  100
554|18
2959  77
1022  85
2820  80
1207  100
1517  71
1282  72
1210  62
1760  96
2282  100
1225  72
907  77
1358  34
2096  65
1028  99
593  98
608  93
953  100
2324  96
555|20
2324  74
3664  74
1  93
3111  77
3395  79
104  82
1334  55
2506  41
2072  35
4002  91
1266  98
2641  43
2256  75
2791  100
2701  53
1333  76
1320  60
337  80
1393  84
3526  71
556|7
3526  75
122890  83
3081  72
88125  94
588  70
72998  99
74789  71
557|6
74789  73
231  45
1291  86
260  79
1210  76
150  81
558|12
150  64
5064  97
4903  43
2297  96
2568  100
4993  93
4306  75
367  60
5283  86
1097  63
4164  80
5294  100
559|20
5294  44
608  100
355  35
329  74
544  55
1527  88
173  59
377  83
745  70
174  61
529  74
350  75
349  45
533  67
836  35
1210  98
420  56
786  60
227  77
253  99
560|20
253  69
91535  73
136018  71
67997  70
79132  77
3253  61
142558  69
2355  67
39435  64
1527  73
40414  72
64614  78
48744  71
56587  66
593  83
76251  62
84944  75
109313  69
5878  84
40819  69
561|20
40819  66
5308  82
78469  57
3703  63
60069  86
91535  58
2105  58
73017  74
5445  80
2000  63
83134  93
79132  91
79592  61
80463  92
89745  92
527  78
8972  59
353  58
33162  66
68157  97
562|20
68157  79
6870  81
6377  98
2580  90
1249  89
4776  100
36529  84
1259  91
1982  74
2268  76
2133  83
83134  74
3210  71
48394  100
30707  84
33836  76
2692  81
88163  87
99191  79
1240  83
563|20
1240  67
70932  67
80858  67
919  93
74450  68
588  81
5943  47
118997  63
86833  55
1197  70
128832  67
85397  69
45221  36
33499  49
7380  66
96821  76
81784  67
95307  55
65585  66
55250  49
564|20
55250  71
356  75
31685  55
131013  61
61024  46
79224  65
87869  84
500  58
108156  84
81784  55
93270  66
6188  56
106918  84
65230  71
67087  79
80693  82
94677  42
8984  83
73266  72
2671  71
565|6
2671  71
231  42
19  39
21  49
50  98
539  55
566|15
539  73
10  67
231  47
329  67
342  100
141  74
203  81
345  82
39  66
497  66
265  94
588  75
708  42
353  65
2  88
567|20
2  47
26743  47
92681  47
109897  47
152071  47
5690  51
136602  47
122888  47
6333  46
1274  85
122922  62
153070  47
151687  47
117877  47
108928  37
954  42
122924  53
27773  68
648  48
135887  50
568|23
135887  82
147  73
296  81
356  83
480  74
593  83
765  68
1103  73
1104  75
1257  74
1298  72
1895  72
2313  71
2359  74
2863  68
3053  70
3148  71
3261  71
3363  78
8169  70
46723  71
63853  68
65088  68
569|5
65088  46
50  93
380  100
588  76
592  73
570|20
592  57
8636  74
48516  72
1225  68
586  44
2683  55
457  69
1196  76
110  72
4993  83
7361  72
1198  84
1079  65
10  53
3793  69
1391  71
589  75
380  65
527  80
185  61
571|20
185  63
2982  63
2366  48
1128  47
610  78
2902  46
1998  57
3696  64
1980  63
1987  63
70  58
1924  52
2279  39
1327  87
3732  56
1972  55
1278  78
1644  52
2327  65
1978  48
572|20
1978  72
2570  65
2788  72
2321  73
111  90
904  100
2987  71
2302  100
1834  82
2539  73
2917  93
1307  87
1  91
161  67
3421  55
838  65
1356  81
2006  59
3167  70
1953  73
573|20
1953  77
72998  100
3752  66
356  100
7293  100
6754  69
8665  100
32587  77
1073  100
88744  90
1127  76
68954  89
98809  78
2640  100
48516  96
71535  100
59369  79
60069  91
88140  92
1562  58
574|23
1562  80
110  78
150  75
153  60
161  73
185  63
225  70
231  63
292  67
296  81
300  68
316  65
318  88
329  66
339  66
344  62
380  70
410  64
434  61
588  73
592  68
593  83
595  74
575|8
595  71
2580  76
296  85
2581  51
2572  74
2542  79
2574  63
2598  67
576|5
2598  57
1321  66
1373  85
1479  68
2289  35
577|20
2289  68
1183  67
1288  81
1129  54
2944  79
2194  92
733  88
1213  91
2076  65
2020  89
1262  99
1931  83
1391  70
2987  72
952  87
1909  55
260  94
919  73
2248  68
1270  97
578|6
1270  76
52668  76
45668  79
830  100
72407  100
75446  76
579|15
75446  79
2485  78
1022  84
2018  87
838  100
1917  75
1391  44
596  36
1573  100
2965  80
1653  78
2599  88
892  80
2687  73
595  72
580|20
595  70
6583  70
480  81
8844  70
6989  71
3809  84
41569  70
3699  66
4041  73
33166  61
356  78
508  79
8376  100
3578  95
608  77
3785  47
3089  74
1320  86
54286  87
1201  76
581|8
1201  94
5995  73
4973  87
116797  78
3949  80
4306  76
109487  68
6377  90
582|12
6377  89
2959  91
116797  73
4993  86
5618  89
2571  90
76251  75
69844  63
104841  80
48516  93
97752  74
76093  92
583|12
76093  68
88405  74
2706  54
117590  84
317  78
60756  62
6942  99
595  75
46578  74
104  93
2694  77
7451  72
584|17
7451  60
22  68
203  76
315  79
500  85
316  64
539  87
234  59
296  100
257  84
434  87
586  52
338  100
349  63
282  100
480  100
590  91
585|13
590  78
1228  100
54503  75
2959  84
428  72
1405  87
7254  75
441  90
1805  61
296  85
27373  78
5325  79
79132  98
586|20
79132  100
4016  92
111659  43
106002  80
149406  86
167036  81
45499  70
136556  82
5445  66
117851  82
1291  79
71264  82
106489  74
135436  76
3753  88
2640  91
3147  97
122916  92
3793  81
101362  73
587|20
101362  50
628  83
2012  68
534  76
2002  93
1641  84
236  81
1376  77
2622  83
1541  77
3260  74
497  74
3082  59
445  59
3448  95
2574  67
765  67
691  81
329  80
3406  82
588|12
3406  100
16  60
20  80
356  91
350  57
198  56
593  74
364  71
163  51
253  73
223  88
3  64
589|8
3  69
318  79
590  88
373  62
586  51
587  85
527  78
337  72
590|20
337  75
8807  51
2371  64
38061  73
81834  80
40815  76
4890  68
903  67
5  58
3624  71
555  83
4047  83
51662  72
2085  76
419  69
595  70
329  69
2376  52
3635  68
2398  53
591|11
2398  59
2706  87
2712  61
2355  88
3615  70
3578  86
2394  66
3798  47
356  79
223  95
2724  85
592|19
2724  65
2  75
153  59
415  78
110  84
177  58
420  51
380  69
44  22
788  56
588  92
163  72
204  84
610  54
39  49
419  68
253  88
432  64
240  77
593|20
240  100
1073  100
1086  82
1617  73
4034  94
41566  84
1197  80
344  57
8368  63
339  70
2959  59
8961  66
5816  61
2797  69
4896  75
588  57
595  87
5952  66
377  18
141  61
594|20
141  81
2671  91
7115  71
1616  83
5943  100
1188  70
2269  80
1733  76
4902  84
6996  100
780  100
1429  100
6140  75
7046  67
39  37
595  96
799  97
2028  85
8482  81
7169  81
595|5
7169  81
50  92
1186  93
1199  77
1966  64
596|20
1966  67
43744  67
182793  67
129397  59
128908  67
1  83
142488  100
122922  83
4310  42
71838  51
4025  72
2501  63
110102  60
149406  55
2774  67
5502  69
8665  77
6537  53
2571  70
345  77
597|20
345  51
490  100
3040  100
2529  94
2858  76
903  85
3039  77
2000  81
1291  100
357  60
1228  87
1845  77
2411  55
1580  89
1148  100
1198  100
2723  49
485  82
592  81
2692  100
598|5
2692  99
8360  24
593  68
114265  70
103543  66
599|496
103543  57
26567  57
26590  57
26676  57
26854  57
27595  57
34800  57
53450  57
60803  57
69131  57
74696  57
79895  57
84523  57
87960  57
92674  57
98799  57
102735  57
102852  57
104017  57
105020  57
122433  57
157865  57
158874  57
160978  57
161044  57
174727  57
179053  57
1801  48
6035  63
3387  42
33437  49
112  57
5995  67
167706  57
4394  57
836  28
7235  63
8809  62
102749  57
89087  42
42011  29
432  44
471  62
5628  56
1015  43
2  44
2269  56
69  49
3947  46
79091  34
104837  57
4037  58
7587  60
6881  61
1449  76
7225  60
81229  64
68952  61
4728  56
5081  38
33966  57
1779  34
3669  57
87197  57
170297  57
79057  57
95965  57
55207  57
4007  65
1220  75
80831  87
46723  62
71282  60
7757  57
3259  47
92309  57
1376  78
7192  58
4654  73
101423  57
53468  56
62662  57
3174  53
3698  53
2882  57
2359  78
1183  54
2792  38
1095  59
8387  31
53125  50
115713  81
2949  57
2471  41
3  56
1231  55
3861  43
240  57
1480  66
2301  24
1445  27
8045  57
586  5
2942  54
1185  49
4594  57
2474  45
3671  51
3196  64
64839  58
98697  57
2606  62
1777  50
5309  50
7022  71
4873  47
541  70
27311  71
43921  58
67734  37
4240  57
5026  65
168  25
33493  45
4125  27
7354  47
207  52
1094  48
742  45
1609  42
1042  57
3362  54
4553  61
4632  56
2278  48
468  40
122904  90
75416  57
42718  62
4285  58
79274  67
1794  57
45081  45
108192  57
3489  36
3503  71
89804  62
163809  57
577  48
3071  52
1204  88
3981  45
95771  57
45382  53
6548  12
59387  47
166528  64
168492  58
6691  57
605  65
424  50
2991  54
248  35
97950  57
3865  55
1216  56
342  57
35836  38
27772  50
176419  56
151781  57
277  14
6320  50
39381  73
5111  57
4090  60
2450  10
2676  18
2356  58
79702  54
1597  63
410  67
1721  61
3702  70
183301  57
1387  65
2072  71
26729  62
2393  53
4247  58
4591  55
1032  66
3087  62
1895  60
634  59
210  50
2074  56
51575  35
3505  65
5247  23
481  57
4215  31
1355  45
2657  40
2028  77
4011  48
420  30
552  73
1196  92
2395  61
5303  75
1752  57
3186  36
4310  41
1784  65
3200  78
7254  68
688  69
473  46
1079  64
1552  66
1148  89
1544  61
63113  69
2325  66
26649  72
6804  57
161  70
4109  63
34332  33
1653  59
4808  27
7707  57
3468  64
502  29
1221  87
1792  31
68319  43
6787  55
2119  46
3884  67
4254  63
3973  39
103609  57
8934  57
5377  65
42632  70
55290  67
4506  55
7840  60
5568  41
1689  74
7005  57
103228  87
59947  57
786  60
4351  45
172253  57
4679  64
1411  100
117630  57
1590  25
112623  49
3146  29
8984  50
1920  78
519  46
179817  70
3979  33
3741  70
44020  52
26630  57
7285  56
3030  63
1021  20
8638  50
87  50
7153  58
2877  34
2018  25
3173  32
5198  57
7101  44
7701  48
3213  64
26159  57
2339  57
33896  59
2000  51
4006  43
136562  67
37382  54
6645  65
171763  63
8528  59
27008  57
4017  40
4167  43
86142  67
1249  64
3255  72
736  60
2779  52
84414  57
27773  90
2083  56
98499  55
4034  60
119828  57
1993  64
94864  31
6631  23
2321  48
26242  55
3703  38
41566  48
2529  77
1968  62
8914  80
3257  41
159403  57
1036  61
76093  77
5103  67
6947  73
1952  46
2124  40
4084  42
6016  59
778  99
81  53
2171  46
1253  76
4275  47
7982  49
3723  59
849  31
2681  57
6565  63
39414  54
122916  63
6440  56
8917  37
72011  58
1605  39
1240  73
923  50
68157  66
5961  57
5053  57
3571  60
2403  67
3871  74
44238  57
72226  61
7004  56
2054  33
62970  58
5159  47
354  57
122924  36
48774  68
1394  51
3763  51
70286  64
1904  55
3969  66
81562  20
102590  57
233  48
4155  52
1031  43
76  20
459  47
1097  60
1178  86
60291  67
3328  45
1232  60
3036  27
5283  51
4327  66
610  61
2726  54
4732  31
5970  45
2396  92
594  66
1247  85
45499  54
3476  48
2399  32
137218  57
1997  68
3271  59
27801  47
6365  41
1799  50
580  77
122900  59
2803  40
80219  28
466  34
110882  57
3997  70
26176  57
2378  58
117895  45
26662  65
90603  61
119218  57
44  33
809  28
1960  58
4519  42
1959  57
414  45
1073  27
61236  58
1479  67
4019  57
1245  60
37857  72
161032  57
371  83
3020  76
88593  57
6774  68
2005  55
90405  38
26285  57
6793  80
627  35
1617  80
6734  60
108090  57
2427  49
51024  59
122922  75
3440  30
6874  58
4919  58
338  44
81591  85
1704  55
1499  11
357  45
62155  60
144  58
34148  53
53519  83
4504  57
2796  38
216  30
6827  39
1429  64
7445  56
1385  47
90471  57
8425  57
10  60
26542  57
7387  71
72998  43
89470  47
3629  67
1297  65
3424  69
1672  48
44761  66
196  38
70703  57
2383  52
180  51
4040  12
6333  83
4440  69
5291  58
88235  57
1639  54
4580  22
153236  57
86190  74
4477  35
103027  57
32291  64
34811  57
5171  27
122260  57
8784  30
5954  63
8798  60
707  54
880  21
314  48
61323  48
600|20
61323  48
1394  87
3785  52
2717  35
5569  57
4306  54
1206  63
56775  52
2015  58
7  22
2013  25
262  62
1210  94
1060  42
2431  51
2077  72
2423  5
4641  45
527  70
5076  62
601|20
5076  80
68157  85
1262  93
106782  84
60069  93
49272  89
5445  82
1193  88
1207  96
79132  90
904  100
166024  83
1917  72
7153  86
2324  88
170697  78
31658  91
5989  78
88810  89
2571  100
602|20
2571  86
19  77
350  55
494  78
14  57
471  85
125  37
434  46
235  81
481  85
315  72
371  68
474  62
527  83
21  87
349  78
440  78
339  65
480  85
163  73
603|20
163  67
803  67
2008  67
2577  67
3459  67
4787  49
2912  75
1769  72
485  59
4420  67
920  71
1  89
2706  72
1844  84
3787  77
1222  82
190  66
2716  70
3983  88
101  53
604|20
101  70
292  70
151  32
329  68
410  54
426  70
435  58
316  50
22  85
235  58
181  36
332  81
273  72
637  48
285  70
173  77
588  71
23  92
553  84
1  71
605|20
1  64
6787  77
1197  93
5667  64
42738  49
51662  54
7373  62
596  69
780  75
4571  85
2316  42
7454  38
150  68
60040  53
8977  60
3269  52
72982  64
1210  72
62376  56
60937  43
606|20
60937  69
563  69
583  69
3808  69
4671  69
4840  69
5856  69
6111  69
6573  69
8685  69
32728  69
55805  69
3147  82
4392  73
2311  76
6308  50
50842  69
6591  99
8270  72
2025  66
607|20
2025  84
1610  60
448  70
3147  83
1094  64
1307  94
592  50
204  65
1552  67
527  97
3476  76
296  69
2313  52
3440  88
423  62
1518  70
2118  82
2193  44
380  48
2028  84
608|20
2028  53
2997  51
3793  75
2763  57
174  43
2000  71
1214  83
919  83
2700  46
4161  63
5146  64
1639  18
541  87
473  55
2529  88
522  64
4343  77
1909  75
2431  71
1220  95
609|8
1220  87
833  67
356  76
339  48
454  73
318  88
208  58
292  51
610|20
292  74
58975  74
70206  74
78626  74
82765  74
97988  74
107447  74
107462  74
110591  74
110746  74
118082  74
139655  74
160341  74
86644  50
56801  51
61024  97
77561  77
4816  71
62434  50
3972  86
