1|20
260  90
1927  83
804  90
3  65
1009  83
2406  82
1587  64
3671  85
2617  76
3053  86
2571  100
1222  92
2137  77
1377  80
2395  96
2761  100
2641  80
2872  87
1258  98
2700  100
2|6
2700  62
122882  64
71535  84
46970  74
58559  94
80489  71
3|8
80489  48
647  36
6835  48
5919  43
2851  50
2288  71
5048  99
4518  51
4|20
4518  62
1291  70
3408  81
265  51
52  59
4347  50
2467  58
908  82
345  46
1304  64
1923  57
2959  46
368  58
1219  75
4765  57
1199  36
4166  59
1732  36
21  45
2858  28
5|9
2858  100
1  63
364  63
608  75
290  73
261  78
34  71
318  100
21  63
6|20
21  71
318  80
775  72
141  75
348  100
104  65
327  70
410  80
165  65
87  71
366  71
17  93
1084  85
222  57
16  73
416  57
277  79
460  75
867  80
316  66
7|20
316  56
3623  73
8636  42
8360  73
1517  53
466  93
8373  66
1220  76
7155  63
8808  100
6863  49
31878  100
1610  74
1219  84
4700  71
45668  84
8970  56
27741  77
6333  94
8865  50
8|10
8865  90
47  83
231  66
318  86
454  85
292  59
32  77
141  57
380  69
252  88
9|10
252  57
923  98
5890  85
2901  40
922  88
6044  71
1987  71
5378  77
3735  98
5447  62
10|20
5447  83
33679  74
8533  69
8969  59
72720  55
88810  66
136020  53
6377  81
5943  66
109374  65
113394  60
61250  80
82167  43
140110  61
5377  67
77841  60
6942  53
1028  86
72330  60
66203  47
11|13
66203  65
1584  63
1210  100
170  100
1438  48
648  98
1918  69
493  73
10  99
457  100
1693  95
150  92
1923  84
12|7
1923  62
2100  72
838  76
2072  81
1876  76
2581  80
6942  82
13|7
6942  77
3624  66
3798  87
2174  53
47  100
3893  71
305  85
14|10
305  64
477  78
110  87
540  84
597  89
153  42
592  69
4  65
539  63
105  74
15|20
105  93
7438  80
111759  70
2329  67
1  66
1909  68
1240  81
115713  57
1200  83
293  47
2571  100
3949  78
120466  68
1198  69
2028  74
2011  72
158  50
160980  84
4306  60
4022  88
16|20
4022  70
78499  84
913  73
1136  74
1299  71
1617  64
1203  75
3429  75
2858  72
608  83
3683  72
4002  64
1199  70
912  71
2707  61
5782  54
1260  71
319  87
27773  79
2109  62
17|20
2109  90
64839  74
296  100
5952  92
527  90
1193  75
3681  75
1240  85
2717  59
2858  89
1093  82
81932  72
5618  93
50  87
5971  82
2959  89
1201  82
541  79
82459  75
1  83
18|20
1  73
65596  73
88094  73
145283  73
157110  73
166015  73
171023  73
103253  73
60684  75
44199  89
2  63
86628  73
59784  64
2918  72
109374  85
4226  79
53129  67
139385  83
47  74
1291  82
19|20
1291  58
3662  54
54  50
2733  69
1702  45
1240  57
1270  77
3712  55
1881  54
216  42
3  46
1834  54
2184  60
3017  57
2044  58
2354  41
2005  72
3146  41
3387  57
2694  78
20|20
2694  79
5419  62
4014  48
2140  57
586  35
661  98
3189  86
5014  71
1333  90
4161  68
3784  71
1030  61
5313  44
2804  98
2054  56
34  2
1097  100
6358  73
4519  48
1722  60
21|20
1722  61
117922  61
140301  61
57640  58
2985  68
2990  64
2717  41
5418  90
31433  67
112175  55
7153  54
30793  56
4446  65
52973  65
45186  69
2023  52
79185  73
1721  53
102125  43
5459  75
22|20
5459  47
2723  79
60950  68
64575  15
1193  87
70286  14
4993  80
2160  38
39183  58
7147  28
3996  72
3481  72
55765  24
48780  49
7361  61
51540  70
6711  97
2968  92
3949  39
48394  49
23|20
48394  64
3996  60
293  70
1206  72
1136  80
1960  67
7587  64
3424  72
3181  59
2467  63
1248  71
1617  74
6807  94
1952  53
6440  55
1258  70
1243  43
1080  54
8228  42
1711  64
24|20
1711  67
2617  59
111759  72
134853  74
58998  67
1265  76
1198  78
3147  79
1197  83
1220  88
2424  64
5418  85
72011  69
54286  78
27773  77
64957  77
356  82
44191  76
1682  81
68358  73
25|6
68358  96
60069  85
74458  89
79132  94
527  90
260  91
26|21
260  71
34  71
47  78
150  74
153  59
165  72
185  64
208  59
225  69
288  65
296  85
300  69
344  61
349  70
356  84
380  70
434  63
454  72
457  78
592  69
593  83
27|20
593  73
2478  53
2640  60
3508  43
3555  71
1201  59
3519  68
969  60
2080  100
673  71
2886  79
2529  57
1387  77
1101  70
1947  77
1250  57
1276  60
3114  51
1083  67
3809  66
28|20
3809  57
60943  57
61011  57
63033  57
5617  80
59369  50
60046  57
507  54
3300  80
55094  55
59018  57
26695  57
2951  67
3006  56
2231  78
5418  41
26812  56
2058  52
353  81
61167  57
29|17
61167  76
7379  84
1250  93
1201  92
111362  85
48516  94
1100  69
26554  75
3441  88
4327  78
2872  82
2301  83
1617  90
3681  88
55820  88
4223  75
99114  93
30|7
99114  81
108932  76
1200  85
91529  92
116823  100
112852  99
1198  91
31|10
1198  80
1200  100
648  65
1363  83
1073  97
1036  75
1197  76
377  71
1246  92
1270  91
32|20
1270  60
314  98
1356  74
357  49
224  86
627  96
1079  79
1084  52
318  85
761  83
1197  75
849  65
912  60
880  62
1198  85
58  80
203  70
608  71
497  55
410  73
33|20
410  58
17  96
2396  75
2272  72
448  68
428  63
265  72
1280  88
1177  73
1617  86
50  86
261  51
11  65
452  65
345  78
608  100
150  99
1188  49
800  55
2690  100
34|18
2690  75
2273  65
3717  47
26606  75
45499  77
3996  37
4310  60
3624  90
31685  48
1721  46
5146  56
7090  63
70  63
2006  68
3000  58
4306  66
27728  41
3997  73
35|5
3997  78
185  71
595  80
21  67
300  93
36|12
300  34
3066  68
552  48
4025  38
1262  39
2735  14
2359  64
1372  50
1278  52
2194  73
3347  44
1704  70
37|5
1704  78
356  82
661  35
329  86
457  100
38|16
457  62
39  34
223  66
161  64
246  60
168  75
273  41
480  59
356  80
457  65
364  85
50  76
500  70
300  79
551  52
21  47
39|20
21  100
2391  82
1921  74
1862  79
1219  82
1907  89
2081  54
2459  85
924  100
2529  79
1729  79
47  100
260  98
2080  65
592  65
296  100
3213  75
610  83
589  94
596  36
40|20
596  81
454  74
588  68
339  68
158  14
432  39
431  38
186  61
616  61
514  46
21  86
592  70
1  76
223  61
585  43
216  53
104  52
371  100
111  72
267  74
41|20
267  64
64839  57
122882  51
6287  83
1569  54
106920  47
86781  60
3160  58
1721  64
2028  76
6763  98
5418  73
53519  60
122904  65
55247  83
924  44
4011  73
2324  88
35836  83
5995  52
42|20
5995  72
4654  52
1021  48
2423  59
3248  67
4477  98
2500  73
1431  70
195  68
3326  60
2407  40
1090  72
2735  66
3693  59
1020  65
4545  96
4132  100
2263  82
3535  100
2805  96
43|20
2805  77
296  90
596  93
588  98
587  89
420  64
158  96
631  81
5  100
597  73
168  99
355  75
47  86
367  94
519  79
594  97
236  89
1  100
60  69
259  97
44|10
259  100
663  57
12  26
661  100
94  93
1  86
104  66
112  48
494  91
889  73
45|20
889  87
1036  99
2028  89
1653  82
1682  95
2396  97
3249  83
261  65
4308  93
329  88
1367  67
2890  77
593  98
1127  100
2431  67
6377  78
569  74
1197  100
1060  100
2858  100
46|9
2858  91
588  89
315  69
208  62
1  90
432  57
225  77
434  75
339  75
47|20
339  77
68932  56
72395  48
2420  59
597  59
148626  63
5989  63
96588  56
69122  64
6155  79
4975  64
30749  85
106100  82
45950  30
2028  67
4018  68
1259  76
6373  60
33166  57
2407  66
48|7
2407  77
1320  85
1527  84
1193  74
3793  85
48  79
1653  91
49|5
1653  94
1214  92
139385  89
318  93
527  96
50|20
527  51
114335  51
136564  51
142074  51
171759  51
175693  51
179073  51
175707  51
71264  42
82848  51
1377  47
44555  71
8157  46
6807  76
95543  52
8253  45
96610  41
924  72
32875  51
4896  66
51|20
4896  75
5620  56
2613  74
4437  77
2023  64
1500  94
522  80
858  91
4508  82
2951  87
1014  70
1407  45
2282  85
2420  83
3388  79
260  91
3186  70
3994  100
3501  80
2371  100
52|20
2371  87
51255  86
74458  88
1923  84
7438  72
40583  93
59784  85
55765  86
112852  85
86892  82
55363  84
112138  77
49272  80
52245  97
69481  75
50794  83
1704  92
54736  91
44665  85
47200  67
53|5
47200  89
1100  82
249  72
1125  100
916  81
54|7
916  70
593  69
639  58
1  66
205  61
161  66
500  52
55|5
500  30
673  76
3275  93
2890  36
4011  84
56|10
4011  65
253  75
165  84
110  76
589  100
370  80
434  68
410  80
69  73
185  60
57|20
185  60
942  74
920  100
3175  73
1784  69
3429  77
933  69
1193  72
3446  70
160  48
1499  43
2640  73
892  75
11  79
2947  83
6  65
2478  65
2291  73
1688  62
2301  64
58|20
2301  68
282  40
185  91
419  69
367  49
277  64
48  89
280  93
337  100
345  42
3  73
357  100
527  100
587  89
218  77
500  94
508  100
368  64
364  94
353  95
59|20
353  65
6460  100
3489  80
1188  90
1222  79
2076  80
3448  82
1263  100
1247  87
527  98
1244  93
904  100
903  80
965  62
2616  44
1953  100
608  100
105  99
912  97
3471  76
60|5
3471  78
58559  79
805  84
455  43
858  75
61|8
858  79
1101  84
7438  75
173  63
555  82
2012  62
4878  83
3949  75
62|20
3949  77
176371  100
3793  74
56757  84
73017  76
30793  81
179819  100
68554  53
185135  72
168248  78
5903  79
4878  77
2028  85
5502  74
6058  71
344  62
1721  80
45499  72
41566  85
78105  32
63|20
78105  70
4246  72
48780  87
500  57
6016  73
31658  71
2858  85
64285  60
85414  61
1221  72
106696  51
4963  69
50  92
1097  60
260  79
110  87
1222  80
4979  70
5952  92
77561  69
64|20
77561  75
3101  78
2640  74
2959  85
8784  77
2054  54
4239  82
4025  57
5026  72
40819  92
266  71
2699  62
27266  75
3969  97
1805  75
6296  83
4776  77
3148  75
4262  78
356  79
65|7
356  49
33660  73
7458  60
2329  74
4993  78
91542  83
3147  82
66|20
3147  88
47  77
5418  68
922  85
2139  87
2956  76
3745  79
1956  97
4581  79
5349  82
1210  81
1094  78
2001  69
380  63
6539  82
671  67
1  75
6378  78
7766  90
296  97
67|8
296  89
4306  69
27193  77
79132  95
60069  90
2012  75
4886  97
4993  75
68|20
4993  62
95218  62
6534  69
48696  61
67267  63
30825  62
1799  69
3556  67
8622  53
4351  66
63113  60
58295  67
7151  72
2413  75
6287  61
653  48
41566  78
5541  56
260  99
48043  65
69|10
48043  84
4848  87
3671  85
2476  81
1193  100
356  89
553  100
4022  97
260  88
3994  100
70|13
3994  80
1097  91
1914  83
1269  91
4995  85
318  82
8949  68
1968  92
1210  100
89492  67
1250  65
1235  86
2366  93
71|7
2366  80
647  54
736  97
95  98
733  96
589  90
7  66
72|9
7  73
150  75
858  93
2490  80
1357  85
260  88
50  98
1198  85
1196  87
73|20
1196  98
45720  68
105037  77
6333  84
59315  85
76293  75
138204  74
2706  61
152081  87
45221  73
68135  83
150  69
8376  92
93510  80
59784  86
116823  88
106072  71
1682  100
52245  73
35836  87
74|20
35836  79
2594  68
2908  100
30749  71
6870  83
3006  82
52281  73
49772  81
55118  82
2997  70
6305  70
608  100
4546  75
41863  79
27773  83
6001  80
1251  97
6552  65
46976  98
44555  86
75|14
44555  39
1240  68
5952  89
2193  39
6870  75
2529  100
168  95
541  92
3176  45
1962  59
2078  57
1889  57
1266  95
1374  67
76|20
1374  98
5956  98
2918  56
58803  83
1247  49
74458  97
7669  79
79132  63
8957  59
858  86
55820  82
1258  60
63436  60
1201  58
1208  70
48  16
288  80
34405  42
1  40
1196  60
77|6
1196  65
4973  84
7361  81
8636  100
3578  86
33794  55
78|13
33794  54
165  70
3809  63
589  100
546  48
27904  66
260  79
590  97
480  63
68791  41
344  67
44974  100
380  86
79|13
380  82
3029  80
589  100
1916  77
307  83
4005  77
260  86
1189  74
1345  95
2000  71
1374  55
2659  76
2076  89
80|20
2076  81
96691  78
84189  81
91630  89
49530  93
8950  90
6539  88
4223  86
5630  100
3527  91
76251  85
80363  73
52604  99
6502  93
34048  89
1221  89
60684  100
6952  89
5989  100
77561  72
81|26
77561  71
32  79
47  78
110  77
150  74
153  59
161  73
165  72
208  59
231  60
288  65
296  85
316  68
318  88
329  69
344  61
356  84
364  79
367  66
377  70
380  70
457  78
480  74
588  73
589  81
592  69
82|20
592  64
2381  65
2378  69
6566  66
368  72
6536  68
3253  55
4310  74
1608  46
1372  62
145  69
356  76
6708  76
1485  58
4369  61
6564  61
6888  79
5803  85
4015  52
364  71
83|20
364  41
7143  67
7323  39
6539  89
161  60
586  16
2115  100
1270  100
6874  66
2324  91
1537  62
7153  70
68954  73
48774  66
30749  48
8014  87
1222  90
3753  68
1223  82
64983  56
84|20
64983  71
987  71
912  79
1096  65
420  45
1227  61
113  75
580  59
5060  82
1293  60
900  87
1097  45
62  72
368  70
1305  77
1247  96
1296  100
11  74
1073  87
1094  65
85|7
1094  70
1624  65
1140  70
1694  82
1643  55
1747  38
1635  62
86|14
1635  72
4310  85
6947  71
2411  71
457  70
5418  79
3996  77
4901  71
1835  84
33794  75
1196  76
3555  71
1097  66
2687  78
87|5
2687  61
2009  78
3504  75
671  70
2139  85
88|12
2139  74
74795  81
4993  100
68157  98
5952  100
1193  90
223  80
8665  73
4262  96
56782  100
8677  78
58559  100
89|104
58559  55
32060  55
44851  55
53280  55
53578  55
67888  55
69211  55
81087  55
84246  55
103602  55
108078  55
109596  55
118894  55
121007  55
128089  55
128944  55
131098  55
131439  55
134847  55
140481  55
146684  55
148632  55
150554  55
164226  55
30793  85
169912  56
87869  70
1923  54
4015  92
950  47
173253  55
2324  47
27826  55
92259  48
11  87
3977  21
86298  73
8154  33
77688  55
2997  0
170837  55
49274  50
157775  55
1  78
142196  55
99117  74
62008  55
72624  55
108156  80
3752  73
2059  58
128520  80
3175  83
133879  55
48649  55
126088  55
5529  73
65588  55
99130  55
40962  61
1732  41
68659  70
91666  55
2683  10
3751  52
750  76
6650  39
149508  55
2395  23
51575  67
65230  71
171751  55
85881  24
139157  55
6863  51
4246  84
108949  59
1230  54
160567  44
73319  70
177185  55
130520  100
5220  100
121338  55
153386  55
50872  54
149566  55
145491  55
4890  60
129354  42
32243  55
84944  60
6402  55
1288  54
140133  55
119141  70
947  51
176621  55
4973  54
158398  55
69469  55
54503  54
141928  55
102481  76
90|11
102481  77
1144  77
581  95
81  63
892  77
1073  63
116  76
896  67
17  70
7  68
613  72
91|20
613  66
6395  66
8147  66
7153  93
3360  59
2791  73
3897  95
1080  58
4850  57
3429  73
7000  57
2060  62
2916  66
1391  67
2100  39
318  71
2146  60
1225  82
1246  38
8501  57
92|5
8501  78
2114  76
1015  60
2454  80
1801  74
93|20
1801  81
1917  66
552  82
1721  89
539  88
480  95
1372  81
368  80
2355  95
1923  91
2193  96
2006  69
339  76
1097  77
1591  75
260  100
2968  93
1676  100
593  100
558  88
94|12
558  43
377  50
367  71
364  72
288  48
19  81
10  82
586  62
590  100
380  72
589  94
318  86
95|20
318  80
4878  49
6979  68
4732  70
3019  59
5246  83
32  92
2952  73
1247  100
1198  95
5283  78
3361  98
1513  78
2009  78
539  95
122  82
1584  76
1240  100
4262  82
5349  72
96|16
5349  75
1094  44
272  100
3819  65
150  89
2021  51
2571  66
1214  100
2058  43
1220  82
733  47
2340  61
1721  100
2396  42
367  74
1291  84
97|8
1291  77
4306  100
3578  95
4993  69
4963  82
4299  100
3981  67
4161  91
98|19
4161  80
8961  77
122912  77
5299  91
63992  72
187541  73
56152  70
134853  84
69644  52
6863  77
5618  99
56801  68
3499  91
134130  63
74789  40
82461  64
1258  85
88810  92
79132  70
99|11
79132  100
161  98
420  63
592  98
196  63
122  63
145  71
150  96
316  84
236  75
588  100
100|20
588  78
296  73
1393  92
95  80
592  65
605  91
6059  85
28  67
2245  83
62  77
4308  66
1777  72
838  68
2125  82
1288  87
234  91
1197  58
2005  80
4014  75
4623  60
101|13
4623  96
3285  73
2723  86
2700  66
2908  43
2390  81
3175  65
2395  59
358  77
2702  64
3394  60
2997  99
2502  99
102|12
2502  51
588  72
150  74
592  76
253  61
480  74
344  51
539  57
553  80
593  96
586  46
223  71
103|20
223  75
1954  70
60040  63
1968  83
77206  75
2161  79
1732  86
81834  65
608  75
2384  74
4254  75
104  71
139642  84
56782  100
2096  79
101  88
6534  45
374  68
60069  75
30793  72
104|20
30793  68
743  50
5218  82
8643  58
1288  76
47997  85
468  46
76251  80
8533  94
4018  62
38038  95
1566  51
7361  72
6060  65
3034  65
1641  92
4641  67
108190  71
616  69
7034  55
105|20
7034  76
69685  76
95311  76
95313  76
110586  76
141816  76
141818  76
170597  76
172587  76
172793  76
173351  76
173535  76
6433  79
4974  61
70286  93
108981  76
95175  76
69122  81
1243  73
3916  77
106|7
3916  87
72998  82
59501  90
86880  98
5349  78
53125  90
59784  87
107|7
59784  59
253  77
590  97
165  81
434  71
208  76
318  92
108|16
318  67
6022  75
4995  82
2585  82
5316  83
4975  74
3978  67
5349  100
2926  80
4246  71
4878  100
4994  61
1968  86
1684  77
497  70
5380  86
109|20
5380  44
1033  65
231  62
364  71
589  68
480  63
62  64
31  51
587  71
1032  68
586  39
778  88
540  41
256  36
163  65
252  66
223  68
553  86
537  55
168  43
110|11
168  64
2468  41
1198  76
1089  71
1222  67
1208  100
4881  81
47  60
527  81
1193  72
2428  57
111|20
2428  65
162602  65
171251  65
2145  50
96588  63
65088  66
66203  65
84772  86
2081  92
91529  69
6365  52
45666  63
3255  65
1282  61
6539  93
86833  72
122882  83
59143  61
86911  75
5283  56
112|13
5283  100
161  71
1917  82
16  41
21  88
208  26
434  55
39  76
3717  67
19  99
110  54
32  57
70286  76
113|20
70286  68
39  100
3168  64
932  67
2331  38
3359  78
1086  75
3504  41
1339  33
904  91
3546  68
4063  50
4062  59
1077  90
1589  50
2475  69
3831  85
46  100
1733  69
4007  64
114|7
4007  64
54001  64
2291  55
167732  64
122886  70
8961  69
3147  93
115|20
3147  77
2804  90
1387  95
2792  44
3146  86
3273  90
3052  61
2841  67
2719  71
595  79
2700  94
383  68
2027  91
2148  75
2770  60
3785  38
2916  67
3175  54
588  94
1377  67
116|18
1377  88
858  77
1299  45
62383  68
1339  65
1276  43
597  79
1029  35
1101  76
2797  74
2657  83
1961  89
1407  32
5995  78
1704  96
165  51
2115  89
8360  68
117|20
8360  70
587  75
589  83
151  83
36  63
1036  77
595  78
288  62
596  63
48  55
315  61
454  64
353  68
474  75
10  61
60  62
805  66
491  53
616  75
485  67
118|5
485  74
1625  62
153  54
1961  84
1810  66
119|20
1810  81
117176  77
1092  74
91529  99
74458  89
4387  79
79132  95
168252  75
44022  75
78499  75
122904  84
106782  82
442  71
4993  89
31685  77
6365  70
141004  83
4148  75
88744  85
8644  92
120|5
8644  91
32  86
5  33
631  40
52  73
121|12
52  74
440  62
161  78
527  76
292  51
344  47
186  45
316  68
1  65
19  56
163  62
337  69
122|20
337  96
69784  92
7022  100
148652  88
4816  94
56174  84
94959  86
81591  81
71535  94
30810  94
2997  94
1732  100
108932  100
780  93
1090  83
3253  75
106782  100
72226  94
1200  99
1214  93
123|12
1214  84
115569  77
79132  84
109487  100
1196  79
4226  87
296  93
7153  88
143458  74
47  81
96829  78
2858  87
124|10
2858  89
2161  72
260  91
175  74
1358  66
6377  96
4226  91
3147  83
608  89
1223  97
125|20
1223  73
86721  73
110330  73
54503  79
72011  65
162578  84
119145  84
176371  81
55247  24
1240  78
86332  66
68157  80
112623  21
4082  66
160567  65
3342  64
109487  90
88140  61
98607  73
81562  73
126|8
81562  72
349  65
231  38
380  80
410  58
300  75
253  4
457  60
127|5
457  91
903  100
55276  70
5060  75
272  81
128|7
272  93
965  73
926  80
1066  67
1721  69
1080  93
1198  73
129|20
1198  56
480  78
3698  75
2692  91
2138  81
1968  86
8368  81
653  77
7143  85
316  86
6874  91
239  89
2916  87
733  70
4896  84
2028  74
3977  67
3000  79
1907  71
31658  89
130|6
31658  63
316  78
292  81
110  73
590  72
296  73
131|14
296  64
6947  65
58559  79
908  83
4878  71
89745  77
7256  63
68237  66
2722  61
2028  64
48516  79
3178  63
64614  68
969  77
132|20
969  58
3275  61
4995  61
2987  73
7444  54
3262  60
4168  57
31658  69
44191  57
1089  77
3967  70
5502  71
50  73
58559  74
5992  58
2108  37
1844  64
2657  75
47  71
2470  50
133|7
2470  61
356  71
589  70
150  63
153  47
380  61
527  69
134|7
527  78
595  63
349  67
380  66
367  66
509  79
296  96
135|20
296  55
4084  69
893  70
3994  82
2004  75
608  72
1358  76
3852  84
3489  57
1614  44
1198  93
4128  82
1883  69
2302  68
1291  100
410  60
1261  70
4022  89
4881  61
1077  67
136|20
1077  74
193  47
585  100
338  86
277  54
380  85
181  60
337  78
437  70
165  69
611  73
151  94
340  79
252  61
432  47
552  81
350  70
280  93
273  100
150  95
137|20
150  90
2716  81
1198  90
750  100
919  40
1270  84
318  84
150  86
2997  77
1200  75
6986  71
7153  80
1242  81
110  71
33493  61
1197  94
2959  76
1237  82
903  84
7762  73
138|5
7762  78
1960  72
1959  100
849  86
3996  91
139|20
3996  41
7445  33
60684  70
4865  19
68319  38
7090  42
5502  29
260  42
8371  6
53953  38
58025  25
106782  39
6957  48
7163  54
3827  54
3624  52
52722  56
54259  54
4367  23
115617  21
140|20
115617  70
5299  58
1393  81
356  97
609  87
32596  72
4795  73
34072  58
1617  58
5256  75
5943  90
1084  56
4337  70
3108  75
43396  62
4719  71
1005  83
4321  91
5812  60
4259  66
141|20
4259  65
54503  60
4963  62
2478  85
71535  72
317  66
68954  75
54286  69
6365  55
54272  66
4447  55
5502  55
6377  84
6373  59
1265  85
91529  74
2502  70
441  90
1517  79
48516  89
142|8
48516  74
384  75
588  63
50  97
527  93
356  84
337  69
377  77
143|15
377  56
61250  100
6942  81
7169  80
8533  23
106696  51
3421  22
87232  68
78316  53
69069  83
59421  48
2144  34
96821  44
7173  93
500  64
144|20
500  76
541  79
8368  75
597  76
590  70
410  64
1246  65
527  83
356  88
500  59
19  76
2700  60
434  63
733  76
780  73
1036  82
5377  75
552  65
586  61
2081  67
145|5
2081  63
339  65
380  67
318  88
588  85
146|7
588  37
3257  42
32  89
1367  46
3686  50
410  56
47610  58
147|5
47610  94
168  31
552  84
555  92
2395  64
148|10
2395  94
5618  94
108932  100
81847  69
72998  49
5816  76
8368  82
7153  77
81834  71
4993  72
149|12
4993  49
1374  7
1831  79
1527  80
260  83
173  62
1206  90
1200  51
2021  37
1580  48
1391  60
1375  25
150|6
1375  59
1356  98
5  67
95  59
733  100
1073  100
151|12
1073  80
562  89
780  60
837  56
747  75
1265  85
828  79
1073  37
1  88
648  93
1393  75
1359  75
152|13
1359  70
2959  84
116897  90
89492  94
1193  94
69481  80
85774  85
115713  62
111  83
92259  82
1234  88
79132  68
318  95
153|20
318  17
1732  48
8533  40
4014  63
81456  36
106782  42
8528  35
6863  57
87194  34
2617  23
1246  2
106100  53
1954  11
7458  13
4226  28
89904  58
72998  11
133780  38
586  23
36535  44
154|7
36535  73
119145  100
81834  100
122904  100
106072  86
76093  82
77561  100
155|10
77561  65
3286  69
1200  68
260  100
141  70
2355  71
2384  54
2948  65
432  42
2959  95
156|20
2959  68
31038  68
1230  70
1711  76
3341  66
6296  76
762  36
2361  71
2076  97
4784  67
661  88
2926  86
8571  68
47  51
3176  73
58  76
848  42
866  93
1485  68
923  92
157|5
923  56
3617  63
2720  61
2770  64
527  79
158|6
527  80
2605  83
2872  53
2723  59
2428  93
66320  69
159|20
66320  68
60069  93
45720  60
597  40
4022  100
89864  72
49286  59
140110  66
84954  60
4447  78
1197  88
68954  61
6942  100
1961  73
106696  100
480  98
539  86
166643  55
40819  71
63082  59
160|20
63082  58
1371  41
1198  60
196  60
3408  48
5349  68
3213  70
2408  39
839  28
3593  31
2748  50
533  61
1975  19
1676  61
3745  41
2011  44
733  70
3826  18
778  98
2840  0
161|8
2840  80
7247  87
47610  87
1223  98
38038  53
3429  74
2144  92
2336  62
162|8
2336  83
225  90
168  66
50  77
300  82
266  84
31  91
62  100
163|5
62  54
1810  76
1747  72
1777  55
1837  63
164|8
1837  98
2916  76
110  95
589  95
3527  69
1101  73
1201  79
2167  74
165|13
2167  67
3624  57
110  81
5505  61
5527  63
3256  48
5956  52
5418  85
5530  64
5450  67
1127  92
3409  39
5881  43
166|20
5881  87
1721  68
4011  85
5378  66
3481  87
49530  76
2353  81
47644  57
54272  82
8961  82
1198  89
2542  81
1036  81
608  74
434  69
5219  54
5418  95
2396  98
349  89
2324  76
167|20
2324  66
4886  75
778  57
3052  28
7147  70
6857  64
45501  56
6480  62
1682  74
2231  57
784  66
33794  68
2083  73
2413  69
6333  100
8961  80
2139  54
150  72
6773  64
35836  69
168|19
35836  84
1248  81
1201  99
1089  100
296  100
923  100
1222  89
5291  78
3543  67
1302  84
3362  100
1148  93
3101  78
57669  86
2076  78
1729  80
908  88
85354  63
80463  100
169|20
80463  86
2028  100
364  89
953  97
4886  83
5400  88
8644  92
524  98
2795  94
1022  77
3114  84
3967  93
1517  79
1035  85
8641  96
6365  88
661  79
457  92
3287  87
1416  93
170|10
1416  74
296  93
586  62
377  69
34  74
592  77
277  80
500  84
266  84
588  68
171|17
588  55
1220  93
1025  77
801  90
1259  94
1079  89
828  83
317  86
869  87
380  97
1136  95
1225  96
661  64
318  100
47  99
1198  97
1208  81
172|6
1208  52
3578  77
7438  70
2072  81
3793  83
2762  65
173|5
2762  81
329  54
586  84
597  67
588  63
174|14
588  57
520  79
224  74
648  99
161  100
317  70
158  27
780  63
315  82
485  60
282  73
440  56
350  55
10  76
175|5
10  74
8911  70
43904  100
38388  71
8362  63
176|8
8362  88
434  71
39  64
368  83
380  80
780  89
47  79
471  52
177|20
471  75
91542  76
6332  75
3668  73
45672  47
783  80
27706  66
2657  82
114662  72
1206  69
83132  70
5218  71
508  92
3114  74
1321  53
2176  68
8798  83
88140  73
2012  44
339  81
178|16
339  86
527  84
2329  90
5995  100
6502  78
4235  86
1198  89
208  83
6539  91
296  92
349  81
10  91
4226  83
1240  85
2579  77
318  100
179|14
318  80
589  100
161  64
231  73
288  71
743  64
1061  71
317  72
786  61
592  88
671  93
296  100
434  53
364  78
180|5
364  65
260  83
1748  77
1242  76
2140  62
181|20
2140  58
593  72
596  82
353  43
539  66
516  69
132  43
169  92
25  56
31  66
542  20
6  43
707  59
185  48
464  53
502  100
415  62
480  99
592  82
344  34
182|20
344  69
6969  69
3911  67
2728  85
4313  68
8042  87
1291  72
3113  77
3578  33
1590  55
161  74
4452  69
224  71
4980  48
4262  61
2353  60
2890  93
1127  79
541  90
6041  75
183|12
6041  89
380  76
1196  63
2951  74
2534  61
4085  88
1287  67
2194  88
3247  85
1233  80
2662  85
1408  79
184|20
1408  70
181413  70
193565  70
97304  80
74754  42
168250  88
191005  70
106072  56
166291  75
127152  69
86332  63
80463  95
5816  55
122898  69
81845  94
5810  53
170813  48
174479  70
112852  89
148626  90
185|10
148626  68
2396  51
5377  56
1721  60
5952  77
1393  57
595  70
2085  61
4995  85
899  85
186|20
899  90
1214  100
1291  100
3745  74
1269  79
2527  90
2532  78
4361  68
1307  95
2968  54
4306  70
2541  81
1702  82
480  85
1097  87
3977  65
919  83
3527  92
593  100
1196  89
187|20
1196  64
3949  86
49272  79
231  53
1206  100
6874  92
1729  80
1209  74
48394  92
6502  65
2701  22
4027  66
288  83
2542  65
7153  92
39427  64
6890  61
1222  81
8949  85
1748  100
188|10
1748  79
1212  57
594  80
1282  100
3469  82
2396  83
1091  88
3341  93
1264  81
2206  86
189|5
2206  81
4993  92
79132  76
2959  85
58559  82
190|14
58559  83
4776  69
8784  65
4995  77
5630  62
4306  79
30749  75
1221  91
4975  62
8961  94
858  93
8464  76
69844  87
7438  74
191|17
7438  67
21  50
72  53
175  74
494  61
417  74
17  44
6  62
85  100
292  75
314  81
58  89
235  49
213  80
161  33
160  81
162  70
192|5
162  100
288  58
316  82
349  83
432  44
193|7
432  69
55442  80
4878  61
6016  85
307  98
1270  65
5618  64
194|5
5618  68
1396  71
1500  83
1288  73
5060  63
195|20
5060  43
2770  56
1041  57
1653  84
1923  68
3160  97
4723  62
1863  45
2336  80
2166  84
4308  38
1909  60
260  100
2028  91
3252  72
2908  22
1392  85
1365  66
70  76
190  80
196|7
190  69
3578  79
59315  95
58559  80
364  88
1214  67
110  100
197|7
110  49
1240  82
1882  70
786  54
2167  96
153  58
1784  95
198|20
1784  68
3499  63
920  50
1213  53
3949  53
1994  72
1485  24
2572  83
4019  99
1089  86
110  67
593  78
4128  100
1270  48
4886  89
1079  84
2117  97
912  91
1573  66
1682  86
199|20
1682  60
2165  65
2280  58
736  39
5673  57
349  91
5502  55
482  65
8532  64
1172  83
300  72
50068  50
4881  54
3175  92
7445  64
2973  61
34338  74
41997  76
1956  53
377  76
200|20
377  74
7022  78
50802  62
3968  62
2485  98
500  67
5610  66
590  66
1029  56
53996  48
2572  58
4993  92
4041  44
57640  77
1302  80
1784  75
6383  59
1653  88
1569  79
1517  75
201|20
1517  80
1527  100
1584  100
2858  88
339  79
589  98
2717  67
994  86
788  84
1196  100
2797  89
733  80
1259  87
2174  85
1198  100
2455  84
1569  76
1213  95
160  47
24  68
202|20
24  73
924  93
29  83
2289  100
1197  85
1196  91
2966  84
161  74
608  100
1209  82
1296  98
3194  78
1784  84
469  82
923  81
2000  86
1587  80
1719  83
3147  90
32  81
203|9
32  88
8665  100
2407  72
5952  82
590  78
49272  71
40815  91
333  55
296  100
204|17
296  77
3949  93
33794  82
48394  98
27075  72
1080  88
79008  85
6104  100
8874  92
81591  100
4878  96
91658  100
711  74
2313  87
86320  66
55820  100
5218  76
205|6
5218  88
99114  89
91542  45
5816  64
95167  68
96079  84
206|5
96079  87
608  84
733  64
140  86
141  83
207|5
141  71
2428  67
2707  67
3740  68
100  65
208|6
100  76
2628  65
380  39
2353  54
2278  56
2762  80
209|7
2762  100
1291  79
68157  99
74458  60
185029  72
122886  89
88125  79
210|20
88125  75
34405  96
166203  75
3147  78
31696  98
7649  69
58559  83
2105  58
6365  81
34397  75
4625  76
84772  88
122926  78
76093  74
62836  75
33493  100
1584  79
47610  85
108932  93
122918  100
211|18
122918  90
63113  73
90405  71
57669  83
60684  87
7153  81
73017  79
2105  62
4367  55
356  83
2642  55
1556  30
318  97
44665  68
85414  67
1198  83
1136  77
260  74
212|20
260  66
122920  78
122892  90
2571  100
5218  78
48394  84
3578  77
1196  79
135143  62
74795  68
179401  67
79132  83
77800  77
108932  94
110102  90
96821  62
8874  80
65261  83
59784  76
2291  66
213|17
2291  60
87520  63
80363  72
76251  74
8957  91
2860  71
1234  67
5419  77
51935  91
69844  89
39446  95
4132  83
858  85
69526  53
4558  74
49530  83
58559  87
214|5
58559  61
628  70
743  51
1363  54
802  65
215|20
802  100
4973  80
63082  62
1291  91
2028  94
3252  73
3210  74
1968  89
1247  90
49272  85
1089  72
72407  50
5650  100
318  84
1208  85
2000  47
1197  90
1196  89
1297  79
4019  77
216|20
4019  64
21  89
3996  29
3946  94
2946  64
3993  77
3897  75
2599  93
34  100
3994  45
4034  66
3363  77
1965  98
3422  73
3555  72
3253  39
2087  64
3986  81
2018  39
1923  58
217|20
1923  58
3434  58
1275  64
2468  60
3197  49
1912  61
2302  75
1876  44
380  81
1221  69
2471  45
1918  49
1385  83
3165  55
1590  71
1562  54
1703  56
2056  58
1831  65
160  64
218|6
160  97
2692  63
1380  50
1198  89
6934  40
5349  66
219|20
5349  66
2115  73
59315  98
6539  58
442  32
30707  93
1704  83
180  66
1219  61
1005  20
27773  77
56156  64
6188  46
6721  67
30825  65
2997  77
1552  67
1500  73
2890  65
1921  81
220|20
1921  47
733  94
1198  88
3994  42
6539  97
1258  88
1917  56
4545  58
33794  90
165  89
71264  76
4623  90
53464  70
5218  84
6365  70
3751  100
32  86
1036  92
5502  44
1591  77
221|20
1591  76
7013  91
8529  83
1080  100
3246  99
2871  81
1208  86
7063  94
2702  61
4029  87
5954  100
2352  65
922  68
2997  88
1278  96
2858  100
1212  97
1959  78
1961  98
3671  80
222|20
3671  64
100498  51
48516  77
1249  86
99813  76
91529  66
59900  77
93287  67
1721  54
2706  58
3273  49
2411  64
64622  61
7143  58
87869  67
778  97
30825  56
42011  56
673  56
64839  78
223|15
64839  59
6711  76
1  74
736  64
1961  76
457  64
2716  68
48394  55
608  56
8784  44
48516  85
3863  31
4306  73
260  76
2683  82
224|11
2683  71
3044  100
356  83
2915  17
289  77
3668  88
1270  57
2797  73
1721  100
2716  75
1259  84
225|15
1259  91
1285  70
588  72
1717  76
2791  60
1321  77
1136  80
1197  80
1753  93
2004  56
2371  54
1407  59
785  44
1060  84
3024  53
226|20
3024  70
32666  70
3552  73
542  100
1240  81
3098  70
2804  30
3668  53
3653  85
2231  88
145  90
2253  82
3052  52
2628  49
762  27
53129  69
4816  100
16  74
2144  68
46948  81
227|19
46948  96
52319  81
81845  84
109487  98
134130  83
215  100
48738  90
47099  81
1196  96
32587  91
912  100
55721  87
1682  98
750  100
778  80
40629  83
97913  71
70286  85
150  80
228|5
150  63
1373  39
362  79
318  93
3113  66
229|13
3113  79
589  90
377  81
45  80
587  81
5  59
475  79
442  69
597  84
364  88
213  68
110  95
527  83
230|20
527  59
52715  59
47  76
7438  49
527  60
3147  70
45499  74
6537  52
2291  45
1387  57
6863  66
1485  73
595  38
4022  53
2096  35
588  51
4034  70
1676  73
8644  100
2641  44
231|5
2641  85
858  83
593  85
1198  85
109487  84
232|20
109487  69
41769  69
57526  69
70336  64
8644  67
1586  74
44972  50
4019  78
43928  57
30883  64
65802  78
8376  65
39292  74
1035  63
66198  68
66097  62
32011  51
6564  52
7451  78
33164  52
233|20
33164  61
3751  64
48516  77
1721  56
356  77
106100  70
162600  61
608  71
7153  75
134214  56
57669  73
122920  60
2329  66
4239  68
7371  78
3977  41
3147  77
3948  78
49272  79
5418  57
234|20
5418  92
2140  84
172  39
126  77
1562  50
4519  59
153  66
2710  70
3624  66
3483  62
1391  73
438  59
1460  74
2987  68
65  41
260  80
1359  100
3175  65
588  82
2080  44
235|13
2080  96
736  68
500  75
454  64
592  77
235  69
595  89
32  76
527  100
648  75
223  58
588  83
377  66
236|30
377  81
1278  77
1345  64
1350  73
1387  78
1388  68
1982  71
1997  76
1998  68
2447  67
2459  71
2490  73
2496  68
2502  81
2505  66
2542  81
2572  75
2580  82
2596  71
2598  66
2606  68
2657  66
2683  60
2694  68
2718  69
2770  65
2806  67
2858  77
3024  69
3052  70
237|10
3052  77
4254  65
94959  80
293  95
1371  53
1193  84
7361  93
7980  63
43936  56
1374  90
238|9
1374  80
3528  72
4265  71
4901  100
4238  51
593  71
4499  50
4957  74
1193  93
239|20
1193  92
5459  72
4085  68
380  81
95  84
7445  88
608  57
7147  81
6378  88
2115  87
4896  80
36529  75
3994  80
33679  74
47  94
590  61
4022  72
208  69
733  75
51662  87
240|20
51662  86
543  53
480  77
367  100
810  58
500  62
546  55
110  67
173  52
1  81
542  100
104  90
34  68
174  90
204  59
225  97
383  98
262  89
434  62
420  94
241|16
420  71
71899  63
527  61
1206  68
1193  81
99114  82
100714  82
8981  66
53123  100
116897  61
56367  84
3910  95
106782  85
115569  92
4235  61
48780  64
242|7
48780  65
380  47
231  64
457  80
592  71
454  79
111  100
243|8
111  89
353  59
62  77
588  71
193  61
586  56
181  74
376  70
244|19
376  78
1049  75
110  86
257  50
165  80
151  69
1090  73
3755  51
2278  53
648  76
1580  81
1957  100
1610  71
1196  84
3256  72
1573  63
1242  100
3753  57
2243  50
245|5
2243  52
2739  39
3114  67
3274  78
1361  55
246|20
1361  78
616  73
1680  78
6016  94
3081  78
44191  65
60684  79
4973  96
1732  66
1298  70
53125  97
2291  93
2692  83
293  96
4011  97
5013  75
60069  100
48082  84
82202  72
95167  68
247|20
95167  73
593  80
2858  76
49272  80
1961  66
44191  76
527  69
116797  70
68358  60
122886  86
480  70
223  64
1265  64
2078  67
1198  71
1682  64
6377  71
1089  99
953  73
919  67
248|11
919  81
1198  86
166528  70
176371  66
316  69
147374  78
102903  88
189333  72
122912  78
58559  77
5218  73
249|20
5218  75
102903  77
2167  69
94959  71
84601  75
2395  82
97306  65
3408  70
89047  75
91500  90
91542  74
40815  70
69844  79
904  90
46723  74
3826  55
68791  67
88812  73
67695  80
50  85
250|6
50  62
2407  88
318  84
1597  77
1246  78
8880  77
251|5
8880  67
293  89
356  84
318  96
1089  85
252|8
1089  70
89745  100
6377  96
164909  63
1682  87
166643  72
143355  100
78499  80
253|10
78499  100
916  85
608  91
2300  91
7099  100
4217  76
26366  74
1192  83
4642  95
3363  87
254|20
3363  80
44195  76
207  74
49278  82
6333  75
780  59
110  82
1210  77
49272  100
27846  80
32587  79
2571  99
44929  81
47  97
293  83
1580  67
5995  69
32  87
592  58
48394  99
255|9
48394  39
4467  35
2023  84
3501  66
1663  68
1394  27
3392  81
2542  64
2915  23
256|20
2915  89
88744  74
377  100
4973  94
53972  71
118696  71
95441  62
104841  73
71535  86
2953  74
81229  95
53121  57
30707  93
2571  95
68791  72
170  81
6942  81
90405  72
6537  65
33493  90
257|5
33493  78
594  68
2502  51
494  100
2406  72
258|5
2406  100
7147  94
72641  81
76093  71
47099  100
259|6
47099  88
5945  72
1784  69
4886  58
1356  39
1584  6
260|20
1584  89
3556  98
162  82
903  74
5690  65
6337  76
4878  63
5617  72
342  43
5219  70
2997  95
8011  74
1206  81
3317  100
6709  59
8874  100
2348  73
3822  68
2959  83
8645  76
261|11
8645  92
16  100
2060  89
296  88
2723  64
1682  65
4085  49
2194  89
7361  90
4238  62
58559  86
262|12
58559  60
539  42
457  48
322  81
339  58
85  68
26  74
17  63
213  70
273  48
593  89
728  52
263|20
728  77
150  60
500  81
2987  74
2953  67
110  82
4226  86
8370  60
1197  91
7458  77
708  75
1111  78
2125  91
6942  91
5013  80
163  70
457  92
8636  95
1967  56
2085  64
264|12
2085  91
1376  100
151  83
5816  100
1907  68
1320  35
1917  85
150  84
3578  86
1090  58
253  87
1876  59
265|20
1876  67
316  76
253  77
1302  48
724  62
1240  64
3504  51
230  70
3831  68
1956  68
3098  78
529  82
1270  95
3791  72
1177  69
2322  62
1488  54
2474  60
1198  74
1962  67
266|20
1962  67
2812  67
2700  76
2278  46
24  49
2770  78
2702  39
64  58
1405  67
2580  58
1527  94
2167  35
457  79
1580  85
2300  83
1923  69
2094  55
132  58
2571  84
2097  30
267|12
2097  59
593  79
1175  77
3006  100
1302  88
3999  94
3113  69
1093  58
589  86
2571  90
923  90
3996  98
268|20
3996  78
587  53
1125  65
1911  68
2802  69
1036  77
1370  39
50  72
2064  37
1784  62
1912  68
1966  83
454  58
1234  63
2247  65
1394  70
2829  69
802  55
260  98
2858  100
269|6
2858  52
743  61
95  71
1  96
63  55
648  82
270|8
648  67
62  88
79  48
628  59
14  87
1356  70
141  74
25  81
271|9
25  85
32  81
2791  78
969  96
6787  65
2858  90
55765  67
1320  71
2288  77
272|7
2288  76
1240  83
51662  75
122922  83
49272  80
158238  77
6365  58
273|11
6365  86
593  93
500  74
608  76
223  82
111  79
150  97
21  84
466  88
235  75
520  82
274|20
520  67
2947  70
3037  60
1645  78
4951  68
2036  73
1359  70
35957  63
553  80
76293  70
3918  68
1503  55
45431  64
4816  58
54999  81
5667  67
4876  67
56805  61
1921  63
54004  65
275|20
54004  87
2289  100
5884  77
1171  46
357  100
1912  100
2539  64
235  77
4886  75
2572  100
2355  87
3253  78
1192  100
926  53
111  82
2100  71
3089  68
1393  85
1719  94
1392  82
276|9
1392  100
356  84
466  70
104  97
631  82
648  78
2  99
1367  86
344  72
277|6
344  69
736  64
656  68
1  80
780  57
260  96
278|5
260  40
1347  51
4002  89
318  100
2369  68
279|20
2369  69
1101  65
166528  79
90405  68
61132  89
79132  85
56782  83
97913  64
1608  59
4226  65
59315  72
88129  100
54286  71
1258  75
8665  85
58559  88
4993  100
8376  60
107406  82
1200  95
280|20
1200  50
344  57
262  80
3146  100
4239  87
4447  88
8638  65
919  100
72641  84
86817  79
8368  75
49530  85
6863  84
35836  82
55052  77
54503  70
4246  86
48516  84
1911  58
3916  89
281|5
3916  85
8361  47
35836  29
3897  63
3861  73
282|20
3861  69
3977  60
3263  76
25  89
6708  74
2683  56
4718  62
6711  92
5481  76
6863  84
5669  74
3752  72
588  73
80463  89
1921  73
1193  76
4369  64
48322  75
1194  70
784  69
283|7
784  67
39  88
1704  100
356  63
586  20
2082  29
805  56
284|18
805  77
173  70
2  78
296  100
15  86
348  47
248  87
318  80
47  88
353  74
275  89
44  79
339  66
367  87
276  81
165  82
637  61
235  77
285|8
235  80
949  75
1247  89
6978  69
113207  69
4447  53
441  100
296  100
286|20
296  78
778  100
5989  89
1333  61
165  85
500  57
7438  84
2294  64
4993  90
4995  85
7361  93
70  84
4980  69
1258  88
4963  77
1097  69
4848  82
539  50
377  68
110  79
287|20
110  33
3578  54
223  45
2633  53
1059  46
586  90
3005  36
532  30
1193  73
2599  51
2028  49
1485  44
3826  0
2081  83
8949  54
2012  100
101  100
4034  63
2422  18
2115  65
288|20
2115  67
4966  67
1008  67
2867  45
42015  65
141  64
2571  82
13  71
53519  44
2407  57
5418  66
3916  68
2347  53
2528  64
30810  95
575  35
32587  82
587  80
2517  29
8361  60
289|24
8361  67
16  76
235  65
266  70
594  70
708  65
750  84
1080  79
1101  67
1208  79
1220  76
1258  81
1917  64
2012  68
2174  70
2710  53
2797  72
4322  70
6125  70
6327  70
6453  70
7025  70
7028  69
26704  70
290|20
26704  65
1299  78
2494  81
2739  69
608  77
2130  77
908  87
341  75
1447  72
342  70
1056  76
1719  88
953  100
928  95
1394  87
2648  75
475  81
2731  80
1357  85
2385  75
291|7
2385  86
122892  60
106489  36
134853  92
7153  83
88125  86
1  74
292|20
1  42
103339  70
122900  46
4896  73
2291  66
474  72
85056  69
46972  58
95167  66
164909  71
3176  79
3476  67
1608  58
31221  37
1101  72
3985  61
3984  73
1017  77
69844  82
231  53
293|5
231  78
1673  62
344  39
1617  75
1097  70
294|20
1097  47
3869  62
1064  56
2794  39
610  94
2133  51
1391  53
3868  49
1129  67
520  53
3387  50
355  40
2378  52
3693  71
785  65
2193  100
2367  37
2458  54
348  52
3501  59
295|9
3501  69
3198  75
1287  83
1213  72
4351  68
1198  82
858  89
318  69
2329  82
296|6
2329  68
2028  80
169034  68
4144  80
50  84
2324  73
297|15
2324  59
543  76
1645  58
111  89
454  31
1089  84
6  100
1249  74
1047  50
1370  51
1488  78
150  57
170  81
1092  58
866  58
298|20
866  56
95510  29
6811  63
8370  67
8807  49
63131  40
6881  43
3785  70
122900  57
103042  54
6294  18
2167  63
2005  60
6006  51
653  32
55995  32
3018  59
69757  14
103772  51
3825  21
299|5
3825  75
1387  69
188  87
1198  87
1214  86
300|32
1214  88
356  84
527  80
593  83
1172  77
1704  81
2028  81
2324  79
2329  82
2571  83
2762  77
2858  77
2959  83
4848  78
4973  81
5995  75
6016  80
6711  81
7361  83
8950  74
48394  72
56174  71
63082  78
79132  78
81591  71
92259  81
99114  75
109487  81
112183  67
112290  71
112552  79
112556  72
301|20
112556  88
357  49
2490  68
6711  71
589  57
8949  71
837  56
3948  76
364  71
527  75
5989  75
4963  44
608  82
292  38
3578  72
3897  87
4226  77
3753  32
1393  69
1792  65
302|7
1792  84
14  88
3  84
25  97
648  70
707  82
110  92
303|11
110  72
3703  87
1127  88
5544  54
1196  78
3471  74
1580  72
1394  52
2683  49
920  80
1358  57
304|20
1358  90
2571  88
2433  93
10  74
1376  100
480  93
1373  86
1777  97
1270  94
1517  41
151  64
356  96
208  54
474  84
1214  92
1375  95
640  100
1722  88
185  70
2701  100
305|20
2701  76
140627  76
87869  83
919  83
1197  90
106100  96
138210  80
788  43
7482  80
80590  67
103075  56
903  100
6537  75
93840  67
54736  75
592  63
2288  93
58803  80
55276  74
1272  80
306|20
1272  87
68954  84
69644  75
6377  69
95543  67
81847  61
111743  37
85367  62
168418  64
167018  67
72998  80
122904  59
69406  77
85788  50
4963  81
115664  60
134368  70
112852  85
161634  48
133419  44
307|20
133419  59
4181  59
31424  59
49314  59
5010  38
7845  75
3392  48
1220  75
6793  50
6483  31
2332  27
56003  51
1991  34
3273  41
4876  38
3421  76
1409  2
413  61
4447  45
52867  59
308|20
52867  50
45517  42
96821  33
72998  14
318  54
2  49
904  58
589  53
8961  67
56152  25
56367  30
5618  72
36  58
410  34
79132  38
4993  42
8464  50
1221  28
2248  66
6  32
309|20
6  66
1645  77
898  69
1682  87
296  90
1089  80
1269  87
7153  79
6947  49
8340  73
1104  52
7218  69
25886  73
1219  76
8154  65
971  88
1944  55
6365  79
1262  94
2762  89
310|13
2762  55
6947  75
1101  98
6503  76
2524  76
2457  79
5899  60
733  50
246  80
3254  45
1223  89
1080  87
2671  100
311|6
2671  49
5992  65
1517  34
6461  26
1407  59
2706  27
312|20
2706  70
1375  80
3499  67
589  81
2454  57
1358  81
4878  100
4103  83
3793  88
2028  100
1371  50
4121  49
2366  80
2747  67
4105  56
5446  73
2699  68
2529  68
1350  71
1356  78
313|20
1356  70
170  56
3917  100
2455  59
5544  64
541  100
2193  70
2000  67
6  100
1968  81
1089  89
1301  95
1240  64
3175  97
4865  72
2005  73
2167  77
1375  54
2087  49
2530  41
314|20
2530  53
1042  84
44  34
165  74
457  68
293  53
597  42
329  60
442  58
26  79
830  57
728  75
618  59
107  49
536  55
10  44
1376  77
153  67
208  29
150  71
315|7
150  70
2729  63
2529  44
2067  61
2553  62
909  93
902  34
316|11
902  65
253  71
3968  59
158  52
5445  63
3751  56
7438  64
6874  66
48  52
3882  61
2572  83
317|20
2572  68
73321  48
91529  68
74545  71
7445  51
1213  63
48774  68
4262  61
1884  60
5989  71
3578  62
4011  83
68358  68
1208  76
72011  71
3897  85
3499  80
96829  75
116797  61
56782  58
318|20
56782  72
81191  72
90245  72
111817  72
127180  72
145080  72
150696  72
7445  66
1090  66
116799  68
82459  57
48385  65
2294  74
64839  82
88125  69
109487  75
4021  65
33794  84
54286  78
89753  69
319|7
89753  100
6377  84
356  79
136864  52
1221  96
122904  87
110  87
320|5
110  39
71535  98
31184  77
59315  87
1013  74
321|12
1013  77
356  93
160  76
592  70
597  65
780  73
339  74
355  74
410  64
3  84
500  70
457  61
322|20
457  68
1968  70
2542  63
58559  74
2788  58
2146  69
2617  52
2918  67
778  59
2599  30
4027  78
4993  45
1230  53
51540  61
1  79
1617  44
1923  70
4010  100
11  78
1035  89
323|20
1035  71
480  67
356  78
1094  74
161  64
115569  62
1198  78
29  59
551  61
22  61
318  71
112183  63
253  44
111659  60
3257  48
260  97
150  59
329  67
342  46
266  65
324|5
266  59
3972  61
3864  37
3949  96
3897  85
325|20
3897  68
235  71
2986  51
262  87
1573  67
2596  80
1584  66
1217  89
1676  54
4714  57
3770  53
3261  100
2894  68
2155  65
1279  91
1614  74
3994  92
2268  76
2915  71
5008  81
326|20
5008  86
47610  100
20  100
2858  53
86882  92
5418  79
4973  84
133771  76
48774  79
2324  91
1293  53
2692  98
72605  61
70159  85
54286  89
5446  84
6591  70
4226  88
105844  78
31410  65
327|10
31410  82
150  82
858  99
1923  79
51255  75
48516  86
1304  75
765  100
6888  100
2706  100
328|20
2706  54
112852  68
70286  62
1196  72
457  61
364  79
80463  71
3489  100
318  59
595  59
5349  41
2542  71
1219  88
35836  47
3751  44
79091  50
7153  99
596  25
2398  43
1148  64
329|5
1148  58
136850  58
858  53
1884  57
750  63
330|20
750  62
316  83
1639  67
2918  75
919  73
3949  50
3535  65
5349  80
380  64
1676  100
2502  59
3703  61
1682  81
2683  56
1206  82
1721  82
2791  27
2081  51
8874  100
592  86
331|20
592  87
6157  57
88125  39
6539  100
3897  88
4446  43
7361  88
50872  49
4995  87
4306  65
6874  63
5502  54
3911  36
608  86
4447  70
593  84
3751  90
8665  55
4367  61
2959  91
332|20
2959  65
1653  72
1258  74
316  67
8983  81
431  60
97757  67
2291  77
1835  62
356  74
5502  64
4308  83
1203  55
1682  67
1249  65
76251  86
2905  63
318  71
2294  82
32  83
333|5
32  82
3752  55
3616  53
3615  55
3646  73
334|20
3646  49
1196  85
1580  74
1291  64
3996  71
589  81
30810  56
4027  80
1  72
64957  61
1625  64
50601  33
44195  82
27416  67
6867  66
2997  81
293  70
480  68
5378  63
51935  65
335|6
51935  67
592  69
356  79
296  100
2699  56
2001  69
336|12
2001  73
1  87
38798  65
33660  80
1784  100
2001  68
2268  82
293  100
1625  93
4886  91
50  89
150  69
337|16
150  100
47  79
16  55
805  91
1393  83
266  95
667  60
168  86
784  100
65  82
110  68
708  94
25  59
1356  88
277  69
786  94
338|8
786  65
190207  65
190215  65
190219  65
7153  87
593  80
187541  50
185029  54
339|20
185029  92
5445  80
84152  91
96079  100
106072  72
69122  100
5617  88
41285  68
56869  75
48322  71
65216  92
91630  70
86504  78
91529  85
83613  80
4993  55
3470  74
102407  60
2028  94
5952  74
340|28
5952  71
110  77
150  74
153  59
161  73
165  72
185  64
208  59
253  70
288  65
292  67
296  85
316  68
318  88
329  69
344  61
349  70
356  84
454  72
457  78
480  74
589  81
590  75
592  69
595  73
648  70
780  70
1356  75
341|11
1356  66
3624  61
130087  74
1370  75
135137  68
117529  64
5459  80
45672  56
1  73
47099  67
4025  54
342|14
4025  90
2598  71
2881  68
2369  56
1268  67
2605  65
2599  60
1198  87
3157  44
3826  34
2428  47
2827  55
3863  61
1959  68
343|12
1959  77
3000  51
48394  79
4226  80
4878  84
3993  56
2571  84
1617  72
31658  75
55363  33
55820  62
296  100
344|14
296  93
380  61
316  79
2628  70
4226  75
2571  79
4014  50
2012  71
4034  97
260  74
2541  27
4973  61
5418  58
2712  98
345|13
2712  63
2539  70
926  90
5902  82
8810  90
344  56
5707  74
2366  90
56949  60
3649  76
6658  78
3489  73
412  100
346|20
412  43
778  73
608  73
6711  70
6286  67
306  93
7323  76
307  76
3535  69
1212  70
357  58
3949  68
714  88
7937  72
7396  75
5878  61
1120  67
1131  61
3627  64
7115  68
347|9
7115  57
590  83
39  67
150  85
454  87
380  91
587  77
317  67
457  98
348|11
457  100
2324  99
4368  97
1213  94
6016  91
2959  92
6893  90
4973  95
1221  92
1960  97
2019  95
349|8
2019  70
161  88
589  81
381  77
349  91
231  56
588  78
509  82
350|8
509  71
7  51
637  74
648  84
733  69
12  48
858  75
661  64
351|20
661  69
87222  46
73344  75
52579  71
2231  73
88744  63
43836  57
79132  71
597  71
58559  76
12  53
8914  79
8950  82
63082  87
6214  74
90376  71
84152  75
480  67
4878  76
1193  68
352|20
1193  72
71745  42
1801  88
34319  67
2600  84
65682  76
1080  100
79695  70
110730  50
38038  80
130490  81
97752  74
1214  64
94864  73
41566  70
56587  76
44191  78
114935  74
59315  83
47610  87
353|18
47610  84
25  88
267  69
216  69
367  53
288  53
144  75
186  41
333  80
266  97
112  47
198  73
234  64
145  56
293  100
158  44
163  76
296  80
354|20
296  77
4306  86
2692  86
3147  89
47  81
903  52
733  81
3977  53
1225  89
35836  60
648  78
44191  76
8665  67
1917  84
7147  69
1923  79
589  83
2959  100
4718  51
1196  78
355|6
1196  78
1580  55
3035  53
3175  85
317  65
916  100
356|20
916  65
52435  90
52975  70
7122  76
44889  76
1641  66
2706  65
4011  100
802  70
7323  73
2502  100
56367  79
1223  91
55118  74
3949  80
3996  78
1246  89
1466  82
223  87
7153  100
357|20
7153  74
8998  74
27329  74
2804  64
595  61
529  73
4663  79
4091  74
1224  92
1242  83
34  90
208  60
58559  90
6296  80
30793  66
1042  62
2100  56
551  67
471  91
2067  73
358|9
2067  69
605  92
5066  67
52328  39
2226  69
42728  66
7361  73
69844  71
36525  100
359|15
36525  49
1092  59
1101  65
51412  56
648  72
296  80
1097  98
2396  77
2424  73
593  74
2701  36
2942  83
1682  68
2530  44
4995  88
360|5
4995  66
1620  50
1488  100
1711  43
1414  43
361|20
1414  52
1580  68
377  94
1552  84
49272  83
1263  17
53125  72
589  80
49822  51
8360  76
318  78
2529  65
5218  71
6188  54
2422  100
3082  97
1732  22
1370  74
46972  72
7458  81
362|20
7458  88
592  78
6539  75
51540  85
5989  78
637  57
70  82
7153  89
1252  92
44665  89
407  69
6874  91
2959  97
1196  95
1208  98
8961  87
48516  93
7438  77
356  89
1201  82
363|6
1201  55
1732  21
1517  67
296  74
653  83
318  82
364|5
318  63
9  86
783  89
376  67
1  90
365|20
1  47
81229  71
128975  46
6874  31
90345  58
158872  44
129354  19
103075  46
135536  46
70286  82
112852  81
76077  30
112818  54
1777  45
6502  52
155820  59
541  68
95720  60
93270  17
135569  31
366|7
135569  83
59315  86
33794  69
91529  73
2028  76
122882  75
7438  91
367|20
7438  63
3061  93
1270  81
1287  87
486  79
3536  65
3824  74
2384  81
3072  60
898  89
3618  64
3225  95
2248  76
3157  44
3969  79
3717  67
1259  77
4023  46
1196  89
1258  98
368|20
1258  61
2112  65
1944  60
2986  53
3869  59
1214  82
2947  63
415  26
3035  77
832  49
50  61
2819  45
1801  55
2490  70
1917  36
1391  47
2193  68
225  54
161  57
2881  66
369|20
2881  68
785  62
47  80
2706  70
839  45
377  76
52973  74
743  37
4214  75
5418  86
3863  62
1372  59
27904  57
60069  73
2857  63
1967  78
150  48
2011  71
1580  47
3174  85
370|19
3174  94
4878  89
8961  68
6377  91
2628  70
1748  84
2116  84
589  71
2329  74
7438  72
3977  50
1676  100
593  80
4973  84
4226  78
1240  80
1089  76
8636  75
2716  66
371|9
2716  100
112512  87
1258  100
4090  85
56715  83
3000  93
4226  100
4993  100
1748  73
372|20
1748  65
924  100
318  77
1603  42
1479  36
589  85
81  49
387  46
616  77
337  50
1220  66
1201  83
165  63
1243  73
1258  85
377  88
1401  49
450  64
1206  80
1306  61
373|20
1306  62
60  42
169  49
350  34
585  46
44  70
371  40
163  76
616  61
198  65
265  73
25  99
6  78
733  45
47  68
2  53
736  61
305  41
357  58
141  62
374|7
141  78
208  43
1219  77
480  96
592  74
1258  81
1339  83
375|7
1339  50
1027  93
32  93
2628  54
3256  75
4226  100
500  92
376|20
500  73
2002  84
1214  80
1101  75
2916  85
33794  89
1198  87
349  99
1371  66
376  74
1240  95
1375  62
4993  73
858  76
457  87
4226  77
5952  65
344  82
2763  87
2797  69
377|20
2797  80
2793  100
1262  100
2791  100
748  100
1345  37
5027  73
5113  79
27692  80
3421  62
6021  80
3364  80
2072  100
8641  72
2163  87
92760  80
2858  100
1503  100
2124  49
2015  82
378|10
2015  70
7153  77
48516  83
3114  82
858  95
68954  85
91529  80
71535  85
90600  76
364  73
379|8
364  90
377  73
19  46
292  63
480  87
367  85
597  65
344  60
380|20
344  77
172875  77
172881  77
172887  77
355  53
6979  68
5476  65
2735  59
68194  72
63433  77
72356  88
105731  73
1833  73
551  94
6731  74
27831  67
1665  67
393  79
140956  78
2791  84
381|20
2791  71
1088  75
3253  61
185  71
317  83
27808  76
1240  79
19  70
3753  90
4321  62
72011  77
3082  72
333  84
2140  71
1385  90
2273  76
1208  63
457  68
104  81
2716  75
382|20
2716  100
142372  65
135532  75
1201  100
112171  62
1198  100
912  55
81847  73
4638  78
63540  62
1681  56
170289  77
103042  66
72737  83
2496  52
357  80
81537  56
59501  67
101362  63
4890  76
383|7
4890  92
2541  85
2496  62
1584  100
2558  94
1246  61
903  39
384|14
903  38
1388  60
2683  41
2502  66
4333  79
3098  48
4396  97
457  94
358  55
968  58
2724  33
296  100
3991  39
1204  72
385|20
1204  70
1080  77
249  73
1219  72
1036  73
1136  85
282  49
1073  86
1200  86
1228  83
1022  62
1007  57
1201  84
1246  71
344  71
589  71
1023  67
1287  69
594  71
1303  67
386|14
1303  47
410  45
112  69
165  44
223  59
648  52
185  52
608  75
485  75
305  56
44  30
585  78
349  50
10  54
387|20
10  63
5156  63
5780  63
7336  63
26124  63
40966  63
2712  71
5062  65
1247  63
5489  63
4195  70
7132  73
2946  61
1387  49
3000  94
51939  63
4995  72
912  64
7938  63
1783  65
388|6
1783  68
63239  68
33615  56
86298  66
62999  81
8360  84
389|7
8360  98
140  79
628  90
762  68
743  95
95  92
32  74
390|17
32  69
64957  82
4239  72
5220  74
1193  70
2571  84
9010  73
2291  76
5296  80
4226  77
7254  57
6377  88
63062  81
1206  97
2329  67
4014  100
1784  62
391|20
1784  66
500  40
3994  78
1213  72
516  60
199  76
4027  82
150  59
1408  68
4014  45
1527  96
1059  76
2916  76
4973  86
357  52
555  91
5026  54
4936  42
1210  92
3067  54
392|5
3067  37
2858  53
707  78
1198  91
1125  66
393|20
1125  51
102125  73
48394  81
36517  94
8636  68
110102  100
44199  7
5388  58
54259  100
4848  31
5669  54
1291  75
68848  66
86190  72
2571  88
1206  60
122892  30
106642  91
1625  100
106489  83
394|5
106489  57
316  46
344  52
225  42
457  59
395|13
457  65
1025  50
296  56
160  56
208  66
173  65
485  32
355  62
520  51
595  49
126  50
48  79
367  52
396|6
367  78
1597  75
1777  63
44  53
204  100
2081  73
397|5
2081  65
8645  74
1701  81
8228  82
6993  87
398|10
6993  72
1197  98
5971  63
7022  82
1198  85
60069  96
2455  71
1136  77
48516  83
82459  54
399|8
82459  71
110  77
5445  73
1196  74
593  84
480  80
1270  48
2194  76
400|9
2194  81
356  82
2571  98
2959  95
7153  91
1221  90
3578  77
858  100
59615  70
401|15
59615  49
6297  78
55768  67
48982  66
166461  54
49274  46
50872  59
32031  66
79091  85
170939  64
38038  85
8360  60
3114  66
33615  73
1136  84
402|10
1136  60
597  79
52  50
329  87
296  81
586  85
315  72
1036  100
434  75
527  55
403|7
527  83
2427  83
3210  72
296  94
61465  63
1663  71
180  70
404|12
180  71
349  75
474  74
34  56
364  76
508  80
105  74
593  78
509  47
277  68
315  58
185  66
405|20
185  76
293  85
7254  87
37731  72
2959  96
345  73
1213  84
7134  76
64614  85
6023  73
1241  94
2329  85
1247  85
3052  100
68237  85
1199  93
27592  84
27664  77
3418  96
1215  77
406|5
1215  49
135  48
56949  23
46972  46
724  47
407|5
724  88
2959  84
6539  70
1240  87
54286  73
408|20
54286  89
122904  98
44840  66
165101  66
6618  71
1291  87
1210  90
89745  100
1278  91
7324  69
44  82
8641  67
115210  70
103596  77
68554  90
2571  85
109487  75
63131  91
80489  82
4649  88
409|20
4649  43
2490  45
2028  98
3812  57
1278  78
2997  100
296  100
1078  70
3016  70
1073  100
2683  51
2289  50
3846  71
912  88
2013  70
1911  78
2352  100
1230  84
2541  70
3174  38
410|20
3174  74
3224  96
318  92
2302  43
4002  48
1060  70
4297  75
3263  74
1859  75
111  96
58  75
2145  44
3255  71
2321  67
3504  75
3948  82
11  81
4019  74
3  72
597  67
411|20
597  75
261  63
586  71
432  64
353  74
431  77
194  66
318  76
272  74
515  47
356  88
266  78
257  73
349  78
10  79
31  71
344  58
227  57
455  36
122  74
412|20
122  49
2384  50
2915  70
903  74
608  97
2720  63
2858  100
1883  39
1307  88
1214  100
1784  79
2239  100
1  72
930  92
1136  95
2710  58
915  67
2398  99
17  65
1079  68
413|12
1079  47
1198  100
3753  100
2424  79
593  97
128360  85
4993  83
16  100
5574  78
3948  81
64957  96
2959  95
414|20
2959  72
4666  72
5285  72
5635  72
6033  72
6493  72
6563  72
6628  72
6797  72
48319  72
58879  72
169992  72
3802  51
3599  79
1600  74
8666  53
4975  70
7444  62
4081  68
177593  93
415|19
177593  99
1213  95
4321  76
3507  80
4308  69
47  80
1021  65
111  86
2617  64
1276  94
3861  75
4369  68
99114  83
1221  87
63082  74
1234  86
45722  71
1197  84
175  78
416|11
175  92
5951  57
531  50
1296  82
1199  66
1721  49
830  90
1206  83
7323  50
4848  100
3677  85
417|14
3677  82
4995  95
4975  94
7254  67
1198  93
106782  81
27773  74
168250  89
1625  64
7153  100
74458  100
110102  75
48394  78
4878  87
418|19
4878  89
296  100
63082  100
104374  57
1276  57
1136  64
117176  92
1573  46
137337  76
1682  88
5816  86
88125  40
74458  76
367  37
89745  58
45672  55
87869  23
7361  100
54001  43
419|20
54001  70
111  80
46976  70
27822  100
2858  54
319  96
6287  71
3578  49
1213  70
64969  73
47  89
79592  96
34319  59
89580  70
60756  44
27704  70
90943  70
2412  100
1240  78
52245  91
420|20
52245  74
4993  83
45499  70
923  85
26693  74
48385  81
1927  83
5608  86
2052  72
6934  67
7022  83
3979  74
59295  74
2329  91
54259  87
1131  86
2762  78
4973  96
5669  73
527  80
421|8
527  76
909  84
5008  77
953  97
1178  86
2313  81
2478  47
1203  100
422|19
1203  71
2710  40
4947  67
4971  52
5039  62
4925  66
2581  64
4916  64
1265  77
2804  96
3053  55
2665  66
1283  100
4835  66
2908  67
3943  50
1213  90
2670  76
858  95
423|5
858  68
110  84
2194  78
5349  78
1320  74
424|20
1320  69
141  83
2804  62
40278  55
608  61
108729  75
293  86
69122  56
1092  46
54503  76
58559  77
3186  85
66097  84
778  90
5679  97
3176  96
2288  72
2174  50
71668  69
112556  80
425|20
112556  72
377  65
2329  79
733  64
6  87
1645  72
8368  76
2081  65
4306  78
1680  71
1909  60
367  54
46723  71
1625  86
1036  78
4901  68
750  85
2353  67
1342  72
145  54
426|18
145  65
150  100
471  81
337  100
54001  100
1197  46
6378  63
72641  87
4886  78
8644  62
37729  68
597  57
5444  64
91325  67
588  64
3247  94
4022  83
79091  88
427|17
79091  29
5463  58
5015  71
110  59
58  76
5528  60
6348  65
5312  66
2710  43
5696  59
4993  85
5266  94
2683  76
5400  59
5816  69
1208  86
5574  52
428|20
5574  53
2762  69
3827  63
1089  71
2953  49
2916  57
1380  45
1997  53
3440  50
4022  69
317  57
4255  41
1208  63
1391  64
6377  74
2581  35
260  43
3285  56
588  56
653  55
429|12
653  85
421  96
150  100
225  61
165  88
266  100
329  70
252  86
279  82
317  68
237  81
204  51
430|12
204  64
2987  52
3745  72
6287  57
2858  100
6365  72
2571  100
4447  62
4014  66
329  79
2076  66
4446  81
431|5
4446  37
1625  71
1376  18
3948  33
802  43
432|20
802  93
5630  95
6870  74
8640  67
6539  87
3916  98
5989  100
84189  69
110  83
35836  70
4886  69
2762  76
1206  48
49272  84
19  45
318  100
58559  72
69481  54
7158  76
33660  65
433|5
33660  69
1089  83
50  80
5299  49
110  75
434|20
110  78
3147  86
1090  67
1265  95
5989  80
1101  91
1779  56
586  40
344  47
3863  74
1208  86
3160  90
589  69
780  65
6796  60
2791  73
4226  81
2194  95
8665  71
1291  81
435|9
1291  73
44191  91
485  70
3510  85
34405  89
2302  70
158  69
82459  71
48780  97
436|20
48780  65
435  59
440  74
432  60
161  75
480  80
377  76
531  67
536  62
502  58
364  82
235  73
371  65
344  45
2  69
585  65
450  72
587  74
437  50
227  49
437|20
227  77
318  87
5  53
640  62
1299  76
1120  56
1396  90
1246  100
454  77
1171  66
1225  95
1183  88
1097  79
1307  85
1268  64
592  91
198  34
155  81
112  57
246  84
438|20
246  76
2501  74
8966  71
27801  75
1527  68
6711  87
3898  61
1784  66
8644  82
6367  79
2424  69
3889  68
223  74
1517  79
7361  65
2641  64
5009  72
2617  77
3753  75
2393  77
439|5
2393  80
4022  67
7153  89
78499  89
1240  66
440|7
1240  72
541  88
29  85
1653  91
1274  61
3174  70
1235  78
441|9
1235  90
2683  67
2959  93
4306  92
260  83
296  69
51255  76
47  100
68358  97
442|5
68358  60
2881  38
1186  0
3752  34
4361  34
443|8
4361  97
79132  76
296  80
48394  88
106487  70
108190  87
7153  93
63082  89
444|9
63082  97
592  66
208  45
21  85
111  74
110  65
235  72
296  89
344  61
445|16
344  75
590  94
34405  44
47  87
116897  84
780  54
4011  88
899  84
593  89
33794  74
1080  79
45722  48
17  77
1230  62
306  100
2710  68
446|17
2710  73
339  69
300  66
296  86
480  73
368  67
288  51
172  79
17  77
16  76
357  64
150  61
434  47
153  41
648  59
593  84
337  53
447|16
337  76
293  82
337  61
531  80
382  87
589  100
552  79
253  72
362  62
532  54
292  79
31  68
474  85
540  62
442  82
160  88
448|373
160  66
3284  66
3933  66
6302  66
6476  66
7245  66
48262  66
49688  66
75803  66
75816  66
78116  66
79590  66
86593  66
92198  66
98908  66
100326  66
102819  66
104760  66
108715  66
109191  66
111680  66
113416  66
116207  66
116985  66
129657  66
130083  66
133377  66
136654  66
138546  66
142424  66
151777  66
152658  66
157130  66
158022  66
161290  66
164375  66
53996  59
136778  66
5418  81
288  75
88356  53
2580  66
155358  66
2889  70
4034  87
148888  66
81156  56
2713  72
103335  43
95441  68
34048  81
80126  60
3057  66
1057  79
2794  70
33830  64
8665  74
6059  56
110553  49
90374  64
151501  66
3764  67
6143  68
103819  61
4361  34
104913  42
3986  66
5528  80
1196  74
105351  65
83349  67
3276  66
1090  58
5349  63
587  56
106330  71
4677  51
95508  66
109895  61
110611  66
671  100
2289  82
152077  85
80693  81
111360  59
170  89
87444  67
94323  67
8493  72
3671  78
91653  60
4981  66
2991  65
78034  66
119145  66
5099  51
4299  76
2567  80
6996  44
109864  65
6582  53
73017  76
370  59
543  68
115617  95
590  65
154065  66
5553  74
41569  50
3286  64
6645  69
589  57
1920  51
2857  67
111663  66
78499  73
2657  88
6537  65
1148  79
46974  63
48516  90
80241  71
445  80
4262  60
3689  83
114935  83
6428  66
127194  66
109673  72
127096  70
89388  66
4156  66
3793  70
33679  59
2014  74
64285  66
3968  60
49530  76
3450  61
160563  66
5502  62
8169  65
6314  63
122490  66
3386  71
140725  67
4896  69
2642  54
127136  73
2763  73
2520  66
457  87
48783  88
3263  78
5400  68
5541  87
4011  81
58351  66
127132  66
152091  59
3698  64
435  23
4799  36
84152  73
3401  69
2858  64
3174  71
7076  87
106542  66
6218  63
2860  57
1283  50
3618  97
2616  54
90439  64
2404  61
4660  66
2530  79
26386  66
4327  77
3030  78
71464  73
32  85
91529  83
4158  61
99114  67
98585  66
93326  46
2268  70
80489  71
130576  69
105504  67
2791  61
50601  40
7007  100
4234  61
3623  53
80727  64
78467  67
8641  79
4128  70
106782  70
2537  100
112138  75
3247  65
112818  79
2027  73
3101  58
5779  66
82202  65
1704  84
98296  66
6863  71
89305  68
4203  64
1201  84
6212  65
637  53
84954  49
6814  66
94864  57
67695  80
159077  66
92439  71
6812  61
3156  72
802  69
118354  66
134130  80
138036  82
65135  66
52975  57
4368  50
90717  69
45722  52
79259  66
68157  100
4233  38
74458  74
3258  92
1262  63
3949  60
101025  66
69526  37
1831  45
1083  65
1884  61
1476  67
156609  63
3755  48
111659  76
4734  74
161  97
95201  66
135887  58
2598  94
87232  67
4634  72
5334  62
5459  41
146730  66
72694  66
157432  66
132488  66
4558  55
1375  45
6424  66
71518  77
2716  80
94780  62
3593  48
129354  62
158  85
1409  59
6514  66
2881  57
51662  63
90522  61
68554  54
2126  61
122932  66
93510  64
137857  52
125916  51
2953  37
2090  66
1760  67
480  62
58803  58
2109  82
50792  62
46062  80
85510  67
80864  66
112171  66
122900  72
2587  63
1527  94
117529  52
4993  65
92264  66
5247  100
533  44
912  68
26464  66
2249  49
4678  41
103772  57
114601  67
96861  57
420  68
59615  42
2349  71
109372  68
95207  66
348  62
19  59
136020  57
4502  75
91094  63
138208  65
3511  53
79428  66
2643  63
109183  66
2139  65
4212  66
5942  57
96417  60
112852  72
99728  67
89470  56
142448  67
64983  71
2640  76
2046  76
4881  67
3882  45
3744  69
1032  58
116799  75
5  69
4040  62
157407  66
2115  81
1617  84
4367  79
105254  66
3388  75
3760  94
2146  65
2968  69
6281  57
466  62
96448  63
86332  48
64969  59
115170  66
1036  89
3397  64
2474  88
1408  91
155743  66
106920  88
8542  66
120466  69
2051  52
7143  73
7150  58
89087  82
34150  57
2253  89
2973  53
449|8
2973  65
2502  77
4034  79
1222  69
2770  58
762  37
2011  44
2324  84
450|11
2324  74
589  80
110  100
3363  68
3535  82
3948  53
3409  44
1035  94
3568  76
358  72
1259  87
451|7
1259  90
593  87
7  76
5  62
494  57
25  96
17  79
452|20
17  80
2858  100
2617  95
5292  96
1206  94
1676  93
3219  89
47  93
3101  76
163  100
1092  76
1917  91
2126  58
1356  88
552  82
2628  89
1200  98
608  100
2707  89
3273  69
453|20
3273  47
858  96
2335  89
4022  62
3618  83
1617  92
3452  79
1357  100
112  74
2671  95
1884  65
1894  53
2294  79
318  81
1614  85
3534  100
2959  84
798  66
5266  71
780  64
454|9
780  95
2692  88
7116  79
55820  66
6016  72
27773  57
2160  87
2858  67
26131  55
455|12
26131  64
432  30
367  65
590  81
253  65
364  86
555  80
252  83
110  98
225  56
588  75
597  83
456|9
597  64
634  54
135  100
5  41
724  69
780  78
733  72
260  95
706  72
457|10
706  51
3593  59
2692  76
1356  90
223  89
2394  61
2701  44
3608  70
733  60
2094  98
458|12
2094  97
185  94
10  83
380  81
95  64
454  95
300  59
595  83
153  69
587  69
150  100
552  76
459|6
552  82
5618  90
8961  99
48780  100
50872  77
260  100
460|17
260  77
4886  81
4703  84
3831  86
1441  81
4878  91
3483  64
8970  86
1  85
49272  86
40815  95
85414  66
68237  89
76093  100
47610  79
63082  100
2571  90
461|6
2571  68
2762  53
1036  40
91500  19
3578  41
539  0
462|20
539  56
89090  56
164655  56
188189  56
1136  68
1219  71
158966  66
1248  58
508  53
1653  64
1674  30
8917  57
8620  69
3424  41
2146  38
7044  47
3814  60
1213  51
82857  56
26131  68
463|7
26131  95
2028  80
4310  72
3753  84
2006  65
1092  57
5995  76
464|20
5995  86
58025  59
63853  57
296  94
2019  84
3527  74
5254  100
7007  59
1101  93
1779  67
377  78
1653  84
55820  61
648  82
33493  91
1610  76
65088  68
74727  75
1617  77
62374  95
465|20
62374  75
2987  74
1200  89
3448  80
5060  71
1299  93
3703  79
3649  83
1625  70
292  53
904  100
3101  83
1754  81
750  100
1256  76
593  93
3732  79
3740  93
3334  89
377  75
466|20
377  100
30793  83
79091  93
92259  87
5989  94
5459  75
318  94
63082  64
59784  66
5010  78
74458  78
6281  68
5952  69
8529  91
64716  49
68954  96
4993  62
45447  83
81845  80
55247  100
467|22
55247  71
58  77
389  70
466  61
527  80
593  83
780  70
1183  70
1233  79
1357  75
1365  71
1408  69
1721  68
2028  81
2125  71
2324  79
2334  67
2384  63
2390  71
2393  68
2394  71
2493  70
468|7
2493  84
349  55
1  69
317  42
296  98
32  58
165  79
469|20
165  71
3832  71
3507  88
3032  78
2736  69
2132  75
1958  100
910  88
1090  67
1485  30
1388  65
2321  94
1234  100
2081  100
1193  100
36  77
2908  68
909  91
2023  92
3255  63
470|16
3255  54
318  84
110  91
588  79
282  59
5  61
597  67
32  69
595  71
592  74
500  69
26  69
356  91
357  71
434  54
300  73
471|6
300  100
8874  78
527  68
1  80
8360  63
7147  85
472|6
7147  91
3450  40
3298  61
2840  88
1221  67
858  77
473|8
858  80
2959  80
60  70
7147  100
6281  68
3897  81
48322  73
2596  81
474|422
2596  68
2179  68
2697  68
4046  68
5114  68
5311  68
5353  68
5455  68
5601  68
6201  68
6273  68
6382  68
6407  68
6592  68
6912  68
7702  68
7826  68
7832  68
7839  68
8057  68
8446  68
8458  68
8459  68
8611  68
8650  68
8774  68
8938  68
1466  69
6708  67
2940  62
2616  75
2334  95
7139  71
4218  68
371  87
750  91
2935  77
8645  72
5481  52
6370  58
25865  68
2553  68
912  69
2467  79
5548  72
7301  62
52967  69
5945  78
480  89
1983  61
3462  77
1068  68
8600  69
6650  77
8482  68
6791  78
4016  86
1784  69
3668  78
3977  49
8961  71
4160  66
30820  67
6984  68
2750  75
5034  67
7716  68
2612  68
4419  66
1300  91
4187  65
1187  78
6565  74
272  88
5440  68
25937  67
1099  71
3125  68
5826  68
5649  68
7256  80
4912  74
6016  89
1208  88
2083  89
3385  28
2310  72
3360  55
3163  69
1413  70
4081  58
1643  67
968  69
2116  64
26965  71
5954  82
1263  58
5116  68
3536  68
8778  67
63433  61
2952  56
318  70
3394  65
1200  89
3384  80
4356  78
932  68
7698  75
516  88
4873  58
48385  77
39869  74
1902  68
2641  51
7036  65
2181  75
4638  59
31116  63
2455  73
2146  64
628  90
3897  88
1030  41
4022  82
344  83
3196  66
92  87
237  72
6770  69
3259  73
3368  69
26151  67
1293  100
34072  60
3044  55
1639  44
5944  61
6539  65
477  66
7361  90
55687  68
58  71
4014  43
3467  70
8154  67
4191  69
2134  54
4644  80
4293  73
5013  68
1399  75
1196  84
2918  64
5899  76
4465  67
100  61
361  43
3341  73
8921  68
195  42
3789  68
4709  70
1588  61
3468  83
4678  100
2723  55
2118  92
1939  100
7019  62
3147  65
1792  93
33903  63
1682  72
41566  54
1693  90
1957  75
5021  69
2313  57
3870  68
948  63
47099  86
3447  72
6614  64
216  73
5619  69
3987  68
5060  47
3111  70
45950  68
32584  61
5525  68
2567  65
5956  100
7  63
1172  82
3217  63
8331  68
587  44
5238  70
1189  77
2416  72
832  70
3095  64
7386  69
1223  97
7058  68
5246  64
5418  89
27803  78
26  62
4002  60
1135  50
45  59
6945  58
2411  55
2520  68
7347  67
5375  68
5673  77
3039  51
7833  68
33781  68
720  65
2103  61
33154  75
608  65
1327  73
101  92
7061  68
5451  79
5682  71
5434  64
6609  68
31658  65
4578  73
2009  66
4704  68
7572  68
4929  53
3306  71
6334  73
5379  69
5437  69
42418  63
4128  49
7451  86
2786  54
2243  82
27846  60
6197  72
3264  34
3608  72
5603  70
6124  62
1222  89
1663  59
3566  77
3755  62
2628  72
4815  71
2089  71
7102  72
27706  67
7013  66
1348  58
45666  68
5755  54
4055  52
2058  54
4462  62
1544  61
2405  52
4998  68
273  38
1977  47
1732  90
7822  68
7073  68
41527  69
4787  73
1676  69
3708  71
6669  99
317  78
25940  68
971  81
7366  54
3115  64
7026  65
2710  42
50685  72
2114  63
3809  77
3516  69
2770  34
535  67
4878  93
5992  71
41997  66
1083  69
4487  82
7293  69
1016  61
2006  68
1007  49
4993  61
3412  76
5007  68
3929  69
6639  93
8712  68
1876  52
3546  68
34359  68
7579  74
7325  57
6837  68
2634  73
7753  66
8943  52
8385  68
4308  88
3246  65
3745  75
1148  87
42002  63
50740  80
3952  69
1927  78
7581  69
910  55
3948  60
54881  80
1284  48
4007  74
5341  69
3675  46
52975  69
6244  68
965  79
454  63
1247  81
7215  61
1282  60
8207  93
6242  54
6502  77
4509  71
3528  74
2391  84
4262  70
4039  75
42018  92
3271  88
976  68
48394  59
5384  68
5168  68
1358  61
6534  65
8773  68
2384  46
48780  74
1269  91
4600  73
2642  46
111  81
933  99
3578  85
5297  75
944  72
6020  68
2123  73
748  56
4896  51
5380  77
53953  79
3712  67
25996  68
1997  91
4464  71
4085  57
51540  68
2707  62
2069  64
6710  81
1488  94
6378  79
928  92
3038  63
7116  82
44511  68
594  58
1962  100
421  66
4316  70
2761  71
4823  74
892  74
1345  87
5294  82
1408  97
6579  69
3272  83
3421  87
3844  82
6787  61
37736  71
2249  56
1610  77
2468  40
3498  66
4902  36
6268  71
5225  72
5404  72
929  68
25999  68
7835  68
805  58
4126  71
475|20
4126  94
4993  100
87232  98
40815  92
5816  100
8644  98
81564  94
4701  90
81834  86
6564  79
68791  82
111759  100
7153  94
1527  73
71530  83
4896  95
106487  93
112852  99
3578  100
82461  88
476|14
82461  87
34  86
380  59
158  44
153  60
586  71
440  68
364  87
378  67
357  71
224  69
165  65
296  99
11  76
477|20
11  100
913  84
3100  75
2105  75
1271  85
1207  81
70687  63
2174  64
45672  84
4571  69
3973  96
4226  86
1103  95
5291  74
348  83
3593  89
1  95
1274  88
6502  60
59615  41
478|5
59615  71
3114  63
594  74
1584  85
1101  30
479|20
1101  72
4488  75
524  59
1025  87
3707  33
1220  75
4010  66
3244  70
3526  87
4092  64
1968  90
4700  62
4003  75
3671  66
2671  57
341  72
2012  63
2542  77
454  52
2384  70
480|20
2384  66
2700  61
8533  79
2193  70
2797  80
3484  39
2571  90
1210  85
2596  39
8866  61
47610  70
6306  79
5379  76
2018  56
7153  100
3911  76
44191  49
38061  84
5673  69
380  62
481|7
380  60
1687  73
1629  62
1729  64
1620  58
1597  57
1485  51
482|20
1485  64
8985  45
1036  92
474  85
1042  70
4389  52
780  93
27706  66
3211  68
1610  81
4367  90
1374  98
1220  63
1602  63
653  61
592  69
30812  84
4862  71
8361  67
8529  70
483|20
8529  71
783  72
2541  79
2959  97
109971  71
45722  70
1199  87
50872  71
2000  63
4306  100
69757  90
2683  61
2273  58
1588  81
109487  75
66934  69
1721  45
2328  75
68522  71
8972  86
484|20
8972  76
1438  81
6155  100
6944  76
2706  100
33166  94
6874  54
3697  58
1059  75
76293  87
919  90
2762  82
1821  75
837  58
5810  87
1753  96
3254  71
4718  71
2413  70
3646  100
485|5
3646  87
161  79
253  29
292  100
231  48
486|12
231  91
47  99
110  94
153  68
474  81
95  58
288  78
329  87
161  74
318  95
292  76
6  66
487|12
6  66
8961  65
318  80
1198  68
31658  78
1197  87
6539  72
5445  78
116797  64
4027  74
8874  63
86377  49
488|20
86377  32
838  97
608  64
1223  93
26  77
5135  55
2109  82
7720  36
7303  78
4014  56
5995  74
457  100
105  89
1136  82
272  51
1269  100
3176  57
1278  81
1125  94
910  74
489|20
910  61
86000  61
4848  83
736  65
8387  32
4700  86
45666  55
4720  69
2683  67
2021  63
2389  0
1619  74
950  48
58559  74
2236  57
2167  56
1616  14
247  59
376  43
2717  66
490|20
2717  68
89492  82
81591  74
91077  47
60074  49
5816  62
4144  79
54001  59
1  77
1784  79
7153  74
4993  78
89759  75
86320  64
60128  60
76251  66
8368  59
69122  59
2006  63
78499  69
491|13
78499  77
69757  100
7293  91
27808  95
4246  86
3948  74
104374  93
86833  84
140110  95
8529  94
180231  77
4306  88
88405  85
492|20
88405  71
784  61
628  76
858  77
852  87
64  98
990  79
830  66
743  74
62  96
52  38
1499  83
66  87
1210  88
881  73
1474  54
1405  81
724  85
1047  71
65  74
493|13
65  93
4444  71
2916  95
1275  100
2571  76
1527  72
2028  77
3793  63
2167  74
1215  89
4701  58
2924  80
260  83
494|5
260  91
4498  53
3578  85
2028  71
1210  86
495|20
1210  77
115149  83
1259  100
1721  80
136562  73
80489  72
19  72
50872  88
231  95
102123  77
52319  90
7254  100
7360  62
8528  100
1645  60
46578  100
30810  92
2918  75
148626  82
56775  65
496|6
56775  87
99149  67
858  74
904  91
8865  63
114713  67
497|11
114713  92
112556  59
112290  81
1916  34
92259  75
2329  73
112552  69
1258  85
2762  53
5349  70
111362  81
498|7
111362  55
231  65
648  93
10  80
300  78
356  87
316  62
499|6
316  70
2337  75
38304  74
327  94
56286  73
1304  84
500|18
1304  80
2987  87
543  61
2700  85
2542  82
1265  69
2916  78
356  54
3301  71
1784  84
1914  50
595  99
2355  64
3536  50
1885  82
322  75
838  39
720  100
501|9
720  48
62  80
93  50
45  73
3  19
637  51
11  99
18  62
662  70
502|7
662  83
1077  89
4412  89
3469  61
2001  100
2520  68
1777  44
503|19
1777  61
7361  72
4878  64
356  82
91500  17
593  78
527  23
858  85
4226  74
1259  78
1342  69
2877  86
92509  64
90866  84
500  60
441  85
48516  93
2858  84
48394  69
504|18
48394  83
5812  65
2321  73
1  92
3556  88
7153  77
6708  64
1288  91
6927  74
4033  69
4700  62
6565  86
342  65
3408  76
6879  61
4361  56
5952  89
5955  72
505|7
5955  100
4105  91
1029  85
74685  82
273  74
6502  97
54999  80
506|9
54999  85
54272  97
37741  76
56782  100
62293  52
51834  50
49286  75
112556  62
61024  58
507|5
61024  48
266  91
253  62
377  73
593  79
508|5
593  78
2011  93
1952  13
1175  11
898  55
509|20
898  64
130073  64
2028  80
87232  79
33830  66
5313  31
48  46
2090  63
2080  46
6942  44
8907  61
6156  64
5816  72
39  61
3988  42
6807  69
7458  66
1196  71
45447  56
616  66
510|20
616  29
7026  55
35836  91
494  43
1198  68
514  61
457  78
2935  55
858  90
2699  34
317  43
8949  68
2918  53
145  52
1262  67
6787  71
1208  40
372  15
1242  35
40819  67
511|11
40819  84
53953  66
115149  84
164179  72
6534  64
99114  86
92259  100
318  97
2324  79
1653  87
56757  79
512|10
56757  70
150  76
349  56
47  85
350  70
442  63
457  84
50  100
317  44
593  87
513|7
593  73
318  86
2174  76
235  88
1304  68
1220  70
1080  61
514|20
1080  68
5704  68
62586  68
168358  68
180263  68
1704  100
2005  77
2792  63
2013  71
1673  73
134130  98
76093  72
1333  66
58998  82
68157  79
2406  78
3210  51
54503  83
4855  76
1644  61
515|6
1644  99
2028  94
527  96
91529  83
58559  100
2959  96
516|26
2959  80
457  78
480  74
647  72
708  65
1042  67
1090  73
1197  82
1198  84
1954  72
1958  70
2021  68
2259  69
2268  76
3052  70
3471  73
4027  79
4291  68
4306  79
4321  72
4322  70
4333  68
4337  70
4349  69
4361  67
4429  70
517|20
4429  44
53125  44
1265  42
165489  45
97938  44
88744  57
86880  79
4148  59
26761  45
3398  67
1293  3
3988  7
2858  73
4963  95
1204  70
1704  51
47629  25
7669  45
1206  55
46578  51
518|5
46578  54
2657  64
783  87
1876  38
6365  30
519|6
6365  86
356  97
140110  73
6378  100
7445  81
1968  100
520|20
1968  75
318  90
1049  77
59315  89
4995  92
32  89
2716  83
4333  100
1291  75
1732  78
4085  85
2723  70
3081  73
3994  83
33493  78
135  91
2393  84
60516  86
2406  60
1584  53
521|8
1584  86
112  64
86  74
104  71
58  88
79  76
52  70
852  70
522|20
852  95
81932  86
89492  100
63113  64
2959  90
1193  63
1375  49
4993  73
223  78
27611  42
76060  68
180  54
59315  99
1617  90
10  89
67255  78
2023  68
6187  72
318  100
127098  65
523|15
127098  97
8970  84
5989  93
318  100
91529  93
1721  90
293  100
65261  90
4270  86
3147  97
27731  88
134130  97
31696  95
527  91
101962  86
524|20
101962  100
150  57
552  60
748  21
344  70
442  70
253  32
1225  73
20  21
589  78
1242  95
544  67
173  74
1302  70
380  77
457  79
1020  58
788  93
193  40
466  46
525|20
466  68
317  69
6863  79
8622  60
33004  65
7147  69
2396  69
40815  64
137337  76
1639  72
1968  84
91869  68
45880  74
2100  55
339  72
4886  72
50872  70
86332  70
8983  72
3996  60
526|12
3996  98
55247  78
46578  93
176415  74
1295  87
90430  80
4014  68
2352  65
176413  74
215  100
81845  85
51255  80
527|20
51255  83
3114  98
3210  92
3016  93
2161  96
4571  87
2118  100
3421  100
455  72
2867  100
2450  73
1909  71
1214  68
4299  70
736  86
2477  84
588  100
4016  90
1259  98
2533  82
528|15
2533  67
2278  25
80906  59
4037  61
1240  71
64614  80
3821  96
150  72
1291  80
80463  96
593  95
99813  46
85342  52
48516  54
58559  70
529|5
58559  58
135  53
65  52
62  81
733  78
530|6
733  89
500  86
300  67
586  43
593  80
11  68
531|5
11  89
590  95
919  48
480  79
1215  100
532|10
1215  77
4863  77
457  91
290  64
1245  82
1242  100
2023  90
2329  87
1304  82
517  81
533|8
517  98
6502  92
79132  82
46578  94
93840  92
4973  99
2455  93
66934  77
534|20
66934  76
97913  81
94953  68
2003  68
2167  78
7569  82
153  65
1485  77
65514  86
104218  69
344  65
2571  81
5445  83
95875  62
112818  82
82461  75
96610  79
2987  84
138036  73
1566  77
535|6
1566  85
2581  65
2700  82
2688  25
2583  95
2882  65
536|8
2882  69
272  71
356  84
335  65
225  60
150  89
434  47
589  87
537|10
589  74
367  86
7153  66
53322  89
104218  82
97304  76
6539  100
318  86
89745  100
105504  70
538|8
105504  83
3671  74
80549  79
4039  96
69757  72
5047  81
44889  76
66934  34
539|8
66934  79
6753  72
5218  67
50872  91
88  57
3301  59
4886  81
69122  82
540|9
69122  77
2959  95
1073  84
8874  83
1681  36
2183  91
2841  84
2747  63
1196  85
541|18
1196  73
457  100
413  32
15  100
110  100
595  63
597  75
480  98
356  72
203  56
529  92
357  100
22  75
345  77
546  44
586  85
281  88
350  78
542|20
350  85
30793  71
5299  70
2542  70
34319  100
33679  76
4963  74
5481  43
1997  70
4025  100
3623  51
924  29
4369  38
6378  97
2571  76
7254  67
41566  63
37733  92
7361  56
45517  77
543|16
45517  83
1702  100
595  93
3301  100
231  93
2378  92
2379  100
86882  92
6377  100
588  92
377  96
48385  31
2571  90
4526  100
4388  100
92259  91
544|22
92259  79
3  67
14  70
32  79
40  70
62  73
68  69
95  63
116  69
619  68
626  70
648  70
650  69
694  66
736  64
780  70
839  66
1042  67
1047  69
1059  66
1105  71
1356  75
545|5
1356  87
1267  55
2763  96
1367  69
44  47
546|13
44  73
3328  75
480  45
1970  83
2456  66
1976  73
589  100
2657  48
1673  44
3941  62
3959  61
3566  100
1977  87
547|5
1977  56
2859  100
2917  86
1394  100
1288  78
548|26
1288  72
260  80
356  84
733  71
1196  81
1393  73
1477  70
1621  69
2571  83
2716  77
3263  69
3578  78
3916  75
4776  75
4899  65
5955  70
6874  79
7458  70
8531  69
49910  70
58559  83
74532  69
80862  70
122904  73
125916  68
168712  70
549|5
168712  72
2028  72
4226  56
1210  51
589  71
550|6
589  74
102125  73
106782  96
116797  92
112852  82
122882  88
551|20
122882  81
34162  74
60069  74
1544  54
45186  72
103772  65
51935  89
4226  74
2353  84
7153  58
5989  68
135569  59
115149  64
88129  49
134130  94
6934  81
47  77
4701  67
2959  71
98809  77
552|20
98809  96
3317  91
1405  51
2953  35
2245  53
2944  89
2890  52
2125  52
508  39
3948  70
5349  54
2959  69
2857  71
173  32
2991  54
2871  81
2628  64
4308  96
4878  61
3101  29
553|17
3101  94
3481  100
1923  95
2571  75
4011  100
50  84
3949  50
1089  97
44199  77
5513  81
2231  100
2395  38
3052  82
61257  81
1221  86
33166  83
2959  100
554|18
2959  78
1022  90
2820  78
1207  100
1517  83
1282  64
1210  100
1760  61
2282  98
1225  96
907  79
1358  98
2096  80
1028  75
593  100
608  56
953  100
2324  84
555|20
2324  74
3664  74
1  93
3111  85
3395  75
104  92
1334  56
2506  55
2072  64
4002  58
1266  97
2641  44
2256  75
2791  92
2701  30
1333  76
1320  38
337  90
1393  86
3526  83
556|7
3526  74
122890  86
3081  80
88125  100
588  76
72998  93
74789  73
557|6
74789  67
231  42
1291  58
260  85
1210  62
150  58
558|12
150  70
5064  67
4903  100
2297  57
2568  90
4993  63
4306  79
367  55
5283  79
1097  52
4164  76
5294  71
559|20
5294  56
608  84
355  44
329  56
544  63
1527  80
173  55
377  66
745  77
174  56
529  78
350  60
349  60
533  74
836  62
1210  82
420  55
786  62
227  57
253  89
560|20
253  70
91535  64
136018  72
67997  73
79132  89
3253  50
142558  70
2355  78
39435  73
1527  80
40414  69
64614  81
48744  66
56587  64
593  79
76251  65
84944  80
109313  70
5878  75
40819  84
561|20
40819  66
5308  76
78469  61
3703  60
60069  82
91535  59
2105  46
73017  66
5445  60
2000  76
83134  79
79132  81
79592  59
80463  74
89745  87
527  69
8972  51
353  50
33162  72
68157  92
562|20
68157  78
6870  99
6377  100
2580  96
1249  94
4776  87
36529  69
1259  89
1982  47
2268  74
2133  100
83134  90
3210  68
48394  85
30707  89
33836  96
2692  92
88163  90
99191  78
1240  81
563|20
1240  66
70932  66
80858  66
919  92
74450  67
588  84
5943  63
118997  67
86833  82
1197  64
128832  66
85397  66
45221  54
33499  74
7380  73
96821  61
81784  61
95307  66
65585  66
55250  63
564|20
55250  67
356  95
31685  75
131013  70
61024  58
79224  92
87869  81
500  59
108156  81
81784  70
93270  82
6188  40
106918  64
65230  77
67087  56
80693  61
94677  65
8984  32
73266  67
2671  60
565|6
2671  65
231  66
19  60
21  85
50  82
539  64
566|15
539  69
10  63
231  64
329  53
342  91
141  60
203  78
345  62
39  100
497  74
265  86
588  68
708  71
353  53
2  55
567|20
2  50
26743  50
92681  50
109897  50
152071  50
5690  51
136602  53
122888  50
6333  37
1274  82
122922  68
153070  50
151687  50
117877  50
108928  39
954  55
122924  64
27773  52
648  56
135887  29
568|23
135887  82
147  73
296  85
356  84
480  74
593  83
765  67
1103  72
1104  76
1257  71
1298  75
1895  71
2313  71
2359  72
2863  68
3053  70
3148  69
3261  70
3363  74
8169  70
46723  72
63853  68
65088  68
569|5
65088  74
50  89
380  100
588  84
592  84
570|20
592  62
8636  78
48516  83
1225  59
586  50
2683  53
457  69
1196  75
110  75
4993  60
7361  73
1198  77
1079  78
10  53
3793  62
1391  62
589  88
380  67
527  75
185  70
571|20
185  62
2982  62
2366  71
1128  61
610  65
2902  63
1998  60
3696  62
1980  62
1987  62
70  48
1924  76
2279  82
1327  61
3732  60
1972  73
1278  68
1644  24
2327  71
1978  45
572|20
1978  85
2570  62
2788  73
2321  57
111  98
904  100
2987  75
2302  49
1834  91
2539  77
2917  74
1307  82
1  61
161  69
3421  71
838  87
1356  71
2006  62
3167  78
1953  89
573|20
1953  100
72998  76
3752  67
356  85
7293  77
6754  83
8665  81
32587  91
1073  98
88744  82
1127  92
68954  85
98809  95
2640  80
48516  99
71535  95
59369  80
60069  82
88140  80
1562  67
574|23
1562  78
110  77
150  74
153  59
161  73
185  64
225  69
231  60
292  67
296  85
300  69
316  68
318  88
329  69
339  67
344  61
380  70
410  65
434  63
588  73
592  69
593  83
595  73
575|8
595  78
2580  89
296  81
2581  77
2572  48
2542  77
2574  57
2598  61
576|5
2598  48
1321  69
1373  92
1479  64
2289  80
577|20
2289  67
1183  68
1288  79
1129  68
2944  52
2194  99
733  83
1213  92
2076  70
2020  72
1262  72
1931  65
1391  67
2987  51
952  70
1909  59
260  71
919  99
2248  72
1270  81
578|6
1270  74
52668  74
45668  64
830  52
72407  71
75446  74
579|15
75446  91
2485  59
1022  70
2018  67
838  94
1917  48
1391  84
596  65
1573  67
2965  78
1653  79
2599  65
892  72
2687  67
595  70
580|20
595  70
6583  70
480  73
8844  70
6989  68
3809  81
41569  74
3699  99
4041  43
33166  84
356  68
508  64
8376  50
3578  69
608  56
3785  22
3089  68
1320  100
54286  67
1201  71
581|8
1201  87
5995  82
4973  85
116797  80
3949  79
4306  90
109487  80
6377  99
582|12
6377  100
2959  80
116797  78
4993  92
5618  83
2571  84
76251  71
69844  84
104841  68
48516  86
97752  80
76093  97
583|12
76093  61
88405  87
2706  62
117590  60
317  57
60756  70
6942  66
595  45
46578  87
104  61
2694  60
7451  75
584|17
7451  71
22  63
203  77
315  79
500  100
316  64
539  78
234  54
296  86
257  66
434  80
586  79
338  81
349  68
282  72
480  95
590  84
585|13
590  85
1228  86
54503  74
2959  100
428  94
1405  62
7254  89
441  73
1805  100
296  86
27373  81
5325  79
79132  100
586|20
79132  100
4016  77
111659  64
106002  78
149406  85
167036  80
45499  72
136556  80
5445  92
117851  82
1291  86
71264  85
106489  97
135436  82
3753  80
2640  90
3147  89
122916  88
3793  85
101362  87
587|20
101362  91
628  55
2012  60
534  97
2002  71
1641  100
236  89
1376  100
2622  61
1541  72
3260  74
497  89
3082  40
445  83
3448  87
2574  71
765  58
691  75
329  80
3406  63
588|12
3406  100
16  53
20  54
356  70
350  62
198  100
593  79
364  79
163  46
253  62
223  83
3  67
589|8
3  100
318  70
590  98
373  63
586  45
587  60
527  81
337  71
590|20
337  81
8807  73
2371  74
38061  80
81834  86
40815  73
4890  60
903  74
5  64
3624  68
555  71
4047  68
51662  64
2085  71
419  58
595  78
329  80
2376  55
3635  68
2398  68
591|11
2398  45
2706  100
2712  14
2355  99
3615  64
3578  69
2394  40
3798  90
356  92
223  51
2724  43
592|19
2724  47
2  63
153  83
415  92
110  90
177  65
420  60
380  100
44  40
788  60
588  91
163  64
204  37
610  77
39  86
419  100
253  79
432  72
240  75
593|20
240  85
1073  90
1086  68
1617  79
4034  67
41566  46
1197  77
344  60
8368  70
339  66
2959  74
8961  49
5816  76
2797  46
4896  74
588  66
595  69
5952  65
377  38
141  41
594|20
141  79
2671  100
7115  80
1616  100
5943  100
1188  67
2269  100
1733  58
4902  75
6996  85
780  66
1429  71
6140  72
7046  70
39  35
595  71
799  82
2028  86
8482  79
7169  76
595|5
7169  74
50  80
1186  49
1199  77
1966  86
596|20
1966  66
43744  66
182793  66
129397  65
128908  66
1  71
142488  65
122922  79
4310  71
71838  82
4025  70
2501  56
110102  85
149406  61
2774  66
5502  62
8665  68
6537  54
2571  93
345  60
597|20
345  57
490  72
3040  66
2529  100
2858  56
903  82
3039  91
2000  92
1291  100
357  69
1228  100
1845  88
2411  68
1580  74
1148  85
1198  100
2723  69
485  53
592  77
2692  95
598|5
2692  63
8360  29
593  99
114265  70
103543  66
599|496
103543  58
26567  58
26590  58
26676  58
26854  58
27595  58
34800  58
53450  58
60803  58
69131  58
74696  58
79895  58
84523  58
87960  58
92674  58
98799  58
102735  58
102852  58
104017  58
105020  58
122433  58
157865  58
158874  58
160978  58
161044  58
174727  58
179053  58
1801  52
6035  68
3387  57
33437  52
112  70
5995  48
167706  58
4394  58
836  43
7235  47
8809  64
102749  58
89087  49
42011  58
432  39
471  50
5628  48
1015  51
2  62
2269  47
69  53
3947  64
79091  63
104837  58
4037  43
7587  63
6881  55
1449  68
7225  57
81229  60
68952  79
4728  67
5081  64
33966  58
1779  43
3669  58
87197  58
170297  58
79057  53
95965  58
55207  58
4007  62
1220  49
80831  64
46723  59
71282  70
7757  51
3259  40
92309  61
1376  56
7192  52
4654  54
101423  58
53468  44
62662  58
3174  31
3698  60
2882  53
2359  58
1183  55
2792  55
1095  85
8387  22
53125  15
115713  100
2949  82
2471  36
3  74
1231  80
3861  66
240  58
1480  55
2301  67
1445  41
8045  58
586  0
2942  62
1185  60
4594  58
2474  65
3671  62
3196  64
64839  58
98697  58
2606  45
1777  72
5309  40
7022  55
4873  53
541  73
27311  65
43921  51
67734  39
4240  58
5026  66
168  35
33493  54
4125  42
7354  59
207  75
1094  55
742  29
1609  55
1042  62
3362  91
4553  55
4632  54
2278  19
468  77
122904  81
75416  58
42718  62
4285  58
79274  66
1794  58
45081  41
108192  58
3489  57
3503  45
89804  72
163809  58
577  51
3071  35
1204  61
3981  28
95771  58
45382  63
6548  64
59387  73
166528  68
168492  61
6691  58
605  48
424  35
2991  39
248  45
97950  58
3865  58
1216  42
342  63
35836  48
27772  51
176419  59
151781  58
277  30
6320  60
39381  69
5111  58
4090  64
2450  36
2676  58
2356  45
79702  87
1597  50
410  59
1721  46
3702  71
183301  58
1387  67
2072  49
26729  66
2393  25
4247  31
4591  52
1032  57
3087  88
1895  57
634  46
210  53
2074  64
51575  47
3505  70
5247  40
481  42
4215  42
1355  38
2657  45
2028  92
4011  53
420  31
552  53
1196  73
2395  61
5303  34
1752  56
3186  48
4310  38
1784  76
3200  73
7254  60
688  60
473  50
1079  64
1552  44
1148  68
1544  53
63113  56
2325  56
26649  73
6804  58
161  53
4109  57
34332  56
1653  62
4808  49
7707  58
3468  86
502  22
1221  78
1792  66
68319  48
6787  73
2119  35
3884  46
4254  41
3973  31
103609  58
8934  58
5377  61
42632  62
55290  65
4506  56
7840  68
5568  70
1689  35
7005  58
103228  53
59947  58
786  44
4351  77
172253  58
4679  22
1411  57
117630  58
1590  44
112623  78
3146  51
8984  41
1920  59
519  33
179817  62
3979  58
3741  59
44020  53
26630  58
7285  57
3030  76
1021  9
8638  42
87  54
7153  80
2877  38
2018  54
3173  42
5198  58
7101  57
7701  13
3213  71
26159  60
2339  58
33896  62
2000  48
4006  53
136562  70
37382  52
6645  72
171763  94
8528  100
27008  58
4017  58
4167  49
86142  61
1249  74
3255  60
736  40
2779  59
84414  66
27773  55
2083  58
98499  49
4034  53
119828  58
1993  61
94864  63
6631  39
2321  50
26242  57
3703  55
41566  75
2529  88
1968  75
8914  63
3257  36
159403  58
1036  70
76093  70
5103  48
6947  67
1952  63
2124  35
4084  44
6016  86
778  61
81  46
2171  63
1253  83
4275  53
7982  76
3723  73
849  54
2681  57
6565  61
39414  58
122916  61
6440  70
8917  67
72011  72
1605  52
1240  72
923  59
68157  66
5961  58
5053  58
3571  60
2403  50
3871  78
44238  58
72226  65
7004  26
2054  30
62970  55
5159  47
354  57
122924  57
48774  83
1394  72
3763  75
70286  72
1904  82
3969  75
81562  47
102590  58
233  61
4155  49
1031  45
76  41
459  50
1097  60
1178  65
60291  59
3328  46
1232  64
3036  42
5283  30
4327  67
610  71
2726  59
4732  40
5970  53
2396  50
594  67
1247  80
45499  45
3476  51
2399  45
137218  58
1997  54
3271  67
27801  58
6365  81
1799  41
580  14
122900  53
2803  57
80219  42
466  18
110882  59
3997  39
26176  58
2378  46
117895  38
26662  64
90603  61
119218  58
44  48
809  62
1960  60
4519  54
1959  54
414  30
1073  50
61236  56
1479  45
4019  76
1245  83
37857  57
161032  58
371  63
3020  63
88593  58
6774  70
2005  53
90405  46
26285  58
6793  54
627  57
1617  74
6734  32
108090  58
2427  72
51024  58
122922  59
3440  58
6874  79
4919  57
338  48
81591  84
1704  92
1499  38
357  48
62155  57
144  59
34148  59
53519  70
4504  58
2796  33
216  52
6827  24
1429  50
7445  62
1385  79
90471  57
8425  58
10  64
26542  56
7387  72
72998  53
89470  55
3629  71
1297  22
3424  54
1672  73
44761  48
196  61
70703  58
2383  40
180  62
4040  1
6333  58
4440  72
5291  59
88235  63
1639  71
4580  26
153236  58
86190  65
4477  26
103027  58
32291  51
34811  58
5171  41
122260  58
8784  68
5954  51
8798  63
707  39
880  64
314  54
61323  77
600|20
61323  33
1394  62
3785  48
2717  39
5569  61
4306  77
1206  66
56775  52
2015  67
7  29
2013  43
262  64
1210  84
1060  40
2431  63
2077  66
2423  12
4641  64
527  47
5076  58
601|20
5076  79
68157  91
1262  91
106782  98
60069  91
49272  93
5445  85
1193  93
1207  94
79132  93
904  96
166024  85
1917  78
7153  98
2324  87
170697  78
31658  90
5989  88
88810  90
2571  100
602|20
2571  48
19  41
350  67
494  65
14  79
471  41
125  60
434  58
235  46
481  42
315  65
371  92
474  69
527  86
21  84
349  52
440  87
339  42
480  98
163  63
603|20
163  66
803  66
2008  66
2577  66
3459  66
4787  64
2912  92
1769  46
485  88
4420  66
920  58
1  61
2706  45
1844  81
3787  74
1222  85
190  89
2716  68
3983  67
101  83
604|20
101  69
292  60
151  79
329  46
410  45
426  86
435  60
316  64
22  58
235  76
181  39
332  66
273  100
637  41
285  69
173  91
588  56
23  100
553  69
1  74
605|20
1  65
6787  68
1197  67
5667  65
42738  53
51662  66
7373  55
596  40
780  76
4571  70
2316  37
7454  55
150  66
60040  62
8977  39
3269  55
72982  65
1210  76
62376  61
60937  63
606|20
60937  69
563  69
583  69
3808  69
4671  69
4840  69
5856  69
6111  69
6573  69
8685  69
32728  69
55805  69
3147  89
4392  72
2311  58
6308  50
50842  67
6591  70
8270  72
2025  72
607|20
2025  92
1610  67
448  64
3147  96
1094  0
1307  88
592  57
204  36
1552  87
527  49
3476  89
296  89
2313  79
3440  53
423  100
1518  97
2118  100
2193  81
380  71
2028  75
608|20
2028  70
2997  61
3793  70
2763  78
174  36
2000  23
1214  76
919  45
2700  43
4161  59
5146  50
1639  19
541  94
473  63
2529  71
522  85
4343  71
1909  48
2431  91
1220  67
609|8
1220  84
833  57
356  82
339  51
454  69
318  85
208  59
292  54
610|20
292  73
58975  73
70206  73
78626  73
82765  73
97988  73
107447  73
107462  73
110591  73
110746  73
118082  73
139655  73
160341  73
86644  67
56801  50
61024  87
77561  59
4816  83
62434  80
3972  69
